526.3748
529.103
532.8451
535.274
536.6808
539.576
541.9711
544.0748
545.6202
547.3165
549.1169
551.3403
553.2065
554.4941
555.6592
557.9827
558.7342
560.8489
562.0842
563.1305
565.0681
566.4052
567.3047
568.5631
569.8253
571.2418
572.1494
573.0386
575.1081
576.0074
577.1227
577.9987
578.8979
579.2982
580.5928
582.1095
583.621
584.9257
585.4049
587.3644
588.1256
588.9624
590.7909
591.6785
593.0842
594.3207
595.5905
596.5078
597.2659
597.8558
598.7384
599.5043
599.8821
600.1811
600.3548
600.8156
601.6925
602.3517
602.8906
603.3992
604.506
605.3935
606.4589
606.7366
607.1384
607.9131
608.3878
608.7908
609.1555
609.689
610.5831
610.6392
610.9448
611.5754
611.6136
612.0382
612.5497
613.1312
613.4791
614.5311
615.3048
616.0988
616.8868
617.4244
617.6076
618.2879
619.0864
619.5155
620.0143
620.5485
621.3137
621.6363
622.1378
622.6079
622.7271
623.2065
624.2345
624.7332
625.2943
626.0434
626.3735
626.7592
627.3115
627.7094
627.7217
628.2184
628.955
629.2652
629.6138
629.6869
629.5479
629.4891
629.93
629.9282
630.2435
630.6278
630.9057
631.1545
631.7288
632.1004
632.5346
632.9046
633.422
633.6511
633.7668
634.3384
634.4479
634.5205
634.6941
635.2966
635.731
635.8365
636.222
636.7823
637.3344
637.4996
638.035
638.8037
639.0323
638.9066
639.5422
640.2239
640.9499
641.4396
641.8933
642.2206
642.6891
643.0682
643.4343
643.9078
644.2758
644.6052
645.2302
645.722
645.9752
646.5576
647.015
647.2543
647.6488
647.968
648.3264
648.7902
649.1478
649.4979
649.7946
650.1475
650.7369
651.2134
651.5362
651.824
652.2376
652.7469
653.2713
653.7028
654.1701
654.6959
655.2179
655.8219
656.3452
656.7021
656.8678
657.2214
657.6074
657.9397
658.2318
658.4413
658.6885
659.0206
659.2687
659.4882
659.6628
659.947
659.8691
660.1354
660.384
660.6245
660.7484
660.9277
661.0574
661.0361
661.3937
661.902
662.1717
662.2206
662.2179
662.6202
663.1477
663.533
663.774
664.3602
664.83
665.1453
665.6904
666.0674
666.357
666.682
666.8527
667.325
667.6847
667.9512
668.2181
668.4315
668.5222
668.6047
668.7874
669.0731
669.2908
669.4997
669.6459
669.7768
669.9022
670.2091
670.433
670.5189
670.692
670.7437
671.0404
671.3787
671.6161
671.9766
672.1914
672.3567
672.6618
673.03
673.1892
673.4714
673.6396
673.7307
673.7217
673.8159
673.9953
674.1256
674.2119
674.3295
674.4512
674.5307
674.757
674.8167
675.0299
675.1936
675.3556
675.5979
675.7525
675.9067
676.0126
676.2758
676.3751
676.5131
676.795
677.0115
677.2328
677.4315
677.6073
677.9526
678.2571
678.4985
678.8484
679.0798
679.3579
679.4638
679.707
679.9059
680.1515
680.4048
680.6026
680.8318
681.0881
681.2679
681.515
681.6823
682.0178
682.1926
682.3223
682.4385
682.5294
682.6902
682.7567
682.9069
683.0534
683.1635
683.2822
683.4478
683.5811
683.9114
684.1276
684.2615
684.3127
684.3913
684.4963
684.6343
684.6833
684.7169
684.6839
684.7662
684.8516
684.8591
684.9099
684.881
684.9002
684.9415
684.8417
684.9035
685.0542
685.0522
685.3786
685.5994
685.9645
686.3164
686.449
686.5486
686.6021
686.613
686.7643
686.8578
686.9297
686.931
687.0876
687.1654
687.272
687.4514
687.6763
687.7821
687.8044
687.8557
687.9153
688.0596
688.1521
688.2972
688.3851
688.4152
688.597
688.7634
688.8199
689.0316
688.9941
689.2078
689.3613
689.3054
689.3794
689.5602
689.5427
689.6362
689.6949
689.6969
689.7599
689.937
689.9895
690.0483
690.2202
690.3448
690.5266
690.7339
690.899
691.0664
691.2044
691.4801
691.6274
691.6229
691.6093
691.5859
691.6495
691.7097
691.8049
691.7521
691.851
691.9158
691.9631
692.1803
692.3057
692.5031
692.7338
692.7992
692.8867
692.9437
692.9583
692.9698
693.0104
693.1176
693.2446
693.3588
693.3451
693.3575
693.4495
693.2992
693.4348
693.5624
693.5424
693.7323
693.8354
693.8091
693.8617
693.8619
693.9424
694.0945
694.1503
694.4333
694.6531
694.7342
694.8534
695.1058
695.209
695.3347
695.4124
695.515
695.634
695.7991
695.918
696.0352
696.1951
696.3276
696.3693
696.4968
696.6371
696.7338
696.977
697.1974
697.3401
697.4762
697.505
697.4854
697.5592
697.6505
697.746
697.8065
697.8989
697.8743
698.0365
698.1431
698.246
698.2659
698.306
698.3557
698.369
698.378
698.4848
698.5565
698.6699
698.8436
698.9025
698.9688
699.104
699.1356
699.1849
699.2437
699.4022
699.4692
699.4805
699.5889
699.6665
699.7949
699.8708
699.9789
700.1137
700.2676
700.4627
700.6613
700.7428
700.944
701.116
701.2192
701.2552
701.4145
701.4674
701.5082
701.5499
701.5145
701.5855
701.6601
701.6709
701.7297
701.8275
701.8911
701.9482
702.0578
702.158
702.3543
702.6491
702.813
703.0001
703.0444
703.1556
703.3019
703.4047
703.4493
703.5332
703.5186
703.5863
703.6611
703.7495
703.7377
703.8238
703.9282
703.9626
704.0755
704.0605
704.1242
704.1787
704.178
704.3268
704.4188
704.5931
704.8209
704.9182
704.9841
705.0809
705.0828
705.185
705.3686
705.4131
705.6014
705.67
705.7851
705.8149
705.9535
706.0983
706.2428
706.3064
706.3398
706.4055
706.5241
706.6404
706.723
706.73
706.909
706.9552
706.9955
707.095
707.1577
707.1903
707.2273
707.317
707.374
707.4257
707.5122
707.5559
707.5123
707.6021
707.5873
707.681
707.7385
707.8508
707.9811
708.027
708.0286
707.969
708.1343
708.1637
708.2738
708.3461
708.4944
708.5312
708.5312
708.5316
708.5533
708.6152
708.5453
708.7027
708.7608
708.8091
708.8338
708.7974
708.828
708.8439
708.8812
708.9858
708.9319
709.2266
709.4042
709.5012
709.5411
709.5889
709.6177
709.707
709.8369
709.8588
709.9142
709.9913
710.0775
710.062
710.0859
710.174
710.195
710.2242
710.324
710.3856
710.5232
710.6127
710.6425
710.6569
710.6151
710.7203
710.8257
710.8981
710.8368
710.9764
711.1245
711.2451
711.2676
711.2142
711.2976
711.3698
711.3315
711.4273
711.4044
711.4668
711.572
711.6631
711.7952
711.8839
712.0231
712.2114
712.3558
712.5527
712.6201
712.6113
712.652
712.7437
712.7601
712.8604
712.9921
713.0535
713.0851
713.106
713.1556
713.1562
713.1761
713.1563
713.1968
713.1931
713.1863
713.184
713.201
713.1725
713.1599
713.1366
713.2422
713.3791
713.5649
713.5872
713.6022
713.6001
713.5627
713.5766
713.7005
713.7649
713.7789
713.7989
713.8255
713.8511
713.8747
713.9702
713.9722
713.9963
714.0455
714.0339
714.0505
714.0612
714.061
714.0923
714.1686
714.199
714.1893
714.1583
714.2261
714.2969
714.2599
714.3337
714.4046
714.431
714.4496
714.5021
714.5738
714.7095
714.7606
714.7681
714.7962
714.8135
714.8224
714.7641
714.8053
714.8095
714.7554
714.8367
714.8854
714.8398
714.9052
714.8931
715.0108
715.0873
715.0994
715.1573
715.1552
715.2573
715.2886
715.3619
715.365
715.4122
715.4304
715.5134
715.603
715.5744
715.6562
715.7502
715.8224
715.8676
715.9908
716.0586
716.0086
715.9357
715.8954
715.9345
715.9648
715.957
715.9204
715.9346
715.9731
715.9706
715.8706
716.049
715.9481
715.9407
716.0277
716.1086
716.1588
716.2016
716.2438
716.3472
716.3484
716.411
716.5657
716.7277
716.7004
716.8384
716.9449
717.0644
717.2381
717.2977
717.3248
717.3317
717.3519
717.3082
717.3167
717.3232
717.3093
717.3387
717.3445
717.2136
717.3375
717.4803
717.4839
717.4391
717.4429
717.4211
717.4126
717.3857
717.5062
717.5361
717.5453
717.5725
717.6248
717.6805
717.8093
717.9275
718.1276
718.1609
718.2305
718.2963
718.4157
718.5789
718.6857
718.7195
718.7646
718.764
718.7953
718.8209
718.8869
718.9398
719.0354
719.0234
719.0861
719.1111
719.1671
719.2094
719.1828
719.19
719.2088
719.2306
719.2852
719.3434
719.381
719.4501
719.5213
719.587
719.5655
719.6074
719.6754
719.6989
719.8235
719.8397
719.8801
719.8585
719.9188
720.0313
719.9238
719.9647
719.9959
720.0508
720.0296
720.0099
720.1976
720.3577
720.3977
720.4892
720.5118
720.5406
720.6751
720.6953
720.7271
720.7271
720.7787
720.7661
720.7887
720.8511
720.8591
720.8694
720.8313
720.8099
720.8437
720.8854
720.8954
720.8345
720.9282
720.8983
720.9171
720.9962
720.9887
721.0507
721.0992
721.1042
721.1566
721.1407
721.2192
721.2658
721.3063
721.2968
721.3141
721.3381
721.2971
721.3082
721.3975
721.4089
721.3908
721.4617
721.5327
721.5292
721.6034
721.5698
721.6071
721.6432
721.6525
721.6746
721.744
721.841
721.9431
721.9543
722.0192
722.011
722.0028
722.0294
722.0039
722.0199
722.0411
722.0806
722.0927
722.1117
722.1321
722.1149
722.1493
722.1586
722.2038
722.1629
722.2374
722.2617
722.2603
722.2384
722.2299
722.3724
722.4562
722.4981
722.5502
722.6004
722.6532
722.6534
722.6545
722.6489
722.6543
722.6485
722.5746
722.5847
722.6882
722.6313
722.7323
722.6995
722.7555
722.893
722.9276
722.942
722.9641
722.9538
722.9636
722.9869
722.9849
722.9784
723.0009
723.012
723.0276
723.067
723.1007
723.1007
723.1007
723.1007
723.1009
723.1003
723.0988
723.0792
723.1017
723.0989
723.0843
723.0649
723.1449
723.1382
723.0829
723.1411
723.1229
723.0685
723.0447
723.0538
723.0665
723.1327
723.2728
723.3165
723.4639
723.5512
723.7056
723.7333
723.716
723.7733
723.7921
723.8871
723.9111
723.9158
723.9473
723.9601
723.9974
723.9775
723.9933
723.9642
723.9442
723.9323
723.8432
723.8051
723.845
723.8873
724.0204
724.1024
724.2061
724.2332
724.3963
724.3336
724.3813
724.4043
724.4482
724.3943
724.4302
724.3815
724.398
724.3834
724.4963
724.4752
724.5753
724.5143
724.485
724.6174
724.639
724.6779
724.636
724.7722
724.7544
724.7457
724.6317
724.5754
724.689
724.675
724.7972
724.8176
724.9163
724.9365
725.0338
725.1115
725.1697
725.2263
725.2269
725.2089
725.1922
725.1778
725.1854
725.2928
725.2938
725.2781
725.3019
725.3828
725.4027
725.4579
725.4573
725.4615
725.4827
725.5203
725.4592
725.4638
725.4807
725.478
725.2983
725.3831
725.4845
725.3714
725.3277
725.4642
725.4079
725.3769
725.4316
725.5159
725.6317
725.7985
725.8936
726.032
726.0822
726.1205
726.1705
726.3011
726.301
726.3037
726.2946
726.2742
726.3362
726.3428
726.4268
726.4333
726.4198
726.3942
726.4778
726.4944
726.5251
726.5507
726.5764
726.5487
726.5834
726.6005
726.6199
726.6559
726.6565
726.6992
726.7138
726.7137
726.8561
726.9144
726.9241
726.9171
726.8634
726.9528
726.9962
727.014
727.1303
727.1688
727.1992
727.1993
727.233
727.2748
727.3621
727.3768
727.4105
727.4132
727.4224
727.4224
727.4224
727.4224
727.4224
727.4232
727.4097
727.3778
727.3376
727.3446
727.2481
727.3368
727.3223
727.4073
727.5762
727.6901
727.7693
727.8606
727.9448
727.9448
727.9444
727.9448
727.9448
727.9411
727.9293
727.9354
727.9323
727.9294
727.9026
727.8609
727.8647
727.8458
727.8589
727.9131
727.9836
727.986
727.9807
728.0509
728.1299
728.1708
728.1583
728.1382
728.2047
728.1422
728.1274
728.2368
728.1746
728.2063
728.2937
728.2767
728.2922
728.3569
728.3613
728.3571
728.3737
728.4376
728.4053
728.3874
728.4634
728.4876
728.4819
728.5161
728.5588
728.6248
728.63
728.6305
728.6127
728.626
728.6171
728.619
728.5263
728.5801
728.5979
728.5581
728.5156
728.4919
728.4961
728.6025
728.5906
728.5874
728.669
728.774
728.8199
728.8278
728.8427
728.9214
728.9368
728.9992
728.989
728.9911
728.98
729.0097
728.9456
729.0108
728.9678
728.9805
728.9874
729.0862
729.1165
729.1509
729.1294
729.1874
729.1998
729.2412
729.238
729.317
729.3718
729.4529
729.485
729.4917
729.5331
729.5771
729.6151
729.6274
729.6448
729.6414
729.6428
729.6423
729.6035
729.5911
729.6797
729.7231
729.7719
729.7726
729.782
729.7604
729.735
729.7559
729.7479
729.7441
729.7787
729.7482
729.7465
729.6553
729.691
729.7664
729.6911
729.7401
729.7056
729.7059
729.6982
729.7819
729.7862
729.9171
729.9578
729.9944
730.0255
729.9932
730.0131
730.0323
729.9851
730.0842
730.0547
730.1796
730.1731
730.1985
730.2894
730.2948
730.3548
730.4774
730.5188
730.5852
730.642
730.6632
730.626
730.6472
730.642
730.7443
730.748
730.7654
730.7469
730.8087
730.7948
730.8456
730.949
731.0044
731.0275
731.0557
731.0271
731.0719
731.0811
731.0708
731.0417
731.2017
731.2424
731.3103
731.4125
731.478
731.5822
731.5663
731.5978
731.6879
731.7113
731.7704
731.7883
731.8044
731.8071
731.7991
731.7662
731.772
731.7889
731.8062
731.8004
731.83
731.8267
731.883
731.8538
731.8754
731.9152
732.0784
732.074
732.1369
732.089
732.0479
732.1496
732.1609
732.1879
732.3293
732.3494
732.3934
732.4065
732.4044
732.4434
732.4277
732.4941
732.4867
732.5036
732.5356
732.5338
732.5688
732.5951
732.6086
732.6279
732.6163
732.624
732.619
732.6179
732.5751
732.6061
732.5667
732.6415
732.6274
732.5533
732.6268
732.6438
732.55
732.6956
732.6439
732.6998
732.7721
732.8315
732.8503
732.8724
732.9135
732.9084
732.8718
732.8398
732.799
732.8979
732.9584
732.9306
732.8265
732.9046
733.0102
732.9353
732.9559
732.9818
732.9626
733.0776
733.0065
733.0892
733.1031
733.2201
733.2558
733.2132
733.2168
733.2837
733.2417
733.3077
733.4165
733.4767
733.4941
733.4767
733.5026
733.5234
733.5396
733.5506
733.5358
733.5679
733.564
733.5306
733.5002
733.5108
733.5825
733.5112
733.4764
733.5919
733.5918
733.6447
733.6975
733.7225
733.6979
733.7222
733.7639
733.7437
733.7499
733.6959
733.7271
733.561
733.7684
733.68
733.6846
733.7631
733.8074
733.8662
733.934
733.9604
734.0724
734.1533
734.1835
734.2271
734.2419
734.2617
734.2405
734.2531
734.261
734.2078
734.2715
734.2568
734.2532
734.3044
734.2442
734.2851
734.2922
734.3732
734.3896
734.448
734.4602
734.4509
734.455
734.4426
734.459
734.4691
734.3958
734.4113
734.3668
734.4114
734.4863
734.4863
734.4863
734.4866
734.4776
734.412
734.4378
734.3547
734.4338
734.4
734.4529
734.4591
734.4635
734.4251
734.497
734.5212
734.5809
734.5665
734.5983
734.6003
734.6081
734.5734
734.4946
734.6732
734.6408
734.5917
734.5834
734.6652
734.6298
734.5761
734.5167
734.5806
734.5139
734.5363
734.7405
734.7455
734.812
734.7374
734.8292
734.7837
734.8723
734.9586
734.8673
734.9337
735.0576
735.0714
735.0949
735.0696
735.0259
735.0227
734.9676
734.9652
734.9824
734.8478
734.8759
734.8776
734.8444
734.8384
734.8967
734.8241
734.833
734.808
734.8841
734.8592
734.9163
734.9135
734.879
734.9405
734.9237
734.9731
735.0363
735.0824
735.1078
735.1689
735.3253
735.3865
735.355
735.4525
735.5515
735.5247
735.5511
735.5164
735.5786
735.5311
735.562
735.5338
735.5515
735.519
735.453
735.5049
735.5038
735.454
735.4022
735.3878
735.3145
735.4194
735.3748
735.4629
735.4077
735.471
735.3945
735.3731
735.4497
735.4217
735.5147
735.4998
735.5468
735.636
735.6887
735.8318
735.8633
735.9247
736.0015
736.002
736.011
736.0527
736.058
736.033
736.0651
736.0638
736.0402
735.9949
735.9961
736.0248
736.0945
736.1044
736.0433
736.0479
736.1167
736.1517
736.1472
736.1538
736.1037
736.1514
736.0752
736.0307
736.1068
736.1287
736.1075
736.0685
736.0568
736.1578
736.2236
736.2128
736.2804
736.2955
736.1975
736.3143
736.2202
736.264
736.2596
736.3805
736.4451
736.4363
736.4083
736.5137
736.4755
736.4957
736.5831
736.7297
736.74
736.6915
736.6722
736.7786
736.7361
736.7224
736.7968
736.8613
736.8351
736.878
736.9631
737.0023
737.0686
737.0451
737.0563
737.0404
737.0526
737.025
737.0824
737.0937
737.0963
737.0842
737.0723
737.0474
737.0493
736.9917
737.0135
737.0546
737.1916
737.2652
737.2789
737.2871
737.2108
737.2081
737.2774
737.3366
737.3386
737.3281
737.3208
737.2998
737.299
737.3701
737.3366
737.2569
737.2798
737.2819
737.2779
737.1986
737.2404
737.1583
737.3101
737.2174
737.3387
737.2652
737.3282
737.3632
737.3818
737.3167
737.2458
737.3329
737.2521
737.2804
737.3683
737.477
737.525
737.496
737.5204
737.6142
737.6298
737.6833
737.8403
737.9442
737.9069
737.8987
737.8696
737.8932
738.0195
738.0848
738.2242
738.3004
738.3407
738.3845
738.4079
738.4147
738.4163
738.3912
738.3973
738.3316
738.3971
738.4755
738.481
738.4636
738.4859
738.5031
738.4977
738.4819
738.4995
738.4292
738.4013
738.4432
738.4038
738.3475
738.4086
738.4462
738.479
738.5153
738.5408
738.6041
738.5318
738.5022
738.5546
738.5819
738.5017
738.5613
738.5066
738.4537
738.5511
738.5875
738.6385
738.5536
738.6891
738.587
738.5782
738.5717
738.5981
738.5687
738.6317
738.6475
738.6862
738.8184
738.892
738.8997
738.9384
738.9828
738.9948
739.1106
739.0876
739.1311
739.1454
739.1468
739.2042
739.2194
739.2205
739.2479
739.1942
739.2303
739.2976
739.3226
739.343
739.4456
739.4593
739.4877
739.5498
739.5687
739.5725
739.5918
739.614
739.6178
739.5842
739.5676
739.6038
739.5772
739.6077
739.6485
739.7122
739.7736
739.8601
739.8646
739.8781
739.9003
739.9053
739.9053
739.9053
739.9053
739.8935
739.9053
739.9053
739.8856
739.9053
739.8976
739.9053
739.9053
739.9053
739.9053
739.9053
739.9053
739.8911
739.9053
739.8959
739.9053
739.9055
739.9055
739.8954
739.827
739.7886
739.8793
739.8655
739.8749
739.8953
739.8722
739.8454
739.8815
739.8751
739.9868
739.9686
739.9877
739.9644
739.9241
739.952
740.0149
740.017
740.017
740.017
740.017
740.0134
740.017
740.017
740.0148
740.0114
740.0153
739.9854
739.9505
739.9721
739.8998
739.9482
739.9062
739.889
739.9304
739.9608
740.02
740.0878
740.0557
740.0308
740.028
739.9808
739.9442
740.022
740.0612
740.0159
740.0437
740.1535
740.2261
740.1917
740.2504
740.239
740.1807
740.2284
740.2712
740.2961
740.3049
740.3118
740.3124
740.2971
740.303
740.2918
740.3305
740.2797
740.2063
740.2546
740.2455
740.1979
740.183
740.1901
740.2617
740.228
740.2784
740.3524
740.3658
740.3463
740.321
740.3453
740.3564
740.4607
740.4305
740.3801
740.3905
740.3889
740.3743
740.3902
740.3787
740.4587
740.4193
740.4432
740.3833
740.3871
740.4401
740.3192
740.4777
740.4735
740.5509
740.5678
740.485
740.5627
740.5507
740.6085
740.6085
740.6085
740.6085
740.6047
740.5882
740.603
740.6086
740.6053
740.606
740.5747
740.5833
740.4829
740.575
740.5518
740.5958
740.6083
740.6732
740.7056
740.7126
740.7137
740.7469
740.8002
740.7922
740.7834
740.8033
740.8026
740.8052
740.7639
740.7077
740.7728
740.6537
740.7994
740.6204
740.7892
740.6469
740.7504
740.8589
740.8915
740.8583
740.8755
740.9069
740.9425
740.9686
740.9984
740.9963
741.0427
740.9776
741.0192
741.058
741.0609
741.1284
741.1403
741.1601
741.2401
741.242
741.2328
741.2343
741.1976
741.2249
741.2131
741.2162
741.196
741.1915
741.1989
741.2182
741.2501
741.2654
741.2926
741.3052
741.3307
741.3216
741.2747
741.2986
741.2852
741.2463
741.2375
741.2857
741.3747
741.4607
741.4921
741.4619
741.4851
741.4689
741.4715
741.4808
741.5441
741.5737
741.5791
741.5319
741.6967
741.7031
741.6845
741.7042
741.7358
741.8369
741.8544
741.8618
741.8555
741.9044
741.8975
741.8951
741.9117
741.8959
741.9117
741.8535
741.9832
741.9744
741.9014
742.0162
742.0049
742.0602
742.1456
742.1849
742.2231
742.2499
742.2797
742.2775
742.2485
742.2367
742.2535
742.1912
742.187
742.2312
742.1172
742.1564
742.2845
742.2591
742.2984
742.3456
742.3473
742.3702
742.397
742.3969
742.3939
742.4207
742.4052
742.4076
742.4348
742.4182
742.4115
742.4435
742.4383
742.4579
742.4235
742.4332
742.4031
742.4039
742.3717
742.3741
742.4348
742.4778
742.457
742.4697
742.3774
742.4204
742.405
742.5131
742.6249
742.6402
742.6261
742.6661
742.7612
742.7594
742.7818
742.7839
742.8256
742.837
742.819
742.8055
742.8074
742.81
742.757
742.7962
742.7665
742.7747
742.7853
742.8167
742.8037
742.7154
742.793
742.7773
742.8923
742.8951
742.8961
742.8855
742.887
742.8781
742.8898
742.8612
742.8873
742.8566
742.8728
742.8444
742.8918
742.8846
742.8543
742.8199
742.8087
742.7704
742.8322
742.8521
742.7908
742.7052
742.8323
742.7665
742.6465
742.6583
742.7127
742.7146
742.759
742.7464
742.7905
742.7608
742.8009
742.8551
742.8677
742.9104
742.8804
742.8813
742.8157
742.7969
742.7659
742.8874
743.1702
743.0685
743.0968
743.1172
742.9919
742.9617
742.9944
743.152
743.1549
743.1978
743.0752
743.1212
743.0958
743.1011
743.0847
743.2156
743.0833
743.144
743.1295
743.2012
743.1831
743.3029
743.2845
743.4487
743.4396
743.5925
743.5744
743.6287
743.624
743.5754
743.6022
743.6422
743.6349
743.6512
743.6255
743.5999
743.5205
743.6424
743.6649
743.6649
743.6649
743.6649
743.6649
743.6646
743.6603
743.6152
743.606
743.615
743.6071
743.5729
743.558
743.5263
743.6198
743.6048
743.6204
743.498
743.6275
743.6022
743.5631
743.6726
743.7778
743.83
743.8456
743.8099
743.8069
743.7519
743.8294
743.746
743.7714
743.681
743.7903
743.7585
743.8176
743.6907
743.7583
743.6894
743.6485
743.7284
743.6467
743.5541
743.6931
743.6301
743.6624
743.8292
743.8617
743.8964
743.9968
743.9226
744.0591
744.1797
744.2222
744.2297
744.2637
744.278
744.2195
744.3397
744.3267
744.3073
744.3168
744.3345
744.3566
744.3566
744.3566
744.3488
744.35
744.3467
744.3644
744.3666
744.3752
744.3991
744.3973
744.3914
744.4022
744.4093
744.4093
744.4093
744.4093
744.4093
744.4093
744.4093
744.4093
744.4093
744.4094
744.3822
744.4067
744.3895
744.3475
744.3474
744.3232
744.3191
744.2753
744.2729
744.3515
744.3682
744.3893
744.2518
744.367
744.3398
744.3439
744.4183
744.473
744.4824
744.4799
744.4634
744.436
744.4728
744.4532
744.4568
744.4086
744.4394
744.3932
744.4084
744.3916
744.452
744.4415
744.473
744.5049
744.4928
744.509
744.4828
744.3992
744.3548
744.3156
744.3304
744.3986
744.3347
744.4907
744.4224
744.4459
744.4653
744.3943
744.4933
744.4147
744.4611
744.3797
744.4296
744.4418
744.5172
744.5335
744.5207
744.529
744.5446
744.6349
744.6408
744.6396
744.6181
744.6488
744.6256
744.6716
744.6537
744.6749
744.6768
744.6232
744.7094
744.712
744.6968
744.692
744.7138
744.7103
744.7149
744.6813
744.6631
744.6227
744.6505
744.6589
744.6957
744.7815
744.7718
744.7536
744.7863
744.741
744.7769
744.7957
744.8169
744.8407
744.8361
744.8599
744.8652
744.7958
744.8482
744.9164
744.9374
744.8857
744.8906
744.8597
744.9376
744.9763
744.9579
745.0219
745.0801
745.0863
745.0863
745.0863
745.0863
745.0863
745.0818
745.0831
745.0853
745.084
745.0818
745.0801
745.0865
745.0796
745.0701
745.0811
745.0815
745.0765
745.0648
745.0293
745.0735
745.1143
745.105
745.1089
745.0809
745.0936
745.1027
745.1425
745.1446
745.1485
745.1724
745.1881
745.1891
745.154
745.1208
745.1192
745.1276
745.0651
745.0869
745.0715
745.1001
745.0935
745.1271
744.9931
745.1838
745.2169
745.304
745.34
745.345
745.2913
745.3118
745.3079
745.282
745.3345
745.3284
745.3312
745.3242
745.3031
745.3474
745.2868
745.3208
745.4073
745.4978
745.5363
745.6128
745.6181
745.6733
745.6833
745.6619
745.5946
745.6241
745.6317
745.6716
745.7343
745.7447
745.7527
745.7884
745.7805
745.7719
745.7942
745.7886
745.7786
745.767
745.7596
745.6797
745.6707
745.6442
745.7279
745.5953
745.6696
745.5939
745.6661
745.7892
745.749
745.8654
745.8835
745.9283
745.994
746.0061
746.0195
746.0377
746.0421
746.053
746.053
746.0541
746.0572
746.0396
746.0574
745.9963
746.0337
746.157
746.157
746.157
746.157
746.1459
746.157
746.157
746.157
746.157
746.157
746.157
746.1573
746.1573
746.1578
746.1583
746.1531
746.1483
746.1538
746.1345
746.1832
746.1642
746.1597
746.1525
746.1305
746.1725
746.2065
746.2202
746.2167
746.2524
746.254
746.2628
746.269
746.2747
746.2737
746.2747
746.2747
746.2689
746.2747
746.2723
746.2747
746.2747
746.2749
746.2727
746.268
746.2546
746.2298
746.2319
746.2339
746.0601
746.2195
746.1942
746.1559
746.2205
746.2922
746.243
746.2396
746.3205
746.3717
746.34
746.2979
746.2562
746.2781
746.2562
746.2712
746.2941
746.3101
746.4074
746.4423
746.4271
746.4304
746.4659
746.4521
746.431
746.4236
746.4293
746.4771
746.4564
746.4921
746.5872
746.5535
746.592
746.5442
746.5576
746.5767
746.658
746.6082
746.6631
746.6916
746.6916
746.6916
746.6916
746.6795
746.6916
746.6916
746.678
746.6803
746.6916
746.6843
746.6898
746.689
746.6764
746.6916
746.6916
746.6916
746.68
746.666
746.6914
746.6776
746.6828
746.6202
746.6052
746.6872
746.7155
746.7215
746.7169
746.7487
746.749
746.749
746.749
746.7454
746.7452
746.749
746.7465
746.749
746.7491
746.7369
746.7104
746.7428
746.6563
746.6732
746.7244
746.7659
746.7018
746.6763
746.6932
746.6389
746.6678
746.734
746.7197
746.6697
746.6833
746.6892
746.684
746.624
746.5984
746.6467
746.6039
746.6488
746.7123
746.842
746.8153
746.8071
746.7708
746.8316
746.8366
746.8907
746.8879
746.882
746.9129
746.8685
746.8452
746.8394
746.7181
746.8879
746.8505
746.8655
746.7665
746.8199
746.7721
746.8663
746.9202
746.9013
746.9874
746.9694
747.0956
747.1055
747.1486
747.085
747.1459
747.1042
747.2017
747.2173
747.2527
747.2452
747.2432
747.2656
747.2953
747.2869
747.299
747.2996
747.2996
747.2996
747.2778
747.2908
747.2996
747.2896
747.2749
747.2971
747.2947
747.2977
747.2871
747.2913
747.2137
747.2573
747.2346
747.2766
747.2862
747.2872
747.2429
747.2714
747.284
747.287
747.2806
747.2626
747.2565
747.2949
747.2781
747.2701
747.2352
747.2327
747.2366
747.1848
747.2309
747.2568
747.2753
747.2543
747.2767
747.2561
747.2492
747.2492
747.1709
747.2148
747.1237
747.0881
747.1234
747.2151
747.2753
747.2709
747.1929
747.1631
747.1986
747.1766
747.2137
747.1025
747.129
747.0934
747.0603
747.0104
747.1227
747.4036
747.3173
747.3666
747.2975
747.3606
747.3372
747.413
747.4044
747.3766
747.4939
747.473
747.4904
747.4409
747.4458
747.4199
747.5141
747.5057
747.4571
747.4601
747.4511
747.4748
747.4615
747.4719
747.555
747.5196
747.4602
747.4406
747.5555
747.5347
747.4937
747.4332
747.4496
747.5068
747.5361
747.5333
747.567
747.6677
747.6624
747.6766
747.6844
747.7161
747.7285
747.7285
747.7098
747.7285
747.7285
747.7285
747.7285
747.7285
747.7285
747.7285
747.7285
747.724
747.6551
747.6994
747.6364
747.6906
747.7451
747.7451
747.7451
747.7451
747.7263
747.7453
747.7453
747.7449
747.7454
747.7366
747.7132
747.7155
747.6934
747.71
747.6962
747.6992
747.7117
747.6689
747.6118
747.5122
747.5556
747.6342
747.5858
747.5621
747.5875
747.5728
747.5826
747.6522
747.6772
747.6619
747.769
747.7679
747.8112
747.8203
747.8023
747.7452
747.7423
747.8135
747.7759
747.9099
747.884
747.8791
747.8345
747.8141
747.8325
747.8817
747.8681
747.8834
747.9387
747.9398
747.977
747.9897
747.9839
748.0212
748.0123
748.0212
748.0195
748.0154
748.0212
748.0212
748.0212
748.0212
748.0102
748.0158
748.0212
748.0212
748.0212
748.0045
747.9775
747.9791
747.9843
747.9926
747.9271
747.9084
748.0043
748.0203
748.0753
748.0121
748.0126
748.0496
748.0843
748.0872
748.0869
748.0546
748.0622
748.0419
748.0558
748.0611
748.0769
748.041
748.1247
748.1191
748.1735
748.1629
748.1722
748.1688
748.1522
748.1724
748.1743
748.1348
748.1273
748.0455
748.0966
748.0383
748.1183
748.2521
748.2684
748.2735
748.2735
748.2735
748.2678
748.2735
748.2735
748.2735
748.2665
748.2735
748.2735
748.2701
748.2736
748.2667
748.2336
748.2329
748.1408
748.234
748.1837
748.1127
748.1349
748.1917
748.225
748.3079
748.3065
748.308
748.2927
748.2868
748.2703
748.2152
748.2327
748.2933
748.2534
748.1893
748.1757
748.1523
748.1143
748.0853
748.1713
748.2015
748.1381
748.1519
748.2258
748.1302
748.1804
748.2324
748.2115
748.3085
748.3419
748.406
748.4142
748.3908
748.3868
748.3652
748.3693
748.4512
748.4136
748.405
748.3781
748.3818
748.4869
748.4744
748.4966
748.5322
748.541
748.5436
748.5451
748.5497
748.5377
748.5497
748.5497
748.5497
748.5372
748.5322
748.5185
748.3942
748.4735
748.4729
748.4384
748.4222
748.4592
748.4645
748.4345
748.3733
748.3867
748.5164
748.5254
748.4579
748.4141
748.4286
748.3791
748.4283
748.3354
748.41
748.4758
748.4589
748.4397
748.4771
748.5047
748.542
748.5531
748.5886
748.5543
748.5634
748.4925
748.4858
748.4073
748.4227
748.4683
748.5556
748.6151
748.6168
748.6168
748.6168
748.6168
748.6125
748.6076
748.6088
748.6071
748.6149
748.6235
748.659
748.659
748.6499
748.659
748.659
748.659
748.6569
748.6591
748.6457
748.6532
748.5928
748.6185
748.6113
748.6271
748.6151
748.6396
748.5989
748.6163
748.6094
748.5259
748.576
748.605
748.5597
748.552
748.5763
748.6069
748.5784
748.5637
748.6531
748.6516
748.6437
748.6622
748.6381
748.6249
748.6926
748.6808
748.6953
748.6826
748.7013
748.7098
748.7065
748.7089
748.713
748.6939
748.7028
748.6619
748.6615
748.6985
748.7437
748.7346
748.7262
748.7401
748.7363
748.7593
748.7369
748.7134
748.7744
748.803
748.8002
748.8057
748.7917
748.8348
748.8353
748.8363
748.8313
748.8363
748.8328
748.8363
748.8363
748.8314
748.8176
748.8366
748.8369
748.8379
748.8127
748.8064
748.8342
748.8353
748.8434
748.7377
748.797
748.7621
748.7161
748.741
748.7988
748.8147
748.811
748.7343
748.773
748.8377
748.9434
748.903
748.8813
748.887
748.9374
748.9166
748.941
748.9312
748.9595
748.9975
749.0131
749.0314
748.9824
748.9925
749.0012
748.9822
749.0138
748.9696
748.9785
748.9808
749.0085
749.0713
749.1068
749.0209
749.0482
749.0862
749.0557
749.1554
749.1899
749.2292
749.2837
749.239
749.2774
749.2596
749.3475
749.3152
749.3443
749.3539
749.3539
749.3499
749.354
749.354
749.3414
749.3268
749.3268
749.2584
749.3225
749.2893
749.3055
749.2949
749.3137
749.3745
749.3905
749.3959
749.3959
749.3959
749.3942
749.3961
749.3928
749.3964
749.3832
749.3462
749.3548
749.3185
749.2646
749.2749
749.204
749.1999
749.239
749.2761
749.2957
749.2902
749.2853
749.2129
749.2283
749.3312
749.437
749.4755
749.3951
749.4037
749.3995
749.3755
749.4343
749.4243
749.4535
749.4541
749.4911
749.4426
749.4111
749.4093
749.4736
749.4137
749.4276
749.3986
749.3398
749.3614
749.3643
749.4041
749.403
749.3695
749.3327
749.4312
749.4625
749.593
749.6567
749.681
749.6778
749.7827
749.7155
749.7457
749.7195
749.798
749.7983
749.8276
749.8113
749.8258
749.8544
749.8544
749.8513
749.8545
749.8546
749.8453
749.8158
749.848
749.8046
749.7424
749.7149
749.8577
749.856
749.8466
749.8564
749.874
749.9115
749.9186
749.9161
749.9585
749.9733
749.9816
749.9822
749.9833
749.9777
749.9763
749.9977
749.9944
749.9622
749.9319
749.923
749.8985
749.9218
749.9197
749.8934
749.8743
749.861
749.8034
749.8764
749.8888
749.9178
749.9642
749.8569
749.9046
749.9719
749.9764
750.1223
750.1226
750.1226
750.1226
750.1226
750.1226
750.1226
750.1226
750.1226
750.1179
750.1226
750.1226
750.1226
750.1149
750.1226
750.1226
750.1226
750.1226
750.1226
750.1226
750.1226
750.1213
750.1221
750.1226
750.1226
750.1226
750.1226
750.1226
750.1226
750.1024
750.1226
750.1226
750.1169
750.1226
750.1226
750.1226
750.1226
750.1169
750.114
750.0718
750.0649
750.0937
750.1006
750.079
750.0424
749.927
750.0358
750.0721
750.1107
750.1401
750.1519
750.1519
750.1505
750.1519
750.1519
750.1497
750.1519
750.1522
750.1511
750.1546
750.1296
750.1363
750.1079
750.1014
750.1198
750.1346
750.1313
750.0968
750.1214
750.1043
750.1192
750.1984
750.1294
750.1903
750.2381
750.2525
750.2581
750.259
750.2548
750.2593
750.2593
750.2599
750.2606
750.2616
750.2628
750.2651
750.2683
750.2646
750.2683
750.2683
750.2596