515.0988
511.3759
507.8734
504.0512
500.509
498.2331
497.049
494.0067
491.4087
490.2276
489.2157
487.1781
485.8654
484.474
483.6137
482.8548
481.9462
481.5481
481.5938
480.1539
478.8311
477.7175
475.2441
474.3932
472.8475
471.7378
470.5838
469.8208
469.5358
467.9921
466.9828
466.3372
464.953
463.653
462.6488
461.651
461.8603
460.5578
460.4166
460.0999
458.4344
457.807
457.6582
457.2448
456.1602
455.6113
454.75
453.4871
453.1487
452.1345
450.398
449.5629
448.3967
447.4113
445.7286
443.9579
442.7065
441.6311
440.7622
439.8906
439.0355
438.3493
437.1564
435.6003
434.0807
432.4555
432.0081
430.9804
430.2179
429.6771
428.9929
427.9455
428.1012
427.2149
426.5365
425.9853
425.2048
424.8651
423.5811
423.0712
422.8287
421.6366
420.4931
419.6544
417.9224
417.2283
416.0749
415.489
414.8274
414.441
413.8514
413.3079
413.0235
412.7324
412.2362
411.5679
410.6144
409.8693
409.5057
409.1037
408.9643
408.5473
408.0684
407.8205
407.0358
406.5086
405.8557
405.3015
404.7863
404.0668
403.6053
402.9873
401.9544
400.9833
400.604
400.3835
399.9159
399.1808
398.7481
398.1412
398.0309
397.8391
396.8345
396.4132
395.8154
395.3991
394.9719
394.1692
393.8708
393.0967
392.5914
392.1283
391.4732
391.0974
390.3465
389.4269
388.574
387.7834
387.5902
387.6656
387.4236
386.8168
386.7776
386.3245
385.8262
385.1738
384.7032
384.3163
384.2133
383.92
382.9826