526.21
523.437
522.4711
515.7753
511.9424
508.3599
509.7431
506.4026
501.4722
499.6685
501.9859
500.6535
494.2987
493.3516
493.348
493.6448
491.4109
490.1344
492.4033
492.1687
489.3642
490.3049
486.5333
484.1649
487.5835
481.2138
478.5836
477.664
477.4018
476.6637
476.8092
475.8787
473.3346
473.3538
470.1256
469.6162
471.3633
469.5081
468.2966
469.6915
466.1016
464.6165
464.9475
464.0171
462.2123
462.574
462.5247
460.0623
459.2141
460.2087
458.6948
456.6858
453.875
453.9441
453.7008
451.5609
448.4535
447.1123
446.6189
446.1588
443.7014
443.3806
443.8321
441.3895
440.9138
439.3339
436.6462
437.968
435.4686
436.266
433.631
433.5117
433.6944
433.5266
432.5369
432.9319
431.438
431.3419
429.0186
429.3423
429.6788
429.978
426.4469
427.006
422.6366
421.3917
420.3485
420.8591
418.2152
418.3712
418.6077
417.1104
416.526
416.5114
416.2721
416.2787
414.9667
413.7974
412.8035
413.9622
413.6638
412.7309
412.2054
412.4804
412.2556
411.1717
409.7239
409.867
408.5249
409.9187
407.9233
408.7889
406.8823
405.2361
404.6701
404.5916
404.6535
403.4024
403.3671
402.786
402.5185
403.3868
402.3282
401.6469
401.2013
399.3886
400.4227
398.5457
399.0333
396.9464
396.6014
397.3645
396.0786
394.8978
394.4065
392.9662
392.6178
391.1382
391.3367
391.2797
391.5861
390.7642
390.9004
390.9584
391.1498
389.2141
389.6652
387.7489
388.6391
388.1375
386.1526