500.9989
496.4418
491.7478
487.7154
487.1614
487.1614
482.887
481.6066
480.6055
480.6055
475.5437
475.5437
475.5437
474.5584
474.1683
473.7727
473.7068
466.6302
466.6302
466.6302
466.6302
463.1475
463.1475
462.755
462.755
462.755
459.7199
459.7199
458.6265
458.6265
455.5252
455.059
454.9164
454.9164
453.1349
453.1349
451.0107
451.0107
451.0107
450.828
450.828
450.828
450.6422
448.6742
447.3594
447.3594
446.7796
446.7796
446.7796
445.8195
445.4769
443.5816
441.6504
438.8622
438.466
438.226
438.226
434.9841
434.4809
433.6325
433.1785
430.6315
430.1989
428.6377
427.7829
427.7829
426.0427
425.1035
422.0973
420.2134
420.2134
420.2134
420.2134
419.6019
419.6019
418.0351
417.6889
416.7463
415.3252
415.3252
415.3252
414.9721
414.4091
414.2579
412.7596
411.9589
411.5154
410.1557
410.1557
410.1557
409.7412
409.5047
407.8927
406.8863
406.8863
406.8863
406.3787
406.0426
404.7782
404.4976
403.6786
403.6786
403.6786
402.6207
402.0694
401.1394
398.4588
398.4588
397.2215
396.6276
396.2044
396.2044
396.2044
396.2044
395.5444
395.5444
394.8519
394.1708
393.7103
393.0963
391.9616
391.9616
390.9358
390.9358
390.7468
389.5506
389.2336
389.2336
389.2336
389.1118
388.823
388.0653
387.6778
387.1224
385.7825
385.7825
384.8422
384.77
384.1154
384.1154
382.6761
382.6761
381.728
381.728
381.728
380.9696
380.2509
379.5146
378.927
378.927
378.927