310
516
718
923
1127
1328
1530
1737
1945
2148
2353
2556
2758
2963
3169
3371
3574
3778
3984
4191
4398
4606
4812
5021
5226
5431
5635
5838
6044
6248
6453
6657
6865
7072
7282
7489
7696
7900
8103
8309
8515
8722
8929
9135
9343
9545
9747
9953
10159
10364
10569
10775
10982
11184
11386
11589
11796
11998
12201
12405
12615
12818
13023
13228
13431
13634
13837
14039
14247
14450
14654
14862
15063
15271
15473
15678
15883
16098
16303
16508
16711
16918
17129
17338
17541
17753
17965
18168
18374
18580
18786
18990
19193
19402
19605
19810
20012
20215
20419
20622
20827
21032
21234
21436
21639
21847
22049
22253
22459
22663
22865
23072
23277
23483
23687
23894
24097
24298
24505
24709
24917
25120
25327
25530
25734
25939
26143
26351
26556
26766
26968
27174
27379
27585
27791
27993
28197
28399
28603
28811
29018
29221
29426
29631
29835
30039
30241
30446
30654
30860
31066
31275
31480
31687
31890
32095
32302
32507
32710
32918
33123
33327
33534
33738
33943
34149
34352
34554
34760
34965
35170
35373
35581
35784
35993
36195
36401
36607
36812
37015
37221
37426
37630
37834
38035
38238
38446
38647
38852
39058
39263
39472
39678
39886
40092
40301
40509
40716
40922
41123
41325
41530
41734
41940
42141
42345
42550
42754
42960
43166
43367
43571
43774
43977
44184
44388
44591
44794
45001
45207
45412
45614
45819
46022
46228
46433
46637
46842
47046
47250
47452
47656
47862
48064
48267
48472
48678
48884
49088
49293
49500
49702
49907
50114
50319
50523
50730
50935
51138
51341
51549
51752
51955
52158
52361
52566
52766
52970
53173
53376
53579
53782
53983
54186
54387
54594
54795
55000
55207
55412
55616
55823
56027
56234
56442
56648
56849
57052
57254
57462
57668
57873
58079
58288
58491
58696
58901
59103
59306
59509
59714
59921
60126
60332
60535
60740
60947
61156
61365
61570
61775
61981
62189
62395
62600
62808
63013
63221
63425
63630
63833
64038
64243
64446
64652
64860
65065
65270
65472
65678
65882
66084
66290
66495
66697
66901
67102
67305
67509
67712
67916
68125
68329
68533
68737
68943
69149
69354
69558
69758
69959
70165
70372
70572
70779
70985
71191
71398
71603
71813
72017
72222
72426
72635
72838
73043
73247
73452
73658
73863
74069
74270
74477
74687
74894
75101
75305
75510
75715
75921
76126
76330
76537
76746
76955
77163
77365
77572
77779
77981
78186
78390
78600
78809
79012
79219
79424
79630
79837
80044
80250
80458
80662
80872
81077
81283
81489
81695
81900
82106
82313
82516
82725
82928
83138
83345
83550
83758
83962
84167
84371
84577
84782
84984
85186
85389
85595
85800
86004
86209
86415
86619
86828
87037
87239
87441
87646
87857
88065
88267
88468
88671
88874
89080
89286
89488
89691
89893
90099
90305
90514
90720
90925
91128
91333
91535
91741
91948
92150
92360
92564
92775
92982
93186
93391
93594
93798
94001
94206
94410
94615
94819
95022
95227
95432
95637
95840
96045
96252
96457
96664
96868
97074
97278
97482
97683
97887
98092
98294
98498
98703
98907
99113
99317
99523
99729
99935
100141
100344
100549
100753
100957
101161
101363
101566
101770
101975
102181
102385
102590
102793
103002
103210
103414
103619
103822
104027
104233
104434
104637
104847
105051
105262
105468
105676
105882
106085
106292
106502
106708
106912
107116
107324
107528
107731
107936
108139
108345
108547
108750
108957
109164
109370
109573
109775
109977
110186
110391
110594
110798
111007
111211
111414
111619
111825
112029
112232
112440
112648
112854
113057
113262
113469
113674
113877
114081
114283
114487
114692
114899
115104
115311
115516
115719
115923
116129
116333
116539
116745
116949
117149
117354
117560
117764
117969
118173
118375
118581
118786
118995
119199
119403
119607
119812
120016
120220
120426
120628
120833
121038
121244
121451
121653
121863
122068
122271
122478
122680
122890
123094
123300
123509
123716
123921
124127
124333
124538
124744
124948
125155
125367
125570
125774
125977
126185
126391
126595
126798
127003
127207
127412
127615
127816
128019
128226
128429
128632
128835
129041
129248
129454
129661
129865
130074
130278
130479
130682
130888
131090
131292
131499
131709
131911
132115
132321
132528
132731
132934
133138
133342
133543
133747
133956
134159
134364
134568
134773
134977
135184
135387
135592
135798
136001
136207
136415
136619
136822
137029
137235
137440
137647
137851
138053
138259
138466
138672
138877
139083
139289
139491
139693
139900
140103
140305
140509
140715
140920
141127
141331
141533
141737
141941
142146
142349
142557
142761
142968
143173
143384
143593
143798
144004
144209
144415
144619
144826
145029
145234
145438
145641
145847
146054
146256
146465
146669
146871
147078
147287
147494
147697
147903
148111
148319
148527
148730
148933
149136
149341
149543
149748
149953
150155
150364
150565
150771
150976
151181
151386
151591
151798
152003
152207
152414
152621
152827
153033
153235
153441
153644
153849
154054
154258
154462
154664
154871
155073
155276
155477
155682
155884
156090
156292
156498
156704
156908
157113
157317
157524
157728
157936
158141
158345
158548
158749
158958
159160
159366
159573
159776
159982
160187
160393
160598
160801
161006
161213
161418
161623
161829
162037
162242
162449
162656
162862
163067
163267
163471
163676
163883
164090
164297
164503
164705
164915
165115
165323
165526
165726
165934
166137
166343
166547
166751
166953
167159
167365
167571
167776
167981
168185
168390
168594
168801
169007
169211
169416
169622
169828
170031
170235
170439
170644
170847
171051
171257
171460
171664
171869
172072
172277
172483
172691
172898
173104
173309
173512
173722
173926
174132
174337
174544
174751
174957
175162
175372
175576
175783
175988
176192
176396
176598
176801
177005
177208
177413
177618
177821
178029
178234
178440
178649
178854
179059
179261
179469
179679
179886
180092
180296
180502
180707
180912
181116
181323
181529
181733
181940
182145
182348
182552
182756
182960
183164
183373
183577
183784
183986
184190
184397
184600
184807
185014
185221
185431
185636
185840
186047
186251
186453
186657
186864
187071
187274
187475
187684
187887
188088
188289
188494
188699
188905
189109
189316
189521
189727
189931
190134
190342
190546
190752
190955
191164
191372
191577
191779
191980
192185
192388
192596
192802
193004
193209
193414
193619
193819
194027
194232
194433
194639
194843
195045
195249
195452
195660
195866
196068
196273
196480
196685
196893
197101
197310
197514
197720
197927
198129
198335
198542
198746
198951
199154
199355
199562
199764
199967
200173
200380
200585
200794
200999
201203
201407
201608
201816
202017
202223
202428
202631
202832
203033
203243
203448
203652
203854
204060
204265
204468
204676
204883
205093
205297
205505
205711
205918
206119
206321
206524
206730
206938
207147
207356
207561
207763
207965
208172
208379
208581
208783
208989
209199
209406
209612
209816
210022
210229
210434
210638
210839
211047
211253
211456
211660
211867
212074
212283
212488
212694
212896
213104
213306
213510
213716
213919
214120
214327
214533
214734
214937
215142
215353
215559
215764
215968
216173
216377
216579
216782
216987
217193
217399
217606
217809
218017
218224
218432
218637
218842
219045
219251
219457
219667
219869
220073
220279
220485
220688
220893
221098
221301
221504
221708
221914
222117
222323
222529
222735
222939
223142
223349
223553
223756
223964
224168
224377
224582
224785
224989
225194
225398
225607
225811
226013
226220
226423
226629
226833
227039
227243
227451
227657
227863
228067
228275
228483
228686
228891
229103
229307
229511
229714
229916
230122
230326
230532
230738
230944
231146
231349
231553
231761
231966
232169
232375
232584
232785
232988
233197
233403
233608
233811
234013
234218
234426
234630
234835
235037
235247
235448
235653
235857
236060
236268
236476
236679
236881
237087
237290
237493
237700
237904
238107
238311
238518
238723
238927
239132
239337
239542
239752
239954
240157
240360
240565
240771
240974
241180
241386
241591
241795
242000
242205
242409
242613
242822
243025
243230
243438
243640
243847
244055
244262
244467
244673
244879
245086
245292
245495
245697
245901
246107
246314
246517
246721
246922
247131
247336
247542
247748
247956
248167
248373
248577
248784
248991
249198
249400
249604
249809
250013
250218
250418
250622
250826
251033
251237
251439
251644
251850
252053
252256
252459
252666
252871
253074
253279
253481
253683
253889
254098
254304
254510
254715
254923
255129
255335
255540
255741
255944
256150
256353
256555
256762
256965
257168
257374
257584
257788
257994
258203
258409
258621
258828
259033
259239
259442
259646
259851
260054
260256
260463
260664
260869
261074
261280
261487
261691
261897
262099
262302
262506
262712
262915
263127
263333
263537
263742
263948
264156
264361
264565
264768
264978
265181
265385
265588
265791
265995
266198
266407
266612
266814
267021
267227
267432
267637
267840
268044
268252
268456
268660
268869
269073
269279
269484
269687
269893
270096
270300
270506
270711
270918
271121
271328
271533
271743
271949
272151
272359
272564
272772
272977
273184
273389
273593
273798
274002
274208
274410
274615
274821
275028
275232
275440
275643
275849
276057
276259
276464
276671
276873
277075
277280
277482
277688
277892
278100
278305
278512
278719
278924
279129
279338
279544
279751
279955
280164
280368
280572
280777
280980
281185
281393
281600
281804
282008
282215
282420
282624
282829
283032
283243
283450
283659
283868
284074
284274
284483
284687
284891
285095
285297
285505
285712
285915
286119
286325
286530
286733
286935
287138
287346
287548
287754
287958
288161
288366
288569
288771
288972
289178
289386
289592
289795
289997
290200
290407
290610
290811
291015
291221
291425
291632
291836
292042
292246
292454
292660
292866
293067
293269
293475
293679
293886
294090
294294
294499
294705
294910
295115
295319
295525
295736
295938
296146
296350
296553
296761
296966
297169
297374
297578
297783
297994
298199
298402
298609
298809
299013
299220
299425
299631
299836
300039
300243
300447
300652
300854
301061
301269
301472
301679
301882
302087
302292
302497
302704
302911
303113
303318
303520
303726
303928
304133
304337
304537
304744
304950
305159
305363
305568
305773
305977
306178
306381
306588
306794
306999
307203
307409
307611
307816
308021
308228
308430
308637
308848
309052
309257
309462
309665
309868
310072
310273
310477
310679
310887
311090
311293
311495
311698
311902
312105
312312
312518
312725
312926
313130
313335
313537
313742
313948
314152
314359
314562
314767
314970
315175
315381
315586
315788
315993
316198
316406
316611
316816
317018
317224
317428
317634
317840
318048
318255
318458
318669
318873
319079
319284
319486
319687
319890
320095
320298
320503
320707
320915
321121
321323
321528
321733
321938
322142
322346
322547
322749
322956
323161
323365
323570
323774
323980
324183
324388
324591
324799
325007
325213
325416
325622
325832
326037
326242
326449
326656
326864
327070
327274
327480
327690
327895
328102
328305
328514
328717
328922
329125
329327
329532
329737
329941
330145
330351
330552
330762
330967
331171
331376
331580
331786
331988
332193
332399
332604
332811
333017
333219
333422
333622
333827
334029
334233
334441
334644
334846
335049
335253
335461
335668
335870
336074
336281
336488
336697
336899
337103
337309
337514
337718
337923
338129
338338
338544
338749
338957
339162
339366
339568
339772
339976
340179
340382
340586
340792
340997
341202
341406
341612
341819
342023
342227
342432
342639
342843
343049
343253
343460
343664
343868
344074
344281
344487
344693
344898
345103
345308
345511
345715
345920
346125
346333
346542
346748
346953
347157
347362
347566
347773
347981
348186
348388
348594
348797
348999
349202
349406
349611
349815
350020
350225
350429
350636
350840
351043
351251
351453
351658
351863
352071
352278
352481
352685
352890
353096
353299
353507
353711
353916
354119
354323
354529
354733
354938
355143
355348
355550
355758
355964
356168
356375
356578
356783
356986
357188
357391
357601
357808
358013
358219
358425
358626
358833
359037
359238
359441
359648
359855
360059
360263
360467
360671
360878
361085
361292
361496
361703
361905
362111
362315
362518
362724
362926
363128
363329
363534
363738
363942
364146
364351
364558
364761
364971
365176
365380
365584
365786
365994
366198
366402
366609
366818
367026
367230
367434
367637
367840
368045
368249
368453
368657
368863
369067
369269
369473
369677
369884
370087
370292
370500
370708
370915
371119
371323
371528
371731
371933
372138
372342
372547
372752
372957
373162
373366
373569
373772
373981
374183
374388
374597
374799
375001
375207
375412
375618
375820
376025
376229
376434
376641
376841
377046
377249
377452
377656
377860
378066
378270
378471
378677
378878
379082
379284
379489
379695
379900
380106
380312
380514
380722
380927
381133
381335
381540
381744
381948
382149
382353
382555
382757
382962
383165
383368
383573
383777
383980
384184
384390
384602
384806
385011
385213
385418
385622
385827
386033
386239
386443
386652
386857
387061
387266
387468
387671
387871
388074
388280
388488
388690
388894
389101
389305
389508
389712
389916
390122
390329
390536
390739
390943
391149
391358
391563
391772
391977
392181
392384
392588
392788
392993
393198
393402
393606
393813
394015
394219
394426
394631
394836
395041
395245
395452
395658
395868
396069
396273
396475
396680
396888
397093
397298
397505
397708
397910
398115
398325
398527
398732
398940
399150
399360
399562
399769
399975
400182
400386
400592
400799
401004
401207
401411
401615
401820
402029
402230
402436
402644
402845
403048
403254
403456
403662
403870
404078
404288
404494
404699
404904
405107
405312
405518
405723
405928
406131
406337
406542
406746
406950
407160
407364
407566
407773
407977
408186
408393
408596
408799
409005
409212
409420
409628
409833
410035
410242
410448
410651
410858
411064
411269
411474
411678
411885
412089
412293
412500
412706
412913
413116
413320
413526
413731
413934
414140
414344
414548
414750
414953
415160
415364
415575
415783
415988
416194
416400
416605
416808
417011
417214
417415
417618
417821
418027
418228
418432
418639
418842
419044
419249
419452
419657
419861
420064
420270
420477
420682
420887
421095
421297
421498
421702
421908
422113
422318
422521
422724
422929
423130
423336
423542
423752
423959
424165
424367
424575
424779
424983
425187
425389
425591
425799
426003
426213
426419
426624
426832
427040
427244
427450
427657
427862
428067
428271
428481
428684
428889
429092
429297
429502
429706
429913
430117
430322
430523
430731
430937
431145
431349
431552
431757
431963
432168
432370
432576
432779
432984
433194
433398
433607
433812
434016
434222
434424
434626
434835
435042
435245
435447
435648
435852
436056
436258
436464
436669
436875
437080
437284
437492
437696
437902
438108
438316
438519
438724
438930
439136
439341
439547
439751
439959
440164
440366
440569
440772
440975
441178
441384
441588
441791
441998
442203
442407
442613
442818
443021
443231
443435
443642
443844
444048
444251
444453
444658
444864
445066
445271
445472
445675
445881
446084
446288
446491
446694
446898
447106
447311
447514
447718
447921
448123
448327
448529
448735
448939
449142
449351
449558
449763
449967
450169
450374
450578
450781
450983
451188
451393
451600
451802
452007
452211
452422
452625
452834
453041
453246
453450
453652
453855
454061
454263
454468
454675
454879
455085
455287
455495
455699
455903
456108
456312
456516
456717
456924
457128
457336
457543
457748
457956
458161
458364
458570
458774
458980
459182
459383
459589
459795
460002
460209
460416
460624
460830
461033
461239
461445
461650
461858
462064
462268
462474
462678
462880
463090
463296
463504
463711
463920
464123
464326
464529
464733
464940
465143
465349
465554
465758
465959
466164
466371
466575
466779
466989
467198
467401
467606
467811
468021
468226
468430
468637
468839
469043
469249
469459
469667
469867
470072
470281
470485
470690
470895
471102
471306
471510
471716
471922
472126
472332
472535
472741
472950
473153
473356
473559
473760
473965
474167
474373
474576
474783
474985
475189
475393
475597
475800
476006
476209
476415
476618
476820
477024
477230
477437
477637
477843
478049
478255
478461
478663
478870
479074
479277
479483
479689
479891
480102
480311
480513
480718
480925
481127
481333
481538
481743
481953
482156
482360
482563
482766
482971
483177
483379
483585
483789
483993
484197
484401
484606
484812
485017
485221
485430
485639
485844
486049
486256
486468
486673
486878
487082
487288
487497
487701
487903
488105
488309
488513
488719
488923
489124
489333
489539
489743
489947
490153
490362
490567
490773
490977
491181
491390
491594
491796
492005
492212
492417
492627
492832
493036
493241
493445
493653
493858
494061
494265
494469
494672
494876
495078
495281
495485
495687
495893
496098
496306
496513
496719
496921
497126
497331
497535
497737
497942
498148
498355
498559
498764
498966
499171
499373
499578
499781
499984
500189
500392
500594
500801
501005
501211
501420
501621
501827
502030
502233
502439
502647
502849
503053
503259
503466
503672
503876
504079
504285
504490
504695
504898
505107
505309
505516
505719
505926
506134
506343
506550
506754
506959
507162
507365
507575
507778
507981
508187
508395
508600
508807
509012
509223
509428
509634
509837
510045
510248
510457
510658
510860
511062
511268
511472
511676
511884
512089
512294
512498
512703
512910
513111
513316
513526
513731
513935
514141
514346
514549
514753
514962
515163
515368
515574
515782
515984
516187
516391
516598
516806
517014
517217
517420
517625
517829
518032
518237
518449
518654
518862
519072
519276
519480
519682
519889
520094
520298
520502
520706
520909
521115
521319
521523
521728
521933
522135
522338
522546
522750
522955
523158
523365
523571
523774
523978
524185
524392
524598
524802
525007
525218
525422
525628
525829
526039
526244
526451
526658
526863
527070
527273
527478
527687
527891
528094
528303
528506
528709
528916
529122
529327
529528
529734
529943
530145
530349
530554
530760
530969
531171
531374
531576
531782
531992
532197
532402
532607
532813
533017
533222
533430
533637
533848
534054
534258
534464
534671
534876
535083
535289
535502
535706
535911
536113
536320
536526
536728
536934
537136
537339
537545
537749
537957
538161
538364
538570
538778
538982
539187
539396
539603
539807
540011
540216
540426
540633
540836
541039
541246
541451
541654
541860
542063
542270
542476
542678
542881
543084
543288
543492
543697
543902
544107
544316
544524
544731
544935
545139
545344
545548
545750
545956
546160
546365
546567
546772
546976
547180
547385
547587
547795
548001
548207
548409
548613
548821
549027
549235
549440
549648
549854
550057
550268
550470
550680
550884
551088
551291
551494
551701
551907
552114
552319
552524
552730
552939
553142
553347
553558
553763
553968
554175
554379
554582
554788
554993
555198
555403
555607
555809
556014
556218
556420
556630
556834
557038
557242
557448
557649
557854
558060
558267
558473
558676
558881
559086
559294
559501
559710
559914
560117
560325
560528
560732
560937
561145
561350
561554
561757
561962
562173
562377
562583
562785
562987
563194
563399
563608
563814
564018
564219
564424
564627
564831
565038
565245
565448
565649
565852
566059
566261
566466
566670
566874
567080
567283
567487
567692
567895
568102
568307
568512
568716
568918
569121
569326
569533
569739
569945
570148
570349
570551
570753
570957
571162
571367
571575
571779
571983
572191
572395
572600
572804
573010
573213
573418
573628
573833
574042
574250
574456
574663
574871
575073
575276
575478
575681
575887
576091
576295
576502
576707
576913
577119
577321
577531
577736
577941
578143
578352
578556
578759
578964
579173
579379
579584
579788
579992
580198
580403
580612
580817
581019
581224
581427
581634
581841
582046
582252
582456
582660
582862
583069
583273
583475
583683
583888
584094
584301
584510
584713
584916
585120
585326
585530
585734
585941
586150
586355
586560
586765
586970
587171
587377
587582
587786
587992
588196
588402
588608
588817
589024
589228
589433
589637
589843
590052
590258
590462
590669
590876
591081
591284
591490
591698
591900
592103
592312
592513
592715
592924
593125
593329
593534
593739
593946
594153
594358
594561
594766
594975
595177
595381
595588
595797
596001
596205
596412
596615
596817
597030
597238
597445
597652
597855
598060
598263
598468
598672
598877
599082
599283
599486
599695
599898
600100
600304
600506
600710
600916
601121
601325
601533
601738
601943
602147
602353
602557
602762
602966
603171
603376
603581
603784
603992
604199
604401
604605
604811
605020
605226
605436
605640
605842
606046
606253
606460
606663
606868
607073
607274
607477
607682
607893
608098
608309
608512
608716
608921
609128
609332
609537
609745
609952
610159
610362
610567
610773
610979
611184
611391
611593
611799
612007
612210
612416
612620
612823
613026
613234
613438
613640
613847
614051
614254
614457
614660
614863
615065
615268
615472
615674
615879
616082
616286
616491
616695
616897
617100
617303
617510
617713
617920
618125
618330
618534
618737
618945
619154
619359
619562
619765
619969
620172
620377
620580
620787
620992
621195
621400
621602
621807
622013
622221
622426
622630
622837
623041
623245
623449
623652
623855
624059
624265
624466
624668
624874
625079
625282
625485
625690
625895
626102
626303
626511
626718
626922
627126
627332
627542
627746
627949
628157
628364
628570
628779
628983
629187
629390
629597
629800
630004
630213
630421
630624
630830
631035
631240
631444
631646
631852
632058
632261
632465
632668
632873
633080
633288
633489
633692
633897
634104
634308
634519
634723
634926
635132
635336
635537
635741
635945
636152
636359
636560
636764
636974
637177
637383
637590
637794
637997
638201
638407
638610
638816
639024
639227
639431
639637
639840
640043
640247
640453
640661
640867
641072
641277
641478
641681
641882
642090
642295
642498
642701
642903
643106
643312
643517
643724
643927
644131
644333
644541
644746
644953
645157
645361
645567
645769
645971
646176
646379
646581
646785
646990
647194
647399
647608
647811
648014
648218
648422
648631
648836
649038
649245
649452
649657
649862
650063
650271
650479
650681
650886
651092
651300
651503
651706
651912
652116
652324
652527
652733
652936
653142
653344
653548
653753
653959
654159
654364
654568
654774
654982
655191
655400
655606
655808
656011
656219
656424
656629
656835
657040
657247
657451
657657
657863
658065
658269
658476
658678
658885
659088
659296
659502
659708
659914
660120
660327
660530
660736
660945
661155
661358
661562
661766
661969
662172
662377
662583
662786
662989
663192
663395
663600
663801
664009
664215
664418
664623
664826
665029
665233
665434
665640
665843
666044
666248
666452
666658
666859
667063
667268
667472
667676
667883
668086
668290
668492
668697
668898
669101
669306
669508
669712
669922
670126
670332
670536
670741
670949
671151
671356
671562
671767
671972
672174
672377
672584
672790
672994
673205
673409
673613
673817
674022
674226
674433
674635
674843
675051
675257
675460
675665
675871
676075
676282
676486
676694
676900
677105
677310
677515
677721
677929
678136
678339
678540
678747
678955
679160
679363
679568
679774
679978
680185
680392
680597
680801
681007
681211
681418
681622
681825
682029
682237
682441
682644
682846
683050
683256
683463
683669
683872
684079
684285
684491
684697
684903
685106
685316
685519
685725
685931
686134
686338
686545
686750
686952
687155
687359
687561
687766
687970
688177
688385
688590
688793
688997
689203
689408
689616
689821
690029
690232
690437
690639
690842
691051
691256
691459
691665
691870
692074
692283
692489
692697
692899
693105
693310
693512
693717
693920
694125
694334
694538
694743
694948
695155
695361
695566
695772
695978
696180
696388
696595
696801
697005
697207
697414
697616
697822
698025
698232
698437
698644
698850
699059
699272
699481
699683
699890
700098
700301
700510
700713
700923
701127
701330
701541
701750
701952
702156
702359
702561
702763
702970
703173
703376
703581
703788
703993
704196
704399
704606
704812
705020
705226
705433
705636
705840
706043
706251
706454
706657
706861
707067
707272
707481
707687
707889
708102
708307
708513
708719
708925
709133
709337
709543
709748
709952
710155
710360
710563
710769
710977
711185
711391
711600
711802
712008
712209
712416
712619
712824
713031
713233
713439
713645
713848
714052
714259
714464
714668
714872
715075
715285
715489
715692
715899
716103
716308
716513
716717
716925
717132
717337
717541
717747
717953
718158
718360
718563
718770
718976
719182
719384
719587
719791
719991
720200
720407
720614
720817
721022
721228
721431
721636
721840
722047
722252
722457
722659
722862
723069
723272
723472
723680
723884
724087
724293
724497
724701
724905
725110
725321
725528
725735
725940
726145
726350
726554
726758
726962
727166
727368
727575
727778
727979
728188
728394
728599
728805
729008
729211
729416
729622
729825
730029
730235
730440
730643
730848
731050
731257
731467
731669
731873
732077
732280
732487
732693
732896
733101
733306
733511
733715
733923
734130
734335
734542
734748
734952
735157
735364
735570
735774
735982
736190
736392
736596
736803
737009
737211
737417
737627
737832
738036
738239
738447
738652
738856
739060
739266
739468
739673
739878
740078
740283
740491
740699
740902
741107
741310
741519
741723
741928
742128
742330
742533
742737
742942
743148
743352
743558
743764
743973
744177
744382
744587
744791
744997
745206
745410
745615
745816
746023
746226
746434
746640
746850
747054
747256
747463
747671
747878
748083
748284
748491
748695
748901
749104
749306
749513
749718
749923
750127
750328
750532
750732
750934
751144
751348
751553
751757
751960
752165
752368
752576
752777
752985
753190
753395
753601
753804
754007
754211
754415
754622
754825
755033
755238
755442
755649
755852
756055
756258
756466
756673
756878
757081
757288
757492
757700
757906
758109
758318
758523
758726
758930
759136
759338
759542
759746
759951
760158
760360
760565
760769
760975
761180
761382
761585
761788
761989
762196
762401
762603
762813
763017
763222
763427
763634
763838
764044
764248
764451
764657
764863
765063
765269
765473
765677
765885
766092
766296
766504
766705
766912
767115
767317
767526
767731
767940
768149
768352
768557
768760
768962
769166
769372
769579
769781
769986
770190
770402
770604
770807
771012
771213
771419
771622
771823
772026
772231
772436
772639
772846
773049
773254
773460
773664
773869
774076
774281
774486
774692
774898
775103
775310
775515
775718
775924
776130
776337
776540
776743
776948
777156
777358
777564
777770
777973
778181
778384
778589
778791
778994
779199
779402
779610
779815
780017
780221
780425
780630
780834
781042
781250
781462
781672
781877
782084
782287
782493
782702
782909
783114
783320
783526
783731
783938
784141
784350
784556
784759
784964
785170
785372
785578
785783
785991
786199
786404
786609
786818
787023
787229
787431
787635
787839
788040
788247
788449
788655
788861
789066
789273
789478
789683
789889
790090
790294
790499
790699
790904
791107
791311
791516
791720
791929
792131
792341
792547
792754
792959
793166
793376
793580
793786
793989
794195
794400
794606
794813
795024
795233
795438
795645
795849
796054
796261
796469
796674
796881
797086
797290
797494
797704
797912
798118
798324
798533
798739
798943
799147
799351
799553
799761
799963
800173
800376
800582
800784
800990
801193
801400
801607
801814
802021
802228
802432
802636
802840
803042
803249
803460
803665
803869
804072
804278
804486
804689
804890
805099
805306
805507
805713
805915
806119
806326
806531
806740
806942
807146
807354
807562
807767
807971
808178
808382
808584
808787
808992
809197
809402
809605
809812
810016
810220
810421
810624
810827
811033
811237
811442
811644
811847
812051
812256
812460
812666
812871
813076
813282
813487
813693
813897
814104
814309
814514
814716
814923
815130
815334
815540
815744
815954
816162
816368
816576
816787
816990
817198
817403
817607
817810
818016
818223
818430
818633
818839
819042
819246
819452
819655
819857
820059
820262
820469
820676
820881
821084
821288
821490
821694
821899
822106
822310
822513
822717
822921
823124
823325
823528
823732
823936
824140
824349
824551
824760
824963
825167
825368
825572
825772
825978
826182
826385
826593
826798
827003
827212
827413
827619
827823
828028
828231
828435
828644
828850
829057
829261
829467
829670
829875
830078
830282
830485
830690
830896
831101
831307
831515
831721
831924
832130
832332
832533
832737
832940
833147
833351
833555
833758
833964
834172
834376
834583
834785
834991
835197
835399
835608
835816
836021
836229
836434
836643
836848
837053
837260
837463
837667
837871
838080
838284
838489
838695
838902
839107
839312
839517
839720
839923
840127
840331
840537
840743
840946
841151
841356
841562
841764
841972
842178
842384
842591
842795
842997
843203
843406
843609
843817
844022
844227
844434
844639
844846
845051
845255
845464
845669
845873
846077
846282
846486
846691
846895
847100
847304
847511
847714
847920
848125
848331
848535
848738
848943
849147
849352
849554
849761
849965
850170
850372
850574
850776
850982
851187
851393
851599
851803
852006
852211
852414
852618
852820
853026
853230
853435
853640
853844
854048
854255
854460
854666
854871
855077
855279
855487
855691
855901
856108
856312
856521
856726
856929
857134
857338
857543
857747
857950
858161
858364
858572
858779
858979
859184
859389
859595
859800
860005
860208
860411
860617
860822
861029
861233
861436
861643
861846
862052
862254
862461
862665
862872
863080
863285
863492
863695
863900
864108
864311
864513
864716
864919
865125
865329
865533
865741
865943
866151
866358
866562
866767
866972
867176
867381
867590
867795
867998
868204
868409
868610
868816
869023
869226
869429
869634
869838
870045
870249
870454
870658
870866
871071
871279
871482
871686
871893
872098
872304
872511
872717
872923
873132
873337
873543
873748
873954
874159
874362
874565
874769
874972
875176
875380
875586
875792
875998
876202
876408
876611
876812
877017
877221
877424
877631
877833
878040
878243
878447
878653
878858
879066
879273
879476
879682
879889
880096
880299
880505
880711
880915
881118
881322
881523
881730
881935
882142
882346
882552
882759
882965
883172
883379
883588
883791
883994
884197
884402
884607
884811
885016
885219
885426
885629
885830
886032
886237
886440
886642
886845
887050
887254
887455
887662
887869
888075
888280
888484
888687
888892
889101
889302
889507
889714
889922
890130
890336
890541
890747
890953
891157
891359
891561
891763
891966
892170
892376
892583
892789
892996
893202
893411
893616
893819
894023
894227
894431
894641
894847
895049
895259
895465
895670
895875
896081
896286
896490
896693
896902
897108
897309
897520
897723
897927
898136
898337
898538
898743
898947
899150
899354
899558
899762
899967
900174
900378
900579
900784
900987
901193
901395
901596
901805
902008
902214
902421
902626
902832
903036
903242
903448
903654
903860
904068
904272
904481
904691
904893
905097
905302
905508
905712
905918
906125
906331
906535
906741
906948
907154
907360
907569
907774
907981
908187
908388
908593
908796
909000
909203
909412
909618
909823
910032
910239
910446
910650
910854
911058
911259
911462
911665
911875
912080
912288
912495
912697
912902
913107
913309
913513
913718
913928
914134
914344
914551
914759
914966
915174
915378
915585
915788
915993
916197
916400
916609
916818
917020
917228
917432
917638
917839
918042
918246
918453
918657
918859
919066
919269
919477
919682
919888
920091
920296
920502
920706
920909
921115
921320
921523
921730
921935
922140
922343
922547
922748
922955
923160
923362
923569
923774
923981
924186
924387
924596
924798
925004
925206
925412
925615
925826
926028
926231
926436
926644
926850
927056
927257
927462
927667
927871
928074
928279
928483
928688
928892
929096
929302
929508
929713
929923
930129
930334
930541
930747
930956
931161
931366
931568
931770
931975
932182
932385
932586
932791
932993
933198
933404
933608
933813
934016
934223
934430
934634
934838
935043
935252
935460
935666
935869
936073
936277
936482
936688
936890
937093
937300
937506
937713
937917
938122
938330
938533
938737
938944
939148
939352
939557
939761
939970
940172
940381
940586
940791
940992
941198
941402
941605
941809
942013
942216
942419
942621
942826
943029
943235
943441
943646
943852
944061
944264
944473
944677
944883
945088
945295
945499
945702
945906
946112
946317
946519
946723
946924
947130
947332
947538
947745
947949
948151
948361
948565
948771
948977
949183
949390
949593
949801
950008
950214
950420
950630
950834
951037
951243
951445
951648
951854
952060
952267
952475
952680
952889
953095
953306
953510
953716
953920
954122
954326
954530
954735
954941
955145
955353
955556
955762
955966
956174
956379
956582
956788
956995
957201
957406
957613
957816
958017
958223
958429
958632
958840
959042
959245
959448
959652
959859
960066
960275
960480
960686
960889
961092
961297
961503
961710
961914
962118
962319
962521
962722
962926
963130
963337
963540
963744
963950
964153
964358
964565
964770
964976
965178
965385
965590
965795
966002
966211
966414
966617
966822
967031
967233
967437
967643
967849
968054
968261
968464
968670
968872
969078
969282
969486
969690
969897
970098
970302
970507
970712
970915
971120
971327
971538
971746
971952
972158
972362
972566
972775
972981
973185
973389
973600
973805
974011
974216
974421
974625
974829
975033
975236
975441
975642
975845
976052
976258
976465
976668
976876
977078
977280
977486
977691
977897
978099
978301
978503
978705
978907
979112
979314
979518
979723
979932
980135
980341
980549
980756
980965
981171
981374
981580
981784
981990
982193
982395
982600
982803
983007
983216
983422
983630
983837
984041
984249
984455
984658
984866
985073
985277
985484
985686
985890
986097
986300
986504
986711
986915
987121
987322
987526
987734
987936
988138
988345
988548
988752
988958
989163
989368
989571
989780
989985
990187
990392
990599
990802
991008
991211
991416
991621
991824
992027
992230
992437
992641
992848
993050
993258
993463
993667
993873
994078
994278
994482
994687
994891
995096
995303
995509
995715
995919
996121
996324
996526
996729
996933
997139
997342
997546
997750
997955
998164
998371
998575
998780
998986
999189
999396
999600
999807
1000012
1000214
1000419
1000621
1000825
1001029
1001232
1001439
1001644
1001847
1002052
1002257
1002463
1002671
1002879
1003084
1003292
1003498
1003698
1003903
1004106
1004314
1004519
1004730
1004934
1005142
1005347
1005553
1005757
1005957
1006160
1006364
1006571
1006777
1006980
1007185
1007389
1007595
1007802
1008006
1008211
1008415
1008624
1008830
1009034
1009239
1009445
1009649
1009855
1010062
1010268
1010475
1010677
1010885
1011090
1011296
1011500
1011708
1011911
1012119
1012323
1012532
1012737
1012940
1013145
1013352
1013558
1013760
1013966
1014169
1014376
1014580
1014783
1014991
1015194
1015398
1015602
1015806
1016006
1016214
1016416
1016627
1016832
1017036
1017239
1017443
1017648
1017852
1018063
1018269
1018477
1018682
1018890
1019093
1019294
1019499
1019704
1019909
1020111
1020315
1020519
1020726
1020928
1021132
1021338
1021542
1021749
1021953
1022157
1022365
1022574
1022780
1022987
1023189
1023391
1023595
1023800
1024003
1024206
1024411
1024612
1024815
1025019
1025227
1025430
1025639
1025843
1026047
1026252
1026455
1026659
1026860
1027063
1027268
1027472
1027680
1027884
1028087
1028292
1028497
1028703
1028905
1029109
1029312
1029514
1029722
1029925
1030130
1030334
1030536
1030740
1030947
1031148
1031353
1031556
1031760
1031967
1032173
1032376
1032582
1032786
1032990
1033195
1033399
1033603
1033808
1034014
1034217
1034421
1034624
1034830
1035034
1035238
1035444
1035648
1035852
1036055
1036262
1036464
1036669
1036875
1037080
1037285
1037491
1037694
1037902
1038110
1038319
1038524
1038732
1038934
1039139
1039347
1039550
1039755
1039961
1040166
1040373
1040580
1040784
1040992
1041197
1041401
1041607
1041815
1042021
1042229
1042438
1042639
1042843
1043046
1043251
1043453
1043657
1043862
1044066
1044272
1044480
1044686
1044889
1045093
1045301
1045503
1045707
1045911
1046114
1046318
1046521
1046722
1046926
1047129
1047333
1047534
1047743
1047949
1048156
1048360
1048564
1048769
1048972
1049176
1049380
1049582
1049788
1049991
1050196
1050401
1050610
1050816
1051020
1051224
1051428
1051632
1051841
1052050
1052257
1052461
1052668
1052874
1053081
1053286
1053492
1053697
1053901
1054103
1054309
1054514
1054719
1054922
1055125
1055329
1055536
1055740
1055944
1056147
1056350
1056553
1056759
1056964
1057167
1057369
1057573
1057780
1057985
1058191
1058397
1058600
1058807
1059014
1059224
1059425
1059626
1059831
1060033
1060241
1060446
1060654
1060861
1061065
1061269
1061473
1061676
1061879
1062082
1062286
1062491
1062701
1062905
1063113
1063315
1063523
1063728
1063929
1064131
1064335
1064542
1064749
1064951
1065152
1065357
1065569
1065774
1065976
1066178
1066383
1066592
1066798
1067003
1067207
1067409
1067615
1067822
1068025
1068231
1068437
1068642
1068847
1069055
1069259
1069465
1069672
1069877
1070080
1070288
1070495
1070699
1070906
1071114
1071320
1071528
1071732
1071935
1072141
1072351
1072552
1072755
1072964
1073167
1073370
1073575
1073779
1073982
1074186
1074389
1074597
1074802
1075008
1075211
1075416
1075618
1075828
1076029
1076233
1076437
1076641
1076844
1077049
1077252
1077460
1077664
1077868
1078071
1078272
1078477
1078685
1078891
1079099
1079303
1079508
1079714
1079922
1080126
1080331
1080533
1080742
1080949
1081152
1081356
1081558
1081763
1081965
1082171
1082377
1082580
1082785
1082990
1083190
1083396
1083597
1083805
1084006
1084207
1084411
1084611
1084819
1085024
1085226
1085434
1085639
1085842
1086046
1086253
1086456
1086660
1086863
1087069
1087273
1087478
1087682
1087884
1088088
1088293
1088499
1088706
1088914
1089119
1089324
1089533
1089738
1089942
1090144
1090345
1090548
1090755
1090960
1091165
1091367
1091571
1091778
1091981
1092188
1092394
1092602
1092809
1093011
1093215
1093419
1093623
1093828
1094033
1094237
1094441
1094651
1094857
1095061
1095269
1095471
1095680
1095889
1096093
1096299
1096503
1096710
1096917
1097122
1097331
1097534
1097738
1097944
1098151
1098353
1098555
1098761
1098964
1099170
1099373
1099577
1099781
1099989
1100191
1100395
1100604
1100812
1101016
1101221
1101424
1101626
1101830
1102039
1102242
1102448
1102651
1102855
1103058
1103261
1103462
1103667
1103870
1104073
1104274
1104476
1104681
1104889
1105092
1105296
1105501
1105704
1105908
1106114
1106318
1106525
1106729
1106934
1107137
1107346
1107552
1107758
1107962
1108169
1108373
1108579
1108784
1108990
1109194
1109400
1109605
1109810
1110013
1110216
1110421
1110628
1110831
1111037
1111240
1111448
1111652
1111854
1112058
1112266
1112470
1112674
1112882
1113086
1113291
1113498
1113709
1113911
1114115
1114322
1114529
1114736
1114938
1115147
1115351
1115558
1115761
1115964
1116171
1116378
1116581
1116782
1116990
1117193
1117399
1117606
1117812
1118024
1118229
1118438
1118643
1118846
1119051
1119258
1119467
1119673
1119875
1120081
1120286
1120494
1120700
1120904
1121109
1121311
1121514
1121720
1121923
1122127
1122333
1122539
1122743
1122950
1123151
1123355
1123558
1123764
1123972
1124177
1124383
1124590
1124793
1124999
1125202
1125405
1125610
1125816
1126021
1126226
1126431
1126635
1126843
1127049
1127253
1127455
1127658
1127865
1128072
1128276
1128477
1128682
1128886
1129092
1129295
1129504
1129714
1129919
1130123
1130324
1130531
1130735
1130940
1131148
1131354
1131555
1131760
1131969
1132172
1132376
1132578
1132782
1132987
1133193
1133395
1133600
1133804
1134010
1134219
1134423
1134628
1134829
1135037
1135240
1135442
1135646
1135849
1136052
1136260
1136469
1136679
1136881
1137085
1137290
1137496
1137698
1137904
1138109
1138314
1138518
1138721
1138925
1139127
1139329
1139534
1139737
1139938
1140141
1140349
1140555
1140762
1140967
1141171
1141376
1141580
1141782
1141991
1142198
1142400
1142604
1142808
1143017
1143224
1143430
1143634
1143841
1144042
1144250
1144454
1144660
1144863
1145065
1145266
1145474
1145681
1145884
1146090
1146294
1146497
1146701
1146907
1147109
1147318
1147522
1147730
1147936
1148140
1148345
1148550
1148757
1148960
1149167
1149370
1149578
1149784
1149990
1150199
1150409
1150617
1150820
1151021
1151226
1151430
1151632
1151838
1152042
1152250
1152453
1152659
1152865
1153072
1153279
1153484
1153690
1153894
1154099
1154307
1154510
1154714
1154918
1155129
1155333
1155539
1155744
1155951
1156157
1156364
1156570
1156779
1156981
1157182
1157392
1157599
1157808
1158012
1158216
1158420
1158628
1158833
1159035
1159238
1159448
1159654
1159861
1160063
1160271
1160475
1160680
1160884
1161088
1161296
1161505
1161706
1161910
1162112
1162313
1162515
1162722
1162929
1163138
1163344
1163549
1163754
1163958
1164165
1164369
1164571
1164776
1164985
1165191
1165397
1165600
1165805
1166008
1166215
1166417
1166621
1166825
1167029
1167234
1167439
1167646
1167852
1168057
1168263
1168469
1168672
1168876
1169083
1169290
1169493
1169696
1169899
1170103
1170308
1170513
1170718
1170921
1171125
1171336
1171539
1171742
1171948
1172154
1172360
1172561
1172768
1172972
1173176
1173379
1173586
1173788
1173994
1174199
1174401
1174605
1174813
1175020
1175225
1175432
1175637
1175843
1176048
1176252
1176456
1176661
1176865
1177072
1177276
1177478
1177683
1177886
1178094
1178299
1178507
1178711
1178913
1179118
1179324
1179532
1179739
1179945
1180150
1180363
1180567
1180771
1180979
1181185
1181387
1181596
1181802
1182007
1182210
1182416
1182623
1182829
1183035
1183240
1183441
1183648
1183852
1184058
1184265
1184472
1184680
1184885
1185090
1185295
1185501
1185711
1185921
1186127
1186338
1186546
1186756
1186959
1187165
1187370
1187574
1187778
1187985
1188191
1188400
1188606
1188814
1189025
1189231
1189433
1189635
1189840
1190047
1190252
1190454
1190661
1190867
1191075
1191279
1191487
1191693
1191898
1192100
1192308
1192512
1192719
1192926
1193127
1193328
1193532
1193738
1193946
1194149
1194352
1194558
1194764
1194977
1195183
1195387
1195596
1195802
1196005
1196209
1196410
1196618
1196823
1197026
1197232
1197437
1197642
1197848
1198053
1198259
1198463
1198666
1198871
1199076
1199281
1199485
1199689
1199896
1200100
1200306
1200511
1200717
1200922
1201130
1201334
1201538
1201743
1201943
1202149
1202359
1202566
1202771
1202974
1203177
1203379
1203585
1203789
1203995
1204200
1204409
1204613
1204819
1205023
1205226
1205430
1205636
1205842
1206045
1206249
1206455
1206660
1206865
1207072
1207276
1207481
1207688
1207893
1208097
1208299
1208504
1208711
1208916
1209120
1209326
1209529
1209736
1209943
1210151
1210357
1210562
1210770
1210975
1211178
1211387
1211592
1211796
1212003
1212209
1212414
1212622
1212826
1213032
1213235
1213438
1213641
1213851
1214059
1214260
1214464
1214666
1214873
1215078
1215282
1215484
1215688
1215892
1216098
1216303
1216505
1216708
1216915
1217122
1217326
1217535
1217741
1217949
1218150
1218356
1218558
1218764
1218966
1219170
1219374
1219578
1219783
1219986
1220191
1220396
1220602
1220808
1221010
1221216
1221423
1221630
1221833
1222038
1222247
1222457
1222665
1222869
1223075
1223283
1223489
1223690
1223899
1224106
1224309
1224513
1224717
1224924
1225127
1225330
1225538
1225746
1225950
1226153
1226359
1226564
1226772
1226974
1227175
1227382
1227588
1227795
1227998
1228204
1228404
1228608
1228815
1229024
1229229
1229430
1229639
1229844
1230049
1230254
1230461
1230666
1230869
1231073
1231279
1231482
1231689
1231892
1232095
1232297
1232500
1232702
1232904
1233112
1233317
1233517
1233722
1233926
1234131
1234335
1234541
1234746
1234949
1235157
1235368
1235575
1235780
1235988
1236192
1236396
1236602
1236808
1237014
1237218
1237426
1237633
1237836
1238038
1238239
1238442
1238648
1238850
1239057
1239259
1239469
1239671
1239876
1240081
1240288
1240500
1240709
1240913
1241118
1241322
1241523
1241726
1241933
1242141
1242344
1242551
1242760
1242966
1243173
1243376
1243578
1243782
1243987
1244188
1244397
1244604
1244807
1245013
1245218
1245421
1245626
1245829
1246033
1246237
1246441
1246648
1246852
1247057
1247262
1247465
1247670
1247875
1248082
1248285
1248490
1248693
1248895
1249102
1249306
1249510
1249716
1249926
1250131
1250336
1250540
1250748
1250952
1251161
1251363
1251566
1251773
1251978
1252182
1252390
1252593
1252798
1253001
1253205
1253410
1253616
1253821
1254025
1254233
1254439
1254643
1254846
1255052
1255255
1255464
1255667
1255872
1256081
1256283
1256490
1256695
1256908
1257113
1257322
1257528
1257734
1257939
1258145
1258348
1258556
1258759
1258968
1259171
1259374
1259579
1259785
1259989
1260194
1260399
1260603
1260810
1261014
1261217
1261423
1261626
1261833
1262038
1262243
1262451
1262652
1262858
1263065
1263275
1263479
1263680
1263883
1264086
1264289
1264490
1264696
1264900
1265112
1265316
1265518
1265721
1265929
1266134
1266340
1266544
1266754
1266958
1267167
1267375
1267582
1267788
1267991
1268195
1268396
1268604
1268808
1269013
1269218
1269425
1269629
1269833
1270041
1270245
1270453
1270658
1270864
1271067
1271275
1271478
1271683
1271888
1272089
1272299
1272504
1272709
1272915
1273125
1273328
1273532
1273738
1273945
1274154
1274359
1274566
1274767
1274969
1275175
1275379
1275584
1275787
1275990
1276192
1276398
1276605
1276807
1277014
1277220
1277427
1277632
1277836
1278040
1278248
1278454
1278661
1278864
1279068
1279271
1279474
1279677
1279882
1280090
1280295
1280503
1280708
1280912
1281117
1281322
1281526
1281728
1281934
1282140
1282346
1282555
1282761
1282965
1283169
1283370
1283574
1283781
1283985
1284189
1284393
1284600
1284806
1285013
1285218
1285421
1285627
1285835
1286040
1286242
1286449
1286654
1286858
1287060
1287264
1287467
1287673
1287876
1288084
1288289
1288490
1288695
1288904
1289108
1289315
1289519
1289726
1289932
1290137
1290342
1290544
1290748
1290957
1291168
1291371
1291579
1291786
1291990
1292193
1292397
1292606
1292815
1293017
1293224
1293429
1293639
1293843
1294048
1294254
1294457
1294659
1294861
1295070
1295276
1295483
1295689
1295895
1296101
1296307
1296508
1296712
1296917
1297119
1297325
1297529
1297734
1297943
1298145
1298353
1298560
1298763
1298969
1299172
1299379
1299588
1299791
1299993
1300199
1300400
1300607
1300809
1301016
1301217
1301420
1301622
1301827
1302031
1302237
1302441
1302644
1302852
1303055
1303260
1303464
1303668
1303870
1304075
1304277
1304485
1304692
1304894
1305098
1305303
1305507
1305711
1305915
1306121
1306326
1306530
1306733
1306940
1307144
1307345
1307550
1307752
1307957
1308163
1308367
1308572
1308774
1308978
1309183
1309389
1309596
1309801
1310009
1310220
1310425
1310633
1310841
1311046
1311249
1311454
1311661
1311865
1312073
1312280
1312483
1312686
1312890
1313091
1313297
1313502
1313707
1313913
1314116
1314322
1314525
1314728
1314931
1315137
1315345
1315553
1315758
1315965
1316167
1316373
1316574
1316782
1316985
1317186
1317390
1317595
1317799
1318001
1318205
1318411
1318615
1318817
1319024
1319227
1319433
1319640
1319842
1320042
1320251
1320455
1320660
1320863
1321072
1321276
1321483
1321687
1321889
1322093
1322297
1322504
1322705
1322913
1323119
1323320
1323530
1323738
1323940
1324145
1324349
1324555
1324761
1324965
1325173
1325376
1325579
1325785
1325991
1326199
1326405
1326606
1326811
1327017
1327223
1327424
1327626
1327829
1328032
1328237
1328446
1328650
1328856
1329062
1329265
1329473
1329680
1329883
1330088
1330290
1330495
1330700
1330901
1331106
1331311
1331516
1331718
1331924
1332126
1332328
1332539
1332746
1332947
1333155
1333365
1333569
1333771
1333974
1334181
1334383
1334589
1334793
1335002
1335206
1335413
1335618
1335822
1336025
1336236
1336437
1336646
1336851
1337055
1337261
1337473
1337678
1337888
1338091
1338298
1338502
1338709
1338914
1339119
1339321
1339525
1339736
1339947
1340152
1340356
1340564
1340769
1340972
1341179
1341387
1341591
1341795
1341998
1342199
1342403
1342606
1342811
1343014
1343220
1343424
1343630
1343834
1344037
1344245
1344448
1344651
1344858
1345059
1345267
1345472
1345678
1345883
1346090
1346294
1346499
1346701
1346902
1347107
1347309
1347516
1347723
1347929
1348138
1348343
1348545
1348752
1348955
1349159
1349360
1349565
1349771
1349976
1350182
1350390
1350597
1350800
1351004
1351211
1351418
1351622
1351825
1352032
1352239
1352446
1352655
1352859
1353064
1353271
1353477
1353683
1353886
1354093
1354300
1354510
1354717
1354920
1355125
1355334
1355538
1355739
1355944
1356147
1356360
1356564
1356773
1356977
1357182
1357390
1357592
1357797
1358000
1358205
1358409
1358614
1358817
1359018
1359225
1359430
1359635
1359837
1360040
1360244
1360445
1360649
1360854
1361059
1361263
1361468
1361671
1361877
1362080
1362286
1362492
1362702
1362906
1363110
1363316
1363523
1363726
1363930
1364138
1364347
1364552
1364757
1364966
1365176
1365382
1365587
1365793
1366002
1366207
1366412
1366618
1366820
1367026
1367231
1367436
1367641
1367847
1368049
1368254
1368457
1368660
1368863
1369068
1369272
1369478
1369686
1369888
1370093
1370300
1370507
1370713
1370917
1371125
1371331
1371536
1371740
1371947
1372150
1372358
1372562
1372768
1372976
1373178
1373384
1373592
1373798
1374006
1374208
1374418
1374623
1374829
1375030
1375237
1375440
1375641
1375846
1376050
1376255
1376459
1376666
1376869
1377070
1377273
1377475
1377682
1377886
1378090
1378292
1378496
1378701
1378910
1379119
1379322
1379529
1379731
1379936
1380140
1380348
1380556
1380763
1380971
1381174
1381379
1381583
1381786
1381986
1382191
1382396
1382600
1382805
1383008
1383218
1383419
1383625
1383829
1384035
1384242
1384445
1384648
1384857
1385061
1385266
1385472
1385678
1385884
1386086
1386289
1386491
1386696
1386899
1387102
1387307
1387515
1387721
1387927
1388133
1388337
1388538
1388742
1388948
1389153
1389361
1389566
1389772
1389979
1390184
1390388
1390593
1390800
1391005
1391211
1391418
1391624
1391828
1392035
1392238
1392442
1392651
1392855
1393064
1393265
1393468
1393672
1393879
1394086
1394293
1394500
1394703
1394908
1395113
1395317
1395521
1395724
1395927
1396133
1396339
1396543
1396752
1396953
1397157
1397367
1397575
1397779
1397986
1398192
1398398
1398603
1398807
1399010
1399214
1399419
1399621
1399827
1400030
1400234
1400442
1400648
1400857
1401063
1401269
1401471
1401674
1401885
1402090
1402293
1402498
1402704
1402912
1403117
1403325
1403529
1403731
1403933
1404135
1404341
1404545
1404750
1404953
1405157
1405360
1405563
1405770
1405974
1406180
1406386
1406590
1406795
1407002
1407207
1407412
1407613
1407817
1408028
1408234
1408438
1408643
1408846
1409048
1409252
1409455
1409664
1409871
1410077
1410282
1410485
1410691
1410894
1411100
1411301
1411506
1411708
1411912
1412117
1412323
1412530
1412733
1412937
1413139
1413341
1413546
1413748
1413954
1414159
1414365
1414575
1414780
1414985
1415187
1415394
1415597
1415801
1416006
1416213
1416416
1416626
1416832
1417040
1417245
1417448
1417653
1417857
1418065
1418271
1418473
1418680
1418884
1419090
1419296
1419499
1419703
1419907
1420109
1420313
1420519
1420725
1420928
1421134
1421340
1421546
1421753
1421960
1422166
1422373
1422576
1422783
1422988
1423195
1423399
1423604
1423813
1424018
1424221
1424429
1424636
1424840
1425045
1425248
1425450
1425653
1425857
1426064
1426267
1426470
1426675
1426882
1427087
1427291
1427496
1427699
1427905
1428109
1428316
1428521
1428728
1428932
1429136
1429340
1429544
1429749
1429959
1430162
1430369
1430574
1430779
1430985
1431189
1431392
1431597
1431801
1432004
1432205
1432409
1432612
1432815
1433021
1433224
1433429
1433636
1433839
1434045
1434250
1434455
1434656
1434862
1435066
1435270
1435476
1435681
1435884
1436090
1436292
1436499
1436704
1436910
1437116
1437323
1437530
1437737
1437942
1438143
1438346
1438551
1438752
1438957
1439164
1439369
1439575
1439778
1439982
1440188
1440393
1440598
1440803
1441007
1441211
1441417
1441619
1441823
1442028
1442235
1442440
1442642
1442845
1443048
1443251
1443454
1443659
1443866
1444071
1444280
1444489
1444694
1444901
1445107
1445311
1445513
1445722
1445928
1446133
1446337
1446543
1446747
1446951
1447157
1447359
1447564
1447768
1447976
1448181
1448390
1448594
1448802
1449012
1449218
1449421
1449624
1449829
1450032
1450239
1450443
1450647
1450849
1451058
1451263
1451469
1451673
1451876
1452079
1452282
1452488
1452691
1452895
1453098
1453305
1453508
1453715
1453917
1454121
1454327
1454533
1454736
1454941
1455145
1455352
1455557
1455760
1455966
1456170
1456374
1456580
1456784
1456989
1457195
1457396
1457603
1457808
1458010
1458216
1458424
1458624
1458832
1459037
1459243
1459450
1459654
1459858
1460064
1460268
1460471
1460674
1460881
1461085
1461289
1461496
1461704
1461911
1462117
1462320
1462526
1462731
1462940
1463145
1463350
1463552
1463753
1463955
1464161
1464364
1464571
1464778
1464984
1465189
1465389
1465593
1465796
1465999
1466203
1466409
1466612
1466814
1467018
1467223
1467429
1467634
1467838
1468040
1468243
1468449
1468653
1468856
1469064
1469267
1469473
1469681
1469885
1470089
1470293
1470497
1470707
1470909
1471115
1471323
1471527
1471733
1471939
1472142
1472349
1472555
1472760
1472964
1473168
1473373
1473578
1473779
1473990
1474195
1474404
1474609
1474815
1475020
1475223
1475427
1475630
1475835
1476038
1476241
1476445
1476650
1476853
1477058
1477262
1477467
1477670
1477872
1478079
1478283
1478487
1478689
1478892
1479098
1479300
1479507
1479714
1479916
1480118
1480322
1480524
1480727
1480932
1481137
1481340
1481546
1481752
1481957
1482167
1482372
1482574
1482779
1482987
1483197
1483401
1483602
1483808
1484013
1484219
1484430
1484634
1484834
1485040
1485247
1485453
1485657
1485858
1486061
1486268
1486475
1486677
1486881
1487085
1487287
1487491
1487696
1487899
1488109
1488313
1488523
1488726
1488934
1489138
1489344
1489548
1489750
1489955
1490161
1490366
1490570
1490775
1490977
1491180
1491383
1491589
1491799
1492003
1492209
1492411
1492616
1492818
1493022
1493224
1493427
1493629
1493834
1494045
1494252
1494455
1494662
1494867
1495076
1495281
1495484
1495688
1495893
1496094
1496306
1496511
1496718
1496922
1497126
1497330
1497535
1497740
1497944
1498150
1498354
1498561
1498768
1498979
1499182
1499385
1499588
1499791
1499994
1500199
1500404
1500610
1500817
1501018
1501221
1501431
1501638
1501839
1502041
1502243
1502447
1502653
1502855
1503066
1503270
1503475
1503685
1503890
1504098
1504300
1504506
1504715
1504918
1505121
1505327
1505534
1505741
1505946
1506150
1506355
1506563
1506765
1506969
1507175
1507379
1507586
1507792
1508000
1508207
1508414
1508621
1508826
1509034
1509239
1509441
1509646
1509851
1510056
1510261
1510464
1510668
1510874
1511077
1511286
1511489
1511693
1511900
1512106
1512311
1512512
1512719
1512922
1513128
1513333
1513536
1513739
1513949
1514155
1514360
1514565
1514770
1514972
1515178
1515388
1515593
1515798
1516007
1516211
1516414
1516621
1516826
1517033
1517236
1517446
1517652
1517856
1518061
1518266
1518468
1518674
1518877
1519080
1519285
1519490
1519692
1519897
1520101
1520304
1520511
1520715
1520920
1521127
1521334
1521534
1521738
1521943
1522148
1522353
1522558
1522763
1522965
1523170
1523377
1523579
1523785
1523988
1524193
1524397
1524599
1524805
1525014
1525221
1525426
1525630
1525836
1526042
1526250
1526453
1526659
1526861
1527069
1527275
1527478
1527683
1527889
1528095
1528302
1528505
1528708
1528915
1529116
1529319
1529522
1529726
1529931
1530138
1530343
1530547
1530757
1530961
1531165
1531367
1531568
1531774
1531979
1532181
1532389
1532594
1532804
1533012
1533214
1533419
1533627
1533830
1534036
1534239
1534444
1534650
1534852
1535056
1535261
1535468
1535674
1535881
1536087
1536292
1536503
1536710
1536913
1537116
1537325
1537533
1537739
1537944
1538148
1538353
1538559
1538763
1538968
1539173
1539376
1539577
1539778
1539980
1540182
1540383
1540592
1540795
1540996
1541205
1541414
1541622
1541827
1542033
1542236
1542437
1542640
1542846
1543049
1543255
1543457
1543660
1543865
1544069
1544274
1544478
1544682
1544888
1545095
1545300
1545509
1545712
1545920
1546125
1546331
1546535
1546739
1546945
1547154
1547360
1547564
1547769
1547974
1548177
1548382
1548587
1548794
1548997
1549201
1549409
1549613
1549817
1550020
1550223
1550430
1550634
1550837
1551043
1551251
1551455
1551659
1551865
1552070
1552273
1552481
1552687
1552892
1553095
1553299
1553506
1553710
1553916
1554120
1554324
1554532
1554735
1554938
1555141
1555349
1555555
1555760
1555967
1556174
1556376
1556582
1556785
1556989
1557190
1557396
1557600
1557802
1558010
1558213
1558418
1558620
1558830
1559041
1559248
1559452
1559658
1559862
1560067
1560270
1560473
1560677
1560882
1561089
1561293
1561494
1561698
1561903
1562111
1562314
1562518
1562720
1562927
1563135
1563340
1563546
1563757
1563961
1564170
1564376
1564579
1564783
1564988
1565191
1565395
1565603
1565810
1566012
1566217
1566422
1566627
1566837
1567040
1567247
1567454
1567658
1567868
1568072
1568276
1568478
1568685
1568893
1569096
1569301
1569509
1569714
1569917
1570124
1570333
1570537
1570746
1570953
1571159
1571363
1571570
1571775
1571980
1572183
1572386
1572590
1572795
1573000
1573206
1573409
1573617
1573820
1574023
1574228
1574432
1574637
1574843
1575045
1575251
1575454
1575657
1575862
1576067
1576271
1576477
1576681
1576884
1577089
1577298
1577502
1577707
1577911
1578115
1578318
1578524
1578729
1578932
1579135
1579338
1579542
1579744
1579950
1580154
1580358
1580564
1580767
1580972
1581179
1581388
1581594
1581796
1582000
1582204
1582407
1582613
1582816
1583021
1583226
1583434
1583640
1583843
1584043
1584249
1584456
1584662
1584871
1585075
1585279
1585484
1585690
1585896
1586099
1586305
1586506
1586708
1586912
1587122
1587328
1587535
1587739
1587944
1588148
1588356
1588562
1588766
1588974
1589176
1589379
1589585
1589790
1589998
1590206
1590414
1590620
1590824
1591030
1591239
1591445
1591651
1591858
1592061
1592266
1592475
1592679
1592886
1593091
1593294
1593501
1593705
1593911
1594115
1594319
1594523
1594725
1594928
1595133
1595337
1595540
1595743
1595949
1596152
1596358
1596563
1596768
1596970
1597176
1597380
1597588
1597796
1598003
1598206
1598413
1598618
1598823
1599026
1599230
1599435
1599643
1599849
1600055
1600263
1600467
1600670
1600879
1601084
1601291
1601494
1601700
1601904
1602110
1602320
1602527
1602734
1602937
1603141
1603341
1603542
1603746
1603947
1604147
1604352
1604559
1604761
1604967
1605175
1605379
1605582
1605789
1605995
1606199
1606402
1606606
1606808
1607011
1607214
1607420
1607627
1607831
1608038
1608247
1608456
1608662
1608867
1609073
1609278
1609484
1609688
1609895
1610097
1610299
1610505
1610710
1610914
1611123
1611328
1611535
1611738
1611941
1612145
1612352
1612554
1612758
1612964
1613166
1613371
1613572
1613778
1613982
1614187
1614394
1614602
1614808
1615012
1615218
1615426
1615632
1615836
1616039
1616247
1616449
1616655
1616863
1617072
1617277
1617482
1617690
1617894
1618096
1618305
1618512
1618715
1618925
1619129
1619332
1619536
1619741
1619943
1620146
1620352
1620557
1620762
1620968
1621176
1621378
1621584
1621792
1621999
1622200
1622402
1622607
1622817
1623021
1623226
1623429
1623637
1623839
1624040
1624249
1624453
1624661
1624866
1625072
1625274
1625481
1625687
1625892
1626097
1626302
1626509
1626716
1626924
1627128
1627332
1627536
1627742
1627948
1628152
1628357
1628561
1628765
1628971
1629175
1629380
1629582
1629787
1629990
1630196
1630400
1630604
1630806
1631012
1631216
1631422
1631627
1631831
1632034
1632238
1632444
1632649
1632853
1633062
1633265
1633467
1633672
1633874
1634081
1634287
1634491
1634693
1634898
1635101
1635303
1635506
1635714
1635922
1636128
1636331
1636534
1636738
1636943
1637153
1637357
1637562
1637765
1637970
1638172
1638378
1638583
1638785
1638987
1639191
1639394
1639596
1639797
1640003
1640209
1640413
1640619
1640826
1641032
1641233
1641437
1641641
1641845
1642054
1642259
1642466
1642668
1642874
1643078
1643281
1643488
1643694
1643900
1644107
1644311
1644515
1644718
1644924
1645131
1645336
1645540
1645747
1645953
1646158
1646362
1646565
1646769
1646977
1647184
1647391
1647599
1647803
1648006
1648210
1648419
1648623
1648830
1649035
1649240
1649445
1649649
1649853
1650057
1650259
1650466
1650670
1650877
1651082
1651285
1651494
1651701
1651904
1652109
1652313
1652520
1652723
1652931
1653140
1653345
1653551
1653757
1653961
1654166
1654374
1654578
1654783
1654986
1655192
1655400
1655604
1655809
1656014
1656220
1656424
1656630
1656840
1657044
1657253
1657455
1657664
1657867
1658070
1658274
1658477
1658680
1658886
1659089
1659293
1659498
1659702
1659904
1660109
1660317
1660522
1660727
1660929
1661130
1661335
1661542
1661744
1661945
1662150
1662357
1662562
1662767
1662969
1663176
1663379
1663581
1663792
1663996
1664203
1664406
1664611
1664816
1665018
1665219
1665426
1665630
1665838
1666045
1666250
1666453
1666660
1666864
1667069
1667274
1667482
1667686
1667896
1668101
1668306
1668511
1668716
1668918
1669123
1669327
1669532
1669741
1669948
1670152
1670363
1670566
1670777
1670987
1671192
1671397
1671600
1671803
1672008
1672216
1672419
1672627
1672831
1673038
1673243
1673448
1673653
1673862
1674064
1674271
1674477
1674682
1674889
1675097
1675303
1675512
1675717
1675920
1676122
1676328
1676530
1676734
1676942
1677147
1677353
1677560
1677761
1677965
1678172
1678376
1678583
1678790
1678995
1679199
1679405
1679610
1679814
1680019
1680223
1680425
1680627
1680835
1681043
1681247
1681456
1681661
1681865
1682069
1682273
1682478
1682686
1682891
1683095
1683303
1683505
1683711
1683916
1684121
1684323
1684531
1684734
1684939
1685146
1685355
1685557
1685767
1685968
1686172
1686375
1686578
1686783
1686994
1687198
1687402
1687604
1687810
1688014
1688217
1688420
1688624
1688833
1689036
1689239
1689442
1689646
1689850
1690053
1690259
1690464
1690669
1690874
1691083
1691286
1691493
1691702
1691905
1692107
1692312
1692520
1692724
1692928
1693131
1693332
1693537
1693742
1693950
1694156
1694362
1694567
1694773
1694977
1695178
1695382
1695590
1695793
1695996
1696203
1696405
1696610
1696815
1697018
1697223
1697430
1697639
1697848
1698053
1698258
1698463
1698667
1698873
1699079
1699284
1699488
1699697
1699901
1700110
1700315
1700523
1700726
1700930
1701137
1701343
1701546
1701749
1701955
1702159
1702367
1702574
1702780
1702987
1703191
1703393
1703597
1703803
1704006
1704212
1704419
1704624
1704828
1705035
1705242
1705444
1705652
1705860
1706065
1706270
1706476
1706682
1706885
1707091
1707297
1707506
1707710
1707915
1708120
1708323
1708529
1708739
1708942
1709147
1709352
1709556
1709763
1709964
1710170
1710375
1710580
1710783
1710989
1711197
1711404
1711612
1711815
1712022
1712226
1712430
1712635
1712842
1713046
1713253
1713461
1713663
1713870
1714076
1714284
1714486
1714692
1714898
1715104
1715308
1715509
1715716
1715924
1716129
1716339
1716549
1716755
1716963
1717168
1717374
1717579
1717783
1717984
1718188
1718396
1718600
1718804
1719010
1719215
1719421
1719625
1719832
1720041
1720247
1720452
1720657
1720860
1721065
1721272
1721476
1721682
1721886
1722093
1722298
1722503
1722708
1722918
1723124
1723329
1723535
1723743
1723947
1724148
1724355
1724563
1724770
1724971
1725177
1725382
1725587
1725793
1725998
1726204
1726409
1726613
1726821
1727028
1727231
1727436
1727646
1727852
1728059
1728262
1728466
1728670
1728874
1729077
1729281
1729483
1729693
1729896
1730100
1730304
1730512
1730715
1730920
1731130
1731337
1731541
1731745
1731949
1732156
1732361
1732564
1732770
1732975
1733179
1733383
1733588
1733794
1734002
1734205
1734408
1734614
1734822
1735026
1735232
1735440
1735648
1735853
1736055
1736257
1736459
1736662
1736871
1737077
1737286
1737493
1737698
1737900
1738103
1738308
1738512
1738717
1738925
1739128
1739335
1739537
1739747
1739950
1740155
1740358
1740566
1740768
1740970
1741176
1741381
1741586
1741789
1741993
1742198
1742404
1742608
1742812
1743016
1743223
1743431
1743632
1743837
1744039
1744242
1744449
1744653
1744861
1745066
1745268
1745476
1745676
1745878
1746083
1746290
1746497
1746704
1746906
1747114
1747318
1747521
1747723
1747926
1748128
1748333
1748536
1748737
1748944
1749153
1749357
1749563
1749776
1749979
1750185
1750391
1750599
1750804
1751010
1751218
1751422
1751631
1751834
1752039
1752243
1752450
1752652
1752860
1753068
1753275
1753475
1753680
1753882
1754089
1754294
1754499
1754702
1754904
1755106
1755317
1755523
1755726
1755928
1756134
1756339
1756541
1756745
1756953
1757157
1757363
1757568
1757776
1757982
1758186
1758389
1758597
1758801
1759006
1759207
1759411
1759617
1759823
1760024
1760226
1760430
1760634
1760836
1761043
1761249
1761455
1761662
1761866
1762070
1762276
1762479
1762681
1762884
1763092
1763300
1763501
1763707
1763911
1764117
1764318
1764520
1764723
1764928
1765132
1765333
1765537
1765742
1765944
1766151
1766357
1766562
1766768
1766973
1767178
1767383
1767586
1767792
1767999
1768206
1768416
1768622
1768826
1769032
1769238
1769442
1769650
1769853
1770061
1770270
1770472
1770674
1770880
1771090
1771300
1771501
1771705
1771910
1772113
1772315
1772518
1772724
1772926
1773129
1773335
1773539
1773747
1773956
1774164
1774370
1774573
1774777
1774983
1775188
1775394
1775599
1775807
1776012
1776218
1776420
1776624
1776828
1777036
1777240
1777443
1777645
1777857
1778061
1778268
1778473
1778678
1778881
1779087
1779289
1779495
1779698
1779905
1780113
1780320
1780523
1780728
1780934
1781137
1781342
1781546
1781751
1781955
1782161
1782366
1782570
1782775
1782980
1783185
1783392
1783595
1783801
1784009
1784214
1784420
1784626
1784833
1785038
1785240
1785444
1785647
1785852
1786053
1786257
1786464
1786672
1786877
1787079
1787283
1787486
1787690
1787893
1788100
1788302
1788508
1788713
1788915
1789119
1789322
1789528
1789734
1789944
1790149
1790352
1790559
1790767
1790973
1791181
1791383
1791585
1791789
1791995
1792201
1792404
1792605
1792811
1793013
1793219
1793422
1793628
1793831
1794034
1794238
1794440
1794645
1794850
1795059
1795265
1795473
1795680
1795883
1796092
1796296
1796499
1796702
1796906
1797109
1797314
1797521
1797728
1797934
1798140
1798345
1798548
1798755
1798959
1799167
1799373
1799579
1799784
1799989
1800193
1800403
1800607
1800811
1801017
1801223
1801426
1801629
1801834
1802037
1802243
1802446
1802649
1802854
1803060
1803265
1803468
1803674
1803877
1804087
1804292
1804495
1804700
1804907
1805114
1805317
1805519
1805725
1805927
1806130
1806340
1806545
1806752
1806958
1807166
1807370
1807574
1807778
1807984
1808187
1808397
1808604
1808807
1809009
1809214
1809420
1809628
1809834
1810040
1810242
1810444
1810648
1810852
1811057
1811263
1811467
1811668
1811871
1812078
1812280
1812484
1812688
1812893
1813097
1813300
1813508
1813719
1813921
1814128
1814331
1814535
1814740
1814946
1815154
1815359
1815569
1815772
1815974
1816179
1816384
1816590
1816796
1816999
1817204
1817407
1817612
1817815
1818025
1818227
1818430
1818632
1818837
1819044
1819248
1819451
1819653
1819857
1820062
1820267
1820472
1820680
1820884
1821092
1821296
1821498
1821704
1821910
1822113
1822318
1822523
1822728
1822931
1823141
1823347
1823552
1823756
1823961
1824163
1824364
1824565
1824766
1824971
1825176
1825383
1825589
1825796
1825999
1826205
1826410
1826616
1826820
1827023
1827227
1827429
1827635
1827841
1828045
1828254
1828457
1828665
1828871
1829076
1829282
1829484
1829689
1829895
1830099
1830305
1830508
1830711
1830916
1831124
1831331
1831539
1831746
1831950
1832154
1832357
1832562
1832764
1832968
1833173
1833380
1833586
1833788
1833993
1834197
1834400
1834603
1834808
1835015
1835217
1835417
1835624
1835828
1836034
1836237
1836444
1836652
1836858
1837065
1837270
1837479
1837684
1837886
1838087
1838294
1838499
1838707
1838914
1839124
1839331
1839533
1839736
1839941
1840145
1840352
1840556
1840762
1840965
1841169
1841375
1841583
1841787
1841993
1842197
1842399
1842607
1842813
1843015
1843222
1843424
1843629
1843833
1844036
1844242
1844450
1844652
1844857
1845064
1845268
1845468
1845674
1845877
1846081
1846285
1846488
1846691
1846896
1847098
1847302
1847504
1847707
1847912
1848113
1848316
1848522
1848727
1848932
1849137
1849339
1849543
1849748
1849952
1850157
1850364
1850568
1850772
1850978
1851183
1851393
1851594
1851800
1852005
1852212
1852415
1852619
1852825
1853033
1853237
1853439
1853647
1853852
1854058
1854262
1854467
1854672
1854884
1855085
1855292
1855499
1855709
1855915
1856119
1856322
1856525
1856729
1856941
1857146
1857352
1857555
1857760
1857966
1858171
1858374
1858579
1858782
1858993
1859198
1859405
1859609
1859816
1860025
1860231
1860434
1860639
1860846
1861051
1861254
1861461
1861666
1861872
1862076
1862281
1862484
1862692
1862897
1863103
1863305
1863509
1863714
1863920
1864124
1864329
1864535
1864739
1864942
1865149
1865356
1865563
1865767
1865973
1866177
1866380
1866586
1866792
1866995
1867204
1867409
1867611
1867813
1868021
1868227
1868431
1868634
1868842
1869048
1869254
1869459
1869669
1869877
1870080
1870286
1870490
1870692
1870898
1871103
1871308
1871514
1871718
1871924
1872130
1872335
1872541
1872746
1872951
1873155
1873360
1873566
1873770
1873974
1874181
1874389
1874591
1874798
1875003
1875207
1875411
1875616
1875822
1876028
1876232
1876443
1876646
1876852
1877057
1877259
1877467
1877673
1877876
1878079
1878284
1878487
1878695
1878899
1879102
1879310
1879515
1879721
1879926
1880131
1880337
1880544
1880751
1880956
1881157
1881359
1881566
1881772
1881980
1882186
1882388
1882595
1882800
1883004
1883211
1883422
1883622
1883827
1884034
1884241
1884449
1884654
1884857
1885063
1885269
1885473
1885679
1885887
1886091
1886298
1886500
1886706
1886911
1887115
1887320
1887525
1887730
1887935
1888140
1888343
1888546
1888749
1888954
1889161
1889366
1889572
1889776
1889981
1890184
1890386
1890591
1890796
1891001
1891204
1891409
1891617
1891823
1892025
1892230
1892435
1892640
1892848
1893058
1893264
1893474
1893681
1893890
1894094
1894296
1894502
1894705
1894909
1895111
1895316
1895518
1895722
1895925
1896133
1896340
1896546
1896757
1896960
1897166
1897369
1897573
1897780
1897981
1898185
1898387
1898590
1898791
1898995
1899201
1899404
1899607
1899814
1900021
1900226
1900430
1900633
1900835
1901039
1901246
1901452
1901656
1901861
1902063
1902267
1902472
1902676
1902881
1903086
1903292
1903496
1903700
1903903
1904107
1904311
1904514
1904717
1904923
1905129
1905334
1905538
1905747
1905950
1906153
1906358
1906567
1906777
1906981
1907190
1907392
1907598
1907806
1908008
1908210
1908417
1908623
1908826
1909033
1909242
1909447
1909650
1909853
1910056
1910258
1910460
1910667
1910874
1911077
1911285
1911489
1911692
1911898
1912107
1912310
1912516
1912720
1912931
1913137
1913340
1913543
1913746
1913954
1914162
1914368
1914577
1914782
1914987
1915195
1915399
1915602
1915810
1916015
1916218
1916422
1916625
1916828
1917030
1917235
1917438
1917638
1917842
1918048
1918260
1918463
1918668
1918871
1919078
1919290
1919494
1919697
1919902
1920108
1920314
1920515
1920721
1920928
1921131
1921334
1921535
1921741
1921944
1922146
1922355
1922563
1922767
1922971
1923178
1923379
1923584
1923787
1923990
1924192
1924397
1924601
1924807
1925017
1925222
1925427
1925628
1925830
1926035
1926241
1926446
1926648
1926853
1927056
1927257
1927460
1927663
1927866
1928079
1928282
1928488
1928690
1928891
1929097
1929303
1929509
1929714
1929920
1930125
1930330
1930533
1930737
1930942
1931147
1931351
1931559
1931764
1931970
1932173
1932377
1932581
1932785
1932989
1933195
1933399
1933603
1933806
1934011
1934216
1934422
1934629
1934834
1935039
1935242
1935450
1935656
1935866
1936068
1936271
1936474
1936679
1936883
1937088
1937294
1937500
1937707
1937913
1938116
1938322
1938527
1938731
1938933
1939139
1939345
1939548
1939755
1939961
1940164
1940367
1940570
1940775
1940982
1941185
1941388
1941593
1941797
1941999
1942208
1942414
1942618
1942826
1943030
1943235
1943440
1943643
1943848
1944051
1944255
1944459
1944662
1944870
1945073
1945277
1945481
1945684
1945889
1946095
1946298
1946502
1946705
1946906
1947113
1947318
1947524
1947729
1947932
1948133
1948335
1948540
1948746
1948952
1949154
1949359
1949566
1949769
1949976
1950183
1950390
1950593
1950801
1951007
1951212
1951417
1951624
1951827
1952032
1952235
1952441
1952643
1952847
1953057
1953262
1953470
1953673
1953876
1954079
1954284
1954488
1954692
1954896
1955102
1955309
1955515
1955720
1955926
1956134
1956338
1956541
1956746
1956948
1957154
1957359
1957568
1957772
1957974
1958180
1958385
1958589
1958792
1958999
1959201
1959408
1959614
1959815
1960020
1960223
1960432
1960634
1960839
1961045
1961251
1961452
1961658
1961861
1962067
1962269
1962475
1962681
1962887
1963091
1963295
1963500
1963708
1963912
1964119
1964326
1964530
1964735
1964937
1965142
1965349
1965554
1965759
1965964
1966167
1966368
1966576
1966783
1966985
1967191
1967393
1967600
1967807
1968011
1968214
1968418
1968625
1968826
1969031
1969234
1969440
1969645
1969852
1970059
1970262
1970469
1970673
1970881
1971085
1971292
1971495
1971702
1971906
1972111
1972317
1972525
1972727
1972930
1973132
1973336
1973539
1973745
1973951
1974157
1974361
1974564
1974767
1974970
1975174
1975380
1975582
1975786
1975989
1976191
1976400
1976605
1976813
1977019
1977225
1977430
1977637
1977841
1978047
1978253
1978457
1978661
1978864
1979071
1979278
1979486
1979692
1979897
1980102
1980307
1980510
1980713
1980917
1981122
1981328
1981531
1981736
1981943
1982145
1982347
1982552
1982756
1982959
1983166
1983372
1983579
1983783
1983986
1984191
1984396
1984600
1984808
1985014
1985220
1985431
1985637
1985842
1986046
1986251
1986457
1986663
1986866
1987069
1987272
1987477
1987679
1987884
1988087
1988295
1988499
1988705
1988909
1989111
1989316
1989519
1989725
1989931
1990136
1990338
1990543
1990747
1990950
1991154
1991361
1991564
1991769
1991975
1992177
1992382
1992589
1992795
1993004
1993209
1993412
1993620
1993824
1994026
1994228
1994431
1994636
1994840
1995044
1995252
1995459
1995661
1995865
1996068
1996275
1996477
1996682
1996886
1997090
1997298
1997505
1997708
1997913
1998115
1998319
1998521
1998727
1998936
1999143
1999347
1999549
1999751
1999952
2000155
2000359
2000564
2000767
2000970
2001173
2001377
2001580
2001783
2001988
2002191
2002397
2002604
2002813
2003017
2003224
2003429
2003634
2003841
2004047
2004251
2004455
2004660
2004866
2005070
2005271
2005477
2005683
2005887
2006091
2006296
2006507
2006713
2006922
2007123
2007329
2007534
2007739
2007946
2008148
2008354
2008558
2008762
2008967
2009171
2009379
2009586
2009790
2009993
2010197
2010401
2010607
2010810
2011017
2011224
2011430
2011637
2011841
2012046
2012252
2012458
2012664
2012866
2013071
2013275
2013477
2013682
2013885
2014088
2014295
2014500
2014704
2014906
2015111
2015315
2015520
2015723
2015927
2016129
2016336
2016541
2016745
2016952
2017155
2017357
2017560
2017766
2017971
2018177
2018381
2018586
2018795
2019002
2019205
2019409
2019614
2019818
2020023
2020228
2020431
2020635
2020838
2021041
2021248
2021456
2021665
2021870
2022079
2022285
2022489
2022692
2022897
2023101
2023307
2023513
2023719
2023922
2024131
2024334
2024540
2024740
2024945
2025151
2025355
2025558
2025759
2025961
2026168
2026377
2026582
2026786
2026988
2027194
2027401
2027606
2027813
2028022
2028224
2028433
2028635
2028839
2029050
2029256
2029461
2029667
2029871
2030077
2030281
2030486
2030690
2030894
2031096
2031299
2031502
2031707
2031910
2032112
2032314
2032521
2032723
2032926
2033131
2033333
2033539
2033746
2033949
2034153
2034360
2034563
2034768
2034972
2035178
2035382
2035595
2035797
2036001
2036205
2036409
2036616
2036820
2037027
2037232
2037436
2037646
2037850
2038055
2038259
2038465
2038670
2038875
2039084
2039291
2039496
2039702
2039906
2040108
2040316
2040517
2040725
2040930
2041131
2041337
2041538
2041743
2041947
2042154
2042358
2042560
2042766
2042971
2043175
2043384
2043587
2043794
2043998
2044199
2044407
2044612
2044818
2045022
2045227
2045432
2045641
2045848
2046051
2046258
2046463
2046668
2046874
2047079
2047285
2047489
2047698
2047905
2048108
2048315
2048518
2048728
2048933
2049139
2049342
2049547
2049751
2049954
2050160
2050363
2050568
2050776
2050982
2051187
2051393
2051596
2051797
2052003
2052206
2052409
2052614
2052817
2053022
2053224
2053429
2053633
2053844
2054051
2054254
2054461
2054663
2054865
2055071
2055272
2055479
2055682
2055887
2056090
2056295
2056498
2056700
2056905
2057110
2057311
2057517
2057722
2057927
2058131
2058336
2058546
2058751
2058957
2059164
2059371
2059577
2059783
2059989
2060192
2060394
2060599
2060804
2061013
2061214
2061422
2061626
2061831
2062040
2062246
2062450
2062655
2062861
2063068
2063271
2063477
2063684
2063887
2064090
2064302
2064508
2064712
2064914
2065120
2065322
2065525
2065728
2065934
2066138
2066341
2066541
2066745
2066949
2067152
2067358
2067567
2067776
2067979
2068185
2068391
2068596
2068800
2069003
2069209
2069411
2069614
2069819
2070024
2070227
2070435
2070640
2070841
2071047
2071252
2071460
2071664
2071873
2072081
2072287
2072493
2072698
2072901
2073104
2073306
2073510
2073722
2073928
2074134
2074339
2074546
2074751
2074959
2075165
2075369
2075573
2075775
2075979
2076183
2076393
2076599
2076801
2077005
2077210
2077415
2077621
2077824
2078027
2078228
2078436
2078640
2078849
2079053
2079256
2079460
2079664
2079869
2080073
2080275
2080480
2080686
2080896
2081100
2081306
2081514
2081721
2081926
2082132
2082337
2082538
2082749
2082954
2083160
2083363
2083566
2083772
2083977
2084185
2084390
2084592
2084796
2085000
2085207
2085413
2085621
2085824
2086030
2086234
2086437
2086641
2086847
2087052
2087256
2087464
2087669
2087871
2088079
2088281
2088485
2088694
2088899
2089109
2089310
2089522
2089729
2089934
2090140
2090345
2090551
2090754
2090956
2091159
2091360
2091565
2091771
2091978
2092183
2092387
2092591
2092794
2093002
2093209
2093416
2093621
2093826
2094028
2094232
2094436
2094641
2094844
2095048
2095251
2095452
2095655
2095862
2096068
2096271
2096481
2096686
2096890
2097094
2097301
2097508
2097711
2097915
2098121
2098332
2098539
2098746
2098948
2099152
2099356
2099560
2099765
2099969
2100176
2100380
2100587
2100793
2100996
2101202
2101409
2101613
2101820
2102025
2102229
2102433
2102639
2102843
2103047
2103254
2103456
2103661
2103864
2104069
2104273
2104481
2104685
2104888
2105095
2105299
2105502
2105707
2105911
2106113
2106318
2106521
2106727
2106933
2107139
2107341
2107544
2107750
2107953
2108161
2108364
2108569
2108773
2108975
2109179
2109383
2109590
2109799
2110004
2110207
2110413
2110618
2110825
2111029
2111233
2111443
2111649
2111854
2112061
2112268
2112474
2112682
2112886
2113090
2113297
2113501
2113706
2113914
2114120
2114326
2114533
2114742
2114943
2115150
2115352
2115555
2115760
2115965
2116169
2116372
2116576
2116782
2116988
2117191
2117395
2117606
2117815
2118024
2118229
2118434
2118636
2118841
2119045
2119252
2119460
2119662
2119867
2120076
2120281
2120488
2120692
2120897
2121098
2121302
2121506
2121713
2121917
2122119
2122322
2122529
2122733
2122935
2123141
2123342
2123550
2123753
2123964
2124169
2124378
2124581
2124786
2124994
2125198
2125402
2125607
2125813
2126020
2126223
2126426
2126629
2126833
2127037
2127239
2127443
2127647
2127850
2128056
2128261
2128465
2128670
2128871
2129077
2129280
2129486
2129690
2129894
2130096
2130299
2130503
2130704
2130907
2131112
2131321
2131528
2131732
2131944
2132148
2132352
2132558
2132762
2132973
2133177
2133381
2133586
2133797
2134002
2134208
2134416
2134619
2134822
2135024
2135226
2135432
2135637
2135841
2136045
2136258
2136460
2136663
2136866
2137074
2137279
2137481
2137687
2137890
2138092
2138294
2138498
2138702
2138906
2139109
2139313
2139522
2139726
2139935
2140143
2140346
2140552
2140758
2140973
2141179
2141383
2141587
2141790
2141996
2142206
2142411
2142619
2142821
2143027
2143232
2143437
2143646
2143848
2144052
2144258
2144461
2144667
2144876
2145079
2145287
2145490
2145694
2145904
2146110
2146312
2146517
2146721
2146922
2147130
2147338
2147541
2147748
2147951
2148157
2148359
2148564
2148769
2148974
2149176
2149383
2149593
2149801
2150008
2150209
2150411
2150616
2150823
2151029
2151233
2151442
2151645
2151848
2152053
2152257
2152465
2152671
2152874
2153078
2153283
2153490
2153696
2153902
2154105
2154311
2154514
2154721
2154927
2155136
2155340
2155546
2155753
2155956
2156160
2156364
2156567
2156772
2156978
2157184
2157390
2157597
2157802
2158004
2158208
2158412
2158618
2158818
2159018
2159219
2159427
2159634
2159839
2160047
2160254
2160461
2160668
2160877
2161078
2161284
2161490
2161695
2161899
2162104
2162308
2162510
2162714
2162922
2163128
2163336
2163541
2163745
2163951
2164153
2164359
2164564
2164771
2164978
2165187
2165391
2165599
2165807
2166010
2166215
2166420
2166628
2166831
2167034
2167240
2167449
2167654
2167858
2168065
2168269
2168475
2168681
2168887
2169090
2169299
2169506
2169712
2169914
2170115
2170321
2170523
2170727
2170933
2171140
2171351
2171556
2171764
2171972
2172179
2172383
2172586
2172790
2172997
2173202
2173408
2173614
2173820
2174028
2174235
2174439
2174647
2174849
2175054
2175257
2175461
2175667
2175871
2176077
2176281
2176489
2176693
2176898
2177104
2177308
2177511
2177712
2177916
2178122
2178325
2178529
2178735
2178938
2179141
2179343
2179553
2179758
2179964
2180167
2180371
2180574
2180780
2180985
2181189
2181396
2181601
2181807
2182009
2182210
2182411
2182621
2182830
2183040
2183246
2183451
2183657
2183860
2184065
2184266
2184470
2184677
2184884
2185086
2185293
2185496
2185700
2185903
2186104
2186309
2186515
2186720
2186925
2187129
2187332
2187535
2187737
2187941
2188148
2188351
2188559
2188763
2188969
2189173
2189374
2189580
2189786
2189992
2190196
2190400
2190603
2190808
2191014
2191217
2191422
2191631
2191837
2192042
2192248
2192450
2192651
2192854
2193057
2193261
2193471
2193674
2193879
2194082
2194286
2194489
2194696
2194903
2195109
2195310
2195515
2195719
2195920
2196123
2196328
2196532
2196736
2196940
2197146
2197352
2197557
2197762
2197967
2198171
2198377
2198583
2198787
2198991
2199195
2199401
2199606
2199809
2200011
2200220
2200428
2200635
2200839
2201047
2201250
2201454
2201658
2201867
2202074
2202281
2202491
2202693
2202896
2203103
2203307
2203511
2203717
2203924
2204127
2204329
2204532
2204736
2204946
2205151
2205355
2205559
2205765
2205969
2206171
2206375
2206583
2206787
2206991
2207196
2207398
2207602
2207806
2208013
2208218
2208425
2208634
2208840
2209046
2209250
2209455
2209661
2209868
2210071
2210276
2210481
2210683
2210888
2211092
2211296
2211505
2211709
2211913
2212115
2212318
2212524
2212726
2212930
2213134
2213338
2213542
2213746
2213948
2214153
2214358
2214565
2214773
2214979
2215188
2215395
2215599
2215801
2216006
2216211
2216417
2216624
2216828
2217032
2217236
2217444
2217651
2217857
2218062
2218266
2218472
2218675
2218881
2219085
2219291
2219496
2219698
2219901
2220105
2220309
2220515
2220719
2220927
2221135
2221340
2221547
2221753
2221958
2222163
2222372
2222575
2222778
2222982
2223192
2223399
2223607
2223814
2224016
2224221
2224424
2224629
2224835
2225036
2225243
2225448
2225655
2225864
2226071
2226280
2226482
2226683
2226887
2227090
2227298
2227501
2227704
2227912
2228117
2228322
2228527
2228732
2228934
2229142
2229348
2229555
2229759
2229964
2230168
2230370
2230575
2230781
2230983
2231193
2231395
2231597
2231800
2232003
2232206
2232410
2232617
2232821
2233024
2233227
2233432
2233637
2233844
2234045
2234250
2234455
2234663
2234871
2235077
2235285
2235488
2235689
2235895
2236098
2236303
2236504
2236707
2236913
2237123
2237326
2237529
2237735
2237939
2238143
2238348
2238549
2238752
2238958
2239161
2239366
2239572
2239777
2239980
2240185
2240392
2240594
2240800
2241005
2241209
2241416
2241623
2241824
2242030
2242235
2242439
2242643
2242848
2243050
2243255
2243463
2243665
2243867
2244071
2244279
2244482
2244689
2244892
2245096
2245303
2245506
2245717
2245924
2246129
2246334
2246537
2246742
2246948
2247156
2247364
2247568
2247773
2247976
2248178
2248379
2248583
2248786
2248993
2249199
2249404
2249609
2249815
2250019
2250224
2250430
2250636
2250841
2251048
2251254
2251460
2251663
2251869
2252076
2252282
2252486
2252688
2252892
2253097
2253302
2253507
2253714
2253919
2254121
2254329
2254535
2254739
2254941
2255150
2255354
2255559
2255767
2255972
2256177
2256381
2256584
2256794
2257001
2257205
2257408
2257614
2257817
2258022
2258227
2258432
2258634
2258838
2259045
2259250
2259458
2259662
2259867
2260072
2260274
2260482
2260687
2260894
2261101
2261305
2261508
2261713
2261920
2262128
2262331
2262535
2262742
2262945
2263152
2263359
2263566
2263771
2263976
2264180
2264383
2264587
2264793
2264996
2265200
2265401
2265608
2265817
2266023
2266231
2266435
2266645
2266852
2267056
2267264
2267468
2267669
2267875
2268078
2268289
2268499
2268705
2268908
2269112
2269318
2269520
2269727
2269939
2270145
2270351
2270556
2270762
2270965
2271172
2271378
2271582
2271784
2271993
2272199
2272409
2272614
2272820
2273023
2273225
2273428
2273631
2273835
2274040
2274245
2274449
2274653
2274857
2275063
2275269
2275473
2275678
2275883
2276088
2276290
2276493
2276699
2276903
2277114
2277318
2277524
2277731
2277936
2278140
2278344
2278546
2278751
2278956
2279159
2279364
2279570
2279776
2279981
2280184
2280393
2280597
2280809
2281013
2281220
2281427
2281630
2281834
2282043
2282248
2282455
2282659
2282863
2283066
2283269
2283474
2283681
2283886
2284093
2284296
2284499
2284705
2284908
2285113
2285318
2285520
2285722
2285927
2286133
2286340
2286546
2286748
2286953
2287159
2287365
2287570
2287772
2287974
2288181
2288383
2288586
2288791
2288995
2289197
2289403
2289607
2289811
2290018
2290223
2290427
2290634
2290842
2291047
2291253
2291460
2291665
2291869
2292071
2292278
2292481
2292687
2292889
2293092
2293300
2293504
2293711
2293917
2294122
2294329
2294534
2294739
2294943
2295146
2295354
2295559
2295761
2295965
2296168
2296375
2296579
2296782
2296985
2297188
2297396
2297600
2297803
2298006
2298207
2298409
2298613
2298818
2299022
2299227
2299430
2299633
2299840
2300048
2300250
2300455
2300661
2300864
2301070
2301274
2301479
2301685
2301887
2302095
2302297
2302502
2302705
2302916
2303119
2303324
2303531
2303737
2303941
2304155
2304359
2304563
2304768
2304972
2305176
2305379
2305582
2305787
2305995
2306199
2306403
2306610
2306814
2307017
2307225
2307433
2307635
2307842
2308046
2308252
2308454
2308657
2308862
2309071
2309275
2309479
2309690
2309898
2310107
2310310
2310516
2310722
2310925
2311128
2311337
2311542
2311751
2311956
2312161
2312364
2312569
2312771
2312975
2313180
2313387
2313591
2313796
2314004
2314209
2314412
2314616
2314821
2315026
2315232
2315436
2315639
2315840
2316045
2316250
2316456
2316658
2316866
2317072
2317275
2317480
2317686
2317893
2318100
2318307
2318511
2318715
2318919
2319125
2319328
2319533
2319734
2319941
2320145
2320355
2320558
2320762
2320969
2321173
2321376
2321579
2321783
2321985
2322193
2322398
2322605
2322810
2323012
2323218
2323424
2323630
2323835
2324039
2324243
2324446
2324652
2324855
2325060
2325265
2325468
2325675
2325880
2326083
2326291
2326494
2326696
2326901
2327113
2327316
2327526
2327730
2327939
2328141
2328348
2328553
2328760
2328965
2329171
2329376
2329580
2329782
2329988
2330192
2330396
2330601
2330807
2331012
2331216
2331422
2331627
2331832
2332042
2332245
2332449
2332656
2332865
2333071
2333274
2333478
2333686
2333892
2334096
2334299
2334502
2334710
2334910
2335119
2335327
2335531
2335735
2335944
2336149
2336353
2336557
2336763
2336972
2337176
2337381
2337590
2337792
2337998
2338204
2338406
2338615
2338820
2339028
2339235
2339439
2339647
2339847
2340052
2340255
2340459
2340663
2340866
2341072
2341274
2341483
2341687
2341891
2342093
2342298
2342507
2342712
2342915
2343122
2343326
2343529
2343739
2343944
2344151
2344356
2344560
2344763
2344966
2345171
2345377
2345581
2345786
2345993
2346200
2346404
2346612
2346820
2347029
2347232
2347442
2347646
2347852
2348059
2348264
2348471
2348674
2348877
2349080
2349283
2349486
2349691
2349896
2350101
2350306
2350511
2350715
2350920
2351123
2351329
2351533
2351736
2351941
2352149
2352353
2352558
2352766
2352971
2353178
2353380
2353587
2353798
2354004
2354205
2354410
2354615
2354819
2355023
2355229
2355438
2355644
2355849
2356052
2356258
2356466
2356668
2356871
2357075
2357278
2357483
2357690
2357895
2358097
2358303
2358510
2358717
2358920
2359125
2359333
2359537
2359742
2359950
2360155
2360360
2360568
2360774
2360978
2361181
2361386
2361592
2361798
2362003
2362209
2362414
2362619
2362826
2363033
2363239
2363446
2363653
2363860
2364064
2364270
2364475
2364680
2364884
2365088
2365296
2365504
2365706
2365912
2366114
2366321
2366524
2366729
2366930
2367136
2367348
2367555
2367762
2367967
2368171
2368378
2368587
2368788
2368994
2369195
2369398
2369600
2369806
2370010
2370215
2370420
2370623
2370829
2371034
2371239
2371439
2371644
2371846
2372052
2372259
2372461
2372667
2372871
2373077
2373282
2373484
2373689
2373894
2374096
2374301
2374505
2374709
2374914
2375121
2375326
2375532
2375737
2375947
2376152
2376358
2376560
2376768
2376974
2377179
2377382
2377588
2377791
2377998
2378201
2378410
2378612
2378817
2379021
2379224
2379428
2379634
2379838
2380042
2380246
2380451
2380657
2380865
2381070
2381276
2381482
2381693
2381898
2382102
2382308
2382510
2382715
2382917
2383122
2383325
2383530
2383737
2383941
2384146
2384356
2384562
2384766
2384969
2385177
2385384
2385586
2385790
2385994
2386205
2386410
2386614
2386818
2387023
2387231
2387436
2387643
2387845
2388048
2388256
2388460
2388665
2388871
2389077
2389280
2389483
2389690
2389897
2390101
2390308
2390511
2390715
2390921
2391126
2391330
2391531
2391741
2391945
2392146
2392348
2392552
2392756
2392959
2393166
2393373
2393579
2393781
2393984
2394190
2394396
2394600
2394802
2395008
2395212
2395416
2395622
2395827
2396032
2396235
2396442
2396648
2396858
2397062
2397268
2397474
2397677
2397880
2398086
2398289
2398493
2398695
2398900
2399105
2399312
2399518
2399726
2399929
2400136
2400345
2400547
2400750
2400953
2401156
2401361
2401566
2401769
2401970
2402175
2402380
2402590
2402797
2403007
2403215
2403419
2403625
2403830
2404036
2404239
2404446
2404649
2404852
2405061
2405265
2405469
2405675
2405879
2406082
2406289
2406497
2406701
2406904
2407109
2407312
2407517
2407721
2407924
2408128
2408334
2408540
2408742
2408948
2409149
2409354
2409562
2409766
2409969
2410174
2410382
2410586
2410790
2410995
2411200
2411402
2411606
2411809
2412015
2412219
2412426
2412636
2412840
2413047
2413251
2413455
2413664
2413871
2414073
2414276
2414478
2414683
2414886
2415091
2415292
2415493
2415698
2415901
2416109
2416314
2416519
2416725
2416930
2417132
2417335
2417541
2417748
2417950
2418155
2418361
2418569
2418774
2418976
2419178
2419382
2419585
2419788
2419994
2420203
2420408
2420611
2420818
2421022
2421226
2421434
2421641
2421844
2422051
2422256
2422461
2422665
2422872
2423078
2423283
2423489
2423695
2423901
2424107
2424311
2424517
2424721
2424925
2425128
2425329
2425531
2425733
2425936
2426138
2426340
2426543
2426750
2426954
2427162
2427365
2427573
2427781
2427987
2428191
2428398
2428609
2428813
2429018
2429221
2429421
2429631
2429836
2430038
2430244
2430456
2430665
2430868
2431070
2431275
2431478
2431680
2431884
2432088
2432291
2432494
2432699
2432901
2433108
2433314
2433520
2433726
2433930
2434136
2434339
2434544
2434754
2434957
2435161
2435368
2435570
2435777
2435985
2436190
2436395
2436599
2436804
2437007
2437210
2437416
2437621
2437827
2438034
2438243
2438448
2438653
2438857
2439062
2439265
2439475
2439683
2439887
2440092
2440294
2440499
2440711
2440918
2441126
2441331
2441539
2441743
2441948
2442155
2442363
2442564
2442768
2442976
2443179
2443386
2443592
2443794
2443996
2444199
2444403
2444604
2444816
2445020
2445224
2445427
2445629
2445830
2446037
2446246
2446449
2446655
2446858
2447063
2447268
2447478
2447683
2447887
2448088
2448292
2448495
2448700
2448905
2449110
2449314
2449514
2449720
2449926
2450139
2450342
2450544
2450749
2450953
2451159
2451362
2451566
2451770
2451975
2452179
2452383
2452588
2452792
2452994
2453196
2453404
2453608
2453812
2454018
2454223
2454428
2454634
2454838
2455047
2455252
2455453
2455661
2455868
2456073
2456279
2456484
2456686
2456887
2457091
2457298
2457502
2457706
2457912
2458116
2458320
2458523
2458729
2458935
2459139
2459346
2459549
2459750
2459953
2460156
2460363
2460571
2460776
2460983
2461195
2461399
2461607
2461811
2462017
2462225
2462430
2462633
2462840
2463049
2463256
2463459
2463664
2463871
2464075
2464279
2464484
2464690
2464892
2465097
2465304
2465510
2465717
2465920
2466124
2466329
2466538
2466741
2466947
2467154
2467358
2467565
2467770
2467976
2468182
2468385
2468587
2468798
2469005
2469210
2469418
2469622
2469828
2470034
2470244
2470446
2470646
2470851
2471055
2471261
2471468
2471671
2471879
2472084
2472290
2472493
2472698
2472903
2473107
2473312
2473515
2473723
2473928
2474134
2474338
2474546
2474750
2474957
2475160
2475363
2475568
2475774
2475979
2476182
2476386
2476591
2476797
2477005
2477209
2477417
2477624
2477830
2478036
2478237
2478443
2478647
2478849
2479053
2479257
2479461
2479666
2479867
2480074
2480281
2480484
2480689
2480896
2481099
2481301
2481510
2481715
2481918
2482125
2482327
2482529
2482735
2482937
2483142
2483349
2483562
2483770
2483973
2484175
2484378
2484580
2484785
2484994
2485199
2485402
2485605
2485808
2486013
2486216
2486424
2486630
2486839
2487043
2487251
2487457
2487661
2487870
2488076
2488282
2488484
2488687
2488890
2489095
2489299
2489502
2489705
2489908
2490114
2490314
2490521
2490723
2490926
2491132
2491336
2491545
2491746
2491947
2492154
2492357
2492559
2492768
2492973
2493175
2493380
2493585
2493793
2493997
2494202
2494407
2494614
2494817
2495020
2495223
2495427
2495629
2495833
2496040
2496243
2496445
2496651
2496853
2497057
2497263
2497465
2497671
2497874
2498076
2498283
2498488
2498700
2498906
2499106
2499313
2499515
2499720
2499922
2500127
2500334
2500540
2500743
2500947
2501153
2501359
2501565
2501768
2501979
2502183
2502388
2502594
2502799
2503006
2503212
2503421
2503628
2503831
2504035
2504243
2504447
2504652
2504854
2505062
2505271