515.9885
511.8753
509.2435
506.1477
503.8115
501.9863
500.7731
497.9257
496.183
493.2372
490.8112
488.0163
484.4482
482.068
479.8085
477.7639
476.6065
475.2542
473.7684
472.3291
472.0141
471.6653
470.7822
469.1378
468.1225
466.615
465.7195
464.1221
461.4799
460.3988
459.335
458.8733
457.5836
456.7967
456.2369
455.4362
454.3695
452.8722
452.2561
450.7199
449.5843
448.5676
447.9088
447.0125
446.3425
445.9368
445.3011
444.8921
444.5757
444.4947
443.7352
443.0892
442.1061
441.1275
439.7213
438.4333
437.2948
436.2775
435.5659
434.9674
434.5547
434.3717
433.5453
433.0827
432.2656
431.4485
430.842
430.4538
429.5674
428.4576
427.3193
426.7579
425.9488
425.3011
425.0634
424.3189
423.9153
422.8539
422.6136
422.2603
421.4649
420.6821
419.6985
419.0928
418.5355
417.9121
417.3279
416.8335
415.9821
415.4592
414.904
413.9808
413.4072
412.5427
411.759
410.9505
410.7092
410.1181
409.161
408.3926
407.3736
406.8287
406.0714
405.2715
404.7118
404.6054
404.0896
403.6379
403.3552
402.3643
401.5552
400.9029
400.2886
399.8141
398.7841
398.1408
397.6931
397.1205
395.935
394.9703
394.4373
393.398
392.7047
391.7737
390.8959
390.2687
389.4691
388.7617
388.2453
387.5769
387.2402
386.7871
386.3445
385.9088
385.5792
385.1238
384.8476
384.6825
384.2378
383.8253
383.2512
382.654
382.4847
381.9855
381.6272
381.2163
380.5354
379.7769
379.1321
378.3209
377.7744
377.6278
377.32
376.7033
376.2138
375.5488
375.1208
374.8188
374.2621
373.8094
372.9832
372.5115
372.1311
371.5653
371.3195
370.8888
370.2387
369.6503
369.3219
369.1404
368.7811
367.8871
367.1192
366.3526
365.6329
365.3302
365.1219
365.0097
364.7279
363.9913
363.5711
363.1975
362.7322
362.4876
362.3982
362.6508
362.6921
362.5585
362.2564
361.9135
361.7355
361.2516
360.479
359.5175
358.9958
358.7991
358.209
357.1964
356.9111
356.3754
355.9379
355.1775
354.6044
353.7602
352.8794
352.302
351.6766
351.1012
350.3405
349.8902
349.2007
348.6206
348.0502
347.6029
347.1847
346.919
346.7045
346.4242
346.3402
345.8136
345.3365
344.6005
344.0449
343.4735
343.0102
342.6107
342.3412
342.0883
341.9114
341.3805
341.0691
340.5996
340.1674
339.8487
339.3943
339.1573
339.0134
338.7434
338.2651
337.8896
337.6552
337.176
336.724
335.9028
335.623
335.1404
334.8697
334.5702
334.0202
333.5695
333.2636
332.7919
332.373
332.0838
331.6463
331.3676
331.207
331.0881
330.8176
330.5847
330.2926
329.9901
329.6831
329.4394
329.1351
328.8356
328.538
328.2719
328.0395
327.872
327.6284
327.5243
327.3947
327.0744
326.9538
326.622
326.307
325.8997
325.5139
325.0272
324.6819
324.5477
324.3961
324.2159
324.0126
323.7966
323.4603
323.3042
323.0798
322.8395
322.8318
322.7146
322.5132
322.6147
322.4296
322.3547
322.0107
321.6444
321.1611
320.9928
320.7292
320.6241
320.5987
320.507
320.6168
320.6613
320.4703
320.6369
320.4144
320.5734
320.6364
320.1751
319.9953
319.6107
319.0819
318.9543
319.4283
319.3309
319.6261
319.2453
319.4391
319.3885
318.6994
318.7306
318.2484
317.7669
317.3454
316.9062
316.7256
316.7126
316.156
315.854
315.4159
315.0489
314.8105
314.5611
314.2517
314.2022
313.7863
313.4173
312.9862
312.6064
312.351
311.678
311.3041
310.8271
310.4584
310.0814
309.7221
309.3724
309.2651
308.8273
308.4564
308.2359
307.7205
307.4828
307.4939
307.2744
307.181
307.0169
306.9784
306.9761
306.9393
306.8725
306.5078
306.3781
306.068
306.0381
305.6383
305.1657
305.2567
305.256
305.0393
304.8182
304.4
304.1078
303.6745
303.2049
302.9731
302.637
302.2353
301.7873
301.3711
301.0239
300.6831
300.4203
300.08
299.7698
299.5927
299.2247
298.9799
298.7507
298.3484
298.1565
297.8898
297.6133
297.4327
297.17
297.0693
296.7969
296.6062
296.4912
296.3725
296.2963
296.1004
295.9247
295.7808
295.7095
295.6062
295.5752
295.4958
295.3663
295.2677
295.2088
295.1928
295.1248
294.953
294.9282
294.7795
294.6935
294.4546
294.3791
294.1355
293.776
293.2517
292.8497
292.6336
292.6022
292.4173
292.3307
292.1842
292.0784
291.8169
291.4895
291.2055
290.8733
290.7044
290.4053
290.239
290.1795
290.1563
290.0093
289.8718
289.8028
289.7722
289.603
289.3743
289.2743
289.253
289.1709
289.2106
289.1553
288.9246
288.7674
288.57
288.6511
288.4979
288.4494
288.6125
288.6194
288.4956
288.436
287.9077
287.6531
287.4602
286.8909
286.4441
286.2628
286.0665
285.8129
285.572
285.3559
285.2953
285.1255
285.0035
284.7962
284.6621
284.338
284.3037
284.2094
284.0928
284.0053
283.8806
283.8701
283.6425
283.4431
283.4083
283.3495
283.1779
282.9774
282.6672
282.3484
282.0624
281.8168
281.7641
281.7145
281.68
281.575
281.5959
281.4206
281.4191
280.9446
280.6477
280.181
279.7081
279.2081
278.8716
278.4377
278.134
277.8895
277.7507
277.6271
277.5208
277.3585
277.2571
277.054
276.8426
276.6963
276.4926
276.2418
276.1205
275.962
275.9585
275.909
275.7519
275.6142
275.5031
275.3321
275.2844
275.1617
275.0477
275.0005
274.9095
274.6366
274.6512
274.7013
274.7137
274.7545
274.6522
274.6323
274.5786
274.4577
274.2801
274.1633
273.9917
274.0206
273.9399
273.8283
273.5636
273.4779
273.2422
273.0561
273.0445
273.0528
272.7969
272.6436
272.2948
271.9845
271.822
271.6855
271.6464
271.6423
271.6465
271.6213
271.6014
271.6538
271.6187
271.7289
271.7017
271.7129
271.7231
271.6292
271.6247
271.6412
271.5162
271.3211
271.2944
271.1578
271.0777
271.0323
270.7642
270.5152
270.4083
270.2521
269.9551
269.6514
269.4689
269.3379
269.1739
269.0334
268.9505
268.7099
268.6438
268.5187
268.4116
268.2945
268.2654
268.1506
267.9959
267.9109
267.7766
267.6674
267.5571
267.5325
267.5374
267.4884
267.38
267.4635
267.2506
267.2131
267.1252
266.9729
266.8427
266.7899
266.6091
266.528
266.3142
266.1236
265.9696
265.7858
265.6237
265.4844
265.2885
265.216
265.1292
264.9804
264.9091
264.8277
264.7738
264.6697
264.3932
264.0335
263.7407
263.6529
263.5501
263.4412
263.2797
263.049
263.0323
262.9872
262.9635
263.0377
262.9821
263.005
262.9911
263.0367
263.1771
263.2549
263.0359
262.9031
263.0619
263.0327
263.0356
263.2231
263.0824
262.9617
262.9394
262.6953
262.6523
262.5967
262.477
262.4056
262.163
262.0952
261.7219
261.3451
261.227
260.9511
260.6659
260.4492
260.1668
260.0213
259.7643
259.6635
259.3413
259.0576
258.8375
258.5895
258.2415
257.9225
257.6844
257.453
257.3388
256.9265
256.7759
256.5829
256.1833
255.9788
255.8109
255.7033
255.5497
255.3986
255.1881
254.9317
254.7332
254.4676
254.3331
254.2689
254.1996
254.0259
253.7693
253.5793
253.3334
253.109
252.973
252.9962
252.9315
252.812
252.6632
252.5211
252.5161
252.4676
252.2454
252.2525
252.2416
252.1404
252.078
251.9303
251.77
251.8003
251.6084
251.6443
251.6361
251.5574
251.4673
251.213
250.9679
250.8311
250.8372
250.7804
250.6617
250.5087
250.497
250.4665
250.5052
250.4754
250.4058
250.2969
250.1631
250.0426
249.9763
249.8924
249.7368
249.6139
249.5499
249.3371
248.909
248.7513
248.781
248.7559
248.7655
248.7967
248.8179
248.8456
248.9046
248.864
248.9024
248.7117
248.7487
248.6354
248.5965
248.578
248.5939
248.3171
248.113
247.8484
247.6178
247.502
247.4666
247.4552
247.4518
247.2726
247.3077
247.2813
247.2247
247.2242
247.1458
247.2093
247.1326
247.4587
247.3893
247.6023
247.5497
247.6119
247.5167
247.4111
247.6112
247.6476
247.3324
247.0506
246.8542
246.5967
246.2785
246.0024
245.665
245.45
245.3927
245.1924
245.1035
244.8648
244.9197
244.7142
244.6366
244.4656
244.3999
244.4809
244.3785
244.3499
244.2969
244.3215
244.3125
244.1084
244.1888
243.9098
243.8572
243.9606
243.7986
243.8451
243.7121
243.8178
243.4584
243.4074
243.2839
243.3536
243.2662
243.3504
243.298
243.1755
243.0977
242.9817
242.7106
242.5659
242.4209
242.2223
242.0695
241.9662
241.9711
241.8926
241.7437
241.6308
241.4859
241.3689
241.2178
241.0891
241.1051
241.1395
241.1944
241.2548
241.1997
241.2616
241.2303
241.3112
241.1817
241.1069
241.1337
241.0831
241.127
241.0277
240.9854
240.9667
241.0074
240.8646
240.8296
240.7662
240.8904
240.8755
240.9208
240.8622
240.7223
240.696
240.5502
240.4735
240.4506
240.3928
240.3196
240.193
240.1304
240.0541
239.8708
239.584
239.4448
239.2438
239.0855
238.9096
238.7476
238.5362
238.3123
238.181
238.1697
238.0126
237.9202
237.5794
237.4807
237.3255
237.2347
237.1125
237.0988
236.9626
236.9417
236.817
236.66
236.6651
236.5626
236.4843
236.4311
236.3779
236.3375
236.3509
236.3076
236.1854
236.1408
236.0487
235.9367
235.8615
235.7717
235.8012
235.8251
235.7627
235.8287
235.8254
235.7978
235.8789
235.7784
235.7583
235.6958
235.6786
235.5361
235.3677
235.3672
235.3665
235.3896
235.4019
235.428
235.5289
235.4782
235.4608
235.5048
235.4987
235.4619
235.5975
235.3596
235.2471
235.0753
234.9022
234.7578
234.6397
234.5482
234.5947
234.4489
234.4218
234.2797
234.1728
234.0826
234.0407
233.9267
233.8243
233.7664
233.8457
233.7761
233.6524
233.6556
233.6515
233.616
233.6054
233.566
233.5738
233.4581
233.3576
233.1714
233.0222
232.7876
232.455
232.3477
232.2094
232.0665
231.9004
231.7362
231.5783
231.3856
231.2459
231.0895
231.0217
230.8935
230.8167
230.7362
230.647
230.5013
230.4785
230.4709
230.4711
230.5076
230.5065
230.4876
230.538
230.5788
230.603
230.7222
230.6626
230.5585
230.55
230.509
230.4514
230.2818
230.2207
230.0135
230.0299
230.0168
229.9164
229.9188
229.8196
229.7121
229.6495
229.526
229.5124
229.3974
229.313
229.3365
229.2998
229.2304
229.1092
228.9061
228.8971
228.9163
228.8137
228.6579
228.6458
228.5193
228.5941
228.5218
228.5362
228.3625
228.3248
228.1435
228.0142
227.8867
227.9995
227.8855
227.7435
227.5325
227.4032
227.2714
227.1838
227.0755
227.0325
227.0796
226.906
226.8381
226.6481
226.4576
226.3646
226.1372
226.0429
225.9005
225.7254
225.6068
225.5741
225.5345
225.4493
225.4272
225.3026
225.2234
225.0419
224.8774
224.8472
224.839
224.839
224.8497
224.8356
224.8213
224.8199
224.8401
224.7247
224.6282
224.3226
224.038
223.873
223.8203
223.8132
223.8076
223.8008
223.7766
223.7814
223.7717
223.6833
223.6624
223.2557
223.2495
223.2675
223.2897
223.2927
223.3345
223.4241
223.3621
223.3605
223.3573
223.3247
223.2845
223.3045
223.1469
222.9336
222.8647
222.8
222.7343
222.5332
222.4316
222.4046
222.2866
222.1515
221.9324
221.766
221.5887
221.4585
221.1387
220.8584
220.7223
220.6422
220.7034
220.4003
220.3291
220.3396
220.4219
220.3354
220.3629
220.2103
220.223
220.2148
220.2309
220.1931
220.1602
220.0124
220.0868
219.9345
219.8732
219.7825
219.7314
219.5887
219.6728
219.6858
219.6727
219.7104
219.5895
219.6917
219.5115
219.6195
219.5892
219.4846
219.2851
219.2118
219.0624
218.9801
219.043
218.9069
218.9009
218.7391
218.6449
218.3255
218.0741
218.0358
217.9873
217.958
217.9151
217.9281
217.8942
217.7031
217.5735
217.4177
217.32
217.1796
217.1889
217.0028
216.8461
216.8238
216.8526
216.7173
216.5208
216.4193
216.2169
216.0126
215.8806
215.7532
215.6707
215.5137
215.4905
215.4707
215.4707
215.4707
215.4707
215.4707
215.4749
215.4707
215.4707
215.4788
215.4707
215.4707
215.4707
215.4707
215.4707
215.4971
215.4707
215.4754
215.4993
215.4707
215.4707
215.4727
215.4805
215.4707
215.47
215.5322
215.4821
215.527
215.5888
215.5065
215.4011
215.4283
215.4343
215.4039
215.3029
215.3326
215.2395
215.0609
215.1074
215.0548
214.9727
214.8
214.6895
214.7
214.6832
214.5914
214.3866
214.3326
214.0973
214.142
214.0962
214.101
214.1226
214.1164
214.1468
214.1421
214.1132
214.0375
214.0113
214.0087
213.9877
213.9904
214.005
214.0169
214.0112
213.9758
213.9769
213.956
214.077
214.0506
214.007
213.9297
213.6713
213.5299
213.3531
213.3531
213.3741
213.3531
213.3531
213.3531
213.3654
213.3531
213.3531
213.3592
213.3718
213.3656
213.4312
213.5131
213.5034
213.4052
213.1696
213.1789
213.1643
213.1619
213.1386
213.0232
213.0232
213.0232
213.0232
213.0232
213.0232
213.0296
213.0285
213.0432
213.0211
213.032
213.0585
213.1035
213.024
213.0492
213.1495
213.0634
212.9869
212.868
212.831
212.7747
212.6499
212.4867
212.2477
212.105
212.0511
212.1697
212.0814
212.0226
212.1057
211.9956
212.0893
212.1118
212.1246
212.1013
212.0937
211.9975
212.0384
212.0224
212.0747
211.8997
211.9826
211.7855
211.5646
211.4094
211.3627
211.0791
210.986
211.003
211.0665
211.0538
211.0513
211.0795
211.0268
210.9862
211.0611
211.03
211.1181
211.0978
211.0132
211.0294
211.0666
211.0464
210.7718
210.5626
210.4375
210.3599
210.2465
210.0582
209.9954
209.8904
209.8283
209.7644
209.6509
209.4678
209.4356
209.4356
209.4356
209.4356
209.4336
209.4315
209.4811
209.4395
209.4695
209.4527
209.4634
209.452
209.4556
209.3658
209.3195
209.3758
209.4226
209.285
209.3166
209.3054
209.2903
209.1796
208.9991
208.9334
208.614
208.4491
208.4478
208.4418
208.4331
208.2852
208.158
208.1317
208.1291
208.1349
208.1488
208.1336
208.2708
208.2855
208.2286
208.1696
208.2238
208.1831
208.1463
207.9878
207.8023
207.7357
207.734
207.7473
207.7907
207.6837
207.5928
207.6027
207.594
207.4891
207.4383
207.4015
207.3566
207.3798
207.2351
207.1291
206.9721
206.8554
206.9081
206.812
206.6732
206.6203
206.5842
206.4962
206.3897
206.3079
206.249
206.1939
206.0745
206.0536
206.0227
205.9633
205.986
206.0049
206.0081
205.9619
205.88
205.8849
205.8483
205.7597
205.5844
205.5273
205.4262
205.3307
205.3027
205.2988
205.2481
205.079
204.8602
204.7982
204.7603
204.6832
204.56
204.56
204.5567
204.5704
204.5299
204.5692
204.5629
204.5612
204.389
204.2113
204.1408
204.0167
203.9537
203.9472
203.9414
203.922
203.9075
203.8772
203.8763
203.8728
203.8852
203.8539
203.8644
203.825
203.8116
203.8012
203.8282
203.8454
203.7812
203.7535
203.6766
203.6696
203.6559
203.6423
203.561
203.5455
203.5292
203.5474
203.515
203.4816
203.4526
203.4541
203.4655
203.4773
203.5228
203.4672
203.5311
203.458
203.4403
203.4995
203.5373
203.6328
203.6494
203.6451
203.6675
203.5121
203.5129
203.55
203.5205
203.3536
203.2322
203.1831
203.0431
203.0563
202.9234
202.8484
202.829
202.5861
202.5006
202.2709
202.1188
202.1401
202.1089
202.0701
201.9896
201.9128
201.7918
201.6862
201.6812
201.6169
201.4928
201.4562
201.3638
201.267
201.2356
201.1566
201.1109
201.1279
201.0627
200.9658
200.8041
200.6812
200.576
200.5327
200.493
200.3695
200.3775
200.3695
200.3692
200.3752
200.3719
200.4382
200.4205
200.4396
200.4549
200.3733
200.2826
200.132
199.9397
199.7868
199.7954
199.8709
199.7867
199.6397
199.6154
199.5778
199.5778
199.3639
199.228
199.1248
198.8778
198.8061
198.5987
198.4715
198.2964
198.1966
198.1807
198.1476
198.1405
198.1552
198.1521
198.1697
198.1399
198.1461
198.1401
198.1299
198.1298
198.1308
198.1416
198.1161
198.0181
198.0395
198.0419
197.9697
197.9305
197.9375
197.8477
197.8322
197.6186
197.5731
197.5619
197.5112
197.4266
197.2693
197.2537
197.2446
197.1904
197.148
197.1161
197.0491
196.9844
196.9601
196.9419
196.8876
196.8452
196.8126
196.7466
196.7032
196.5851
196.5322
196.5313
196.5353
196.5294
196.5257
196.5607
196.5717
196.5939
196.5203
196.4301
196.4388
196.433
196.4081
196.3544
196.3001
196.1871
196.1426
196.0957
196.0448
196.0222
195.9585
195.9498
195.9348
195.9678
195.8644
195.7907
195.7907
195.7907
195.7907
195.7907
195.8297
195.789
195.8139
195.8406
195.8156
195.8494
195.7975
195.8469
195.8562
195.8337
195.8348
195.8794
195.8307
195.7686
195.6582
195.5417
195.3706
195.3964
195.3596
195.3723
195.2195
195.0205
194.9864
194.9732
194.9922
194.9929
195.0002
194.9708
194.9731
194.9905
195.0257
195.0368
195.172
195.1469
195.1507
195.0965
195.0458
194.8179
194.9268
194.8568
194.8223
194.8313
194.7867
194.7119
194.6465
194.4858
194.2226
193.9622
193.9493
193.9493
193.9536
193.9493
193.9493
193.9563
193.9493
193.9493
193.9493
193.9623
193.9554
193.9596
193.9594
193.9543
193.9493
193.9493
193.9586
193.9507
194.0082
193.9454
193.931
193.9791
194.0581
193.9072
193.8331
193.8331
193.8331
193.84
193.8331
193.8331
193.8331
193.8475
193.8465
193.8674
193.8731
193.9604
193.8569
193.8862
193.9987
193.7505
193.7218
193.7291
193.7232
193.7232
193.7411
193.8026
193.8443
193.9942
193.7833
193.67
193.4898
193.4345
193.4377
193.4203
193.3661
193.3827
193.3579
193.3341
193.2568
193.2565
193.3196
193.3018
193.2358
193.2642
193.2689
193.204
193.0952
193.1087
193.1918
193.0386
192.8925
192.8558
192.9008
192.8939
192.923
192.8857
192.7068
192.6312
192.6538
192.634
192.4752
192.4762
192.5904
192.6214
192.6595
192.5943
192.5966
192.6573
192.6135
192.5587
192.4614
192.4933
192.433
192.5137
192.5567
192.5274
192.5266
192.4387
192.3795
192.35
192.2704
192.2251
192.0915
192.2
192.131
192.0941
192.1054
192.0427
192.2172
192.1335
191.9723
192.0473
191.894
191.8813
191.8804
191.7768
191.7171
191.659
191.5558
191.3531
191.362
191.3086
191.3065
191.1666
191.1276
191.0898
191.0296
191.0488
191.0126
190.9479
190.9089
190.6995
190.7144
190.7039
190.7064
190.7496
190.797
190.69
190.53
190.6029
190.4756
190.4192
190.3146
190.1571
190.0148
189.9506
189.9318
189.9536
189.8916
189.8174
189.6892
189.6817
189.6817
189.6817
189.6817
189.6817
189.7045
189.6898
189.74
189.7635
189.7306
189.6963
189.8279
189.7718
189.7669
189.8152
189.746
189.7875
189.7266
189.6063
189.5793
189.5238
189.5111
189.5944
189.6859
189.6228
189.5921
189.509
189.4729
189.6223
189.5259
189.3975
189.354
189.227
189.2092
189.1435
189.1081
189.0757
188.9706
188.9181
188.7322
188.6275
188.5667
188.3981
188.2831
188.1089
187.9363
187.7553
187.7451
187.5929
187.5588
187.5199
187.5008
187.5138
187.4371
187.3657
187.2945
187.2715
187.2862
187.2035
187.1521
187.1338
187.1196
187.0803
186.9697
186.9403
186.8467
186.7754
186.6969
186.6621
186.655
186.6311
186.6234
186.6306
186.6234
186.6385
186.6234
186.6234
186.6234
186.6234
186.6234
186.6242
186.6316
186.6234
186.6292
186.6488
186.6271
186.6234
186.6234
186.6335
186.634
186.6234
186.6234
186.6326
186.6217
186.6374
186.6199
186.6489
186.7311
186.6777
186.7658
186.6808
186.6706
186.6719
186.5441
186.4754
186.4744
186.476
186.4856
186.4745
186.4511
186.4194
186.4167
186.3893
186.3319
186.2964
186.2867
186.2371
186.2302
186.1932
186.0905
186.03
186.03
186.0338
186.03
186.03
186.03
186.0631
186.03
186.0311
186.03
186.03
186.0288
186.0967
186.0428
186.0869
186.067
186.1114
186.0808
186.1405
186.1523
185.9856
185.9156
185.9501
185.9438
185.9489
186.0052
185.7517
185.6887
185.5301
185.4726
185.2425
185.0955
184.9858
184.8526
184.857
184.8629
184.7404
184.7449
184.7162
184.7734
184.7992
184.6827
184.6793
184.7245
184.6863
184.6793
184.6793
184.7007
184.6937
184.6793
184.6793
184.6875
184.6793
184.701
184.6803
184.6793
184.6793
184.6793
184.6793
184.6793
184.6793
184.6856
184.6884
184.6837
184.6841
184.6867
184.6697
184.6937
184.6928
184.7114
184.6822
184.603
184.5212
184.4565
184.3827
184.3642
184.236
184.124
184.0565
184.0259
184.0259
184.0259
184.0419
184.0257
184.0254
184.0302
184.0807
184.0674
184.116
184.0062
184.0145
184.0146
184.0154
183.9772
183.8552
183.8014
183.6342
183.632
183.638
183.632
183.632
183.632
183.632
183.632
183.632
183.632
183.632
183.6353
183.632
183.6404
183.632
183.632
183.632
183.632
183.632
183.632
183.632
183.6525
183.6474
183.632
183.632
183.632
183.6348
183.632
183.632
183.6337
183.632
183.632
183.632
183.6349
183.6315
183.6803
183.6603
183.6701
183.638
183.673
183.6319
183.6074
183.4882
183.4393
183.4321
183.4225
183.3953
183.4058
183.3697
183.3684
183.3684
183.3684
183.3684
183.3684
183.3684
183.3684
183.3684
183.3715
183.3684
183.3901
183.3684
183.3684
183.3684
183.3822
183.3753
183.3684
183.3684
183.3684
183.3684
183.372
183.3684
183.3684
183.3684
183.3684
183.3695
183.3738
183.3684
183.3684
183.3681
183.4112
183.385
183.4541
183.5338
183.4201
183.3397
183.2935
183.303
183.2721
182.998
182.8653
182.8078
182.564
182.4557
182.4439
182.4126
182.4461
182.3717
182.2924
182.1824
182.1166
182.1159
182.114
182.123
182.1134
182.0867
182.0683
182.0852
182.0425
181.9195
181.8651
181.8453
181.7167
181.7335
181.5763
181.5087
181.4672
181.3886
181.428
181.3532
181.3129
181.3029
181.2466
181.2396
181.2003
181.1386
181.1203
181.0265
180.9772
180.8124
180.7081
180.5419
180.4432
180.3558
180.3187
180.1936
180.0589
180.1063
180.0882
180.0802
180.1698
180.1577
180.1699
180.1384
180.2898
180.4102
180.2729
180.2548
180.3308
180.3338
180.1986
180.2221
180.1175
180.0724
180.0407
179.9921
179.9346
179.9698
180.0092
179.9562
179.923
179.887
179.8875
179.8799
179.8779
179.8912
179.8845
179.8838
179.8779
179.8779
179.8779
179.8779
179.879
179.8779
179.88
179.8838
179.8779
179.8779
179.8944
179.8804
179.8771
179.8748
179.8864
179.8734
179.9282
179.8856
179.8474
179.7518
179.6068
179.5268
179.278
179.268
179.2725
179.268
179.27
179.268
179.2734
179.2677
179.2679
179.2992
179.3214
179.3236
179.3109
179.3859
179.4241
179.369
179.3879
179.474
179.2307
179.189
178.9483
178.9891
179.017
179.0308
178.9503
179.029
179.0319
178.9893
179.0098
178.792
178.7885
178.8947
178.8514
178.8168
178.6627
178.6627
178.6711
178.6627
178.6627
178.6627
178.6627
178.6627
178.6627
178.6627
178.6894
178.6627
178.6667
178.6627
178.6627
178.6627
178.6627
178.6627
178.6815
178.6627
178.6627
178.6686
178.6627
178.6627
178.6627
178.6627
178.6627
178.6627
178.6679
178.6624
178.6621
178.7125
178.6881
178.7366
178.7938
178.7926
178.7148
178.6627
178.6498
178.6221
178.6251
178.6772
178.6177
178.6419
178.3522
178.3501
178.3578
178.3396
178.3032
178.3292
178.3188
178.2041
178.2265
178.2106
178.0717
178.1866
178.1471
178.1262
177.9275
177.9939
177.9314
177.8818
177.8117
177.6887
177.5698
177.5542
177.5491
177.5473
177.5685
177.6284
177.6497
177.6716
177.7061
177.4668
177.4055
177.264
177.2676
177.264
177.264
177.264
177.264
177.2693
177.264
177.2654
177.288
177.264
177.2661
177.2835
177.2829
177.2637
177.3181
177.3293
177.3034
177.4206
177.5816
177.4171
177.4595
177.2646
177.2804
177.3031
177.2961
177.33
177.4575
177.3763
177.2373
177.141
176.8481
176.8481
176.8481
176.8752
176.8533
176.8481
176.8481
176.8472
176.8449
176.9543
176.8944
176.871
176.8872
176.9108
176.8542
176.8456
176.8165
176.8406
176.8152
176.853
176.9058
176.8035
176.7431
176.7539
176.6736
176.6518
176.4351
176.3032
176.2541
176.1779
176.2082
176.1528
176.0912
176.0678
176.1461
176.09
176.3062
176.192
176.1739
175.9888
176.0364
176.0096
176.0342
176.0777
176.1212
176.1454
176.0797
175.9259
175.9305
175.9999
176.0007
176.0053
175.9892
175.9466
175.9039
175.9039
175.9039
175.9113
175.9147
175.9039
175.9039
175.9039
175.9039
175.9064
175.9039
175.9039
175.9039
175.9039
175.9039
175.9039
175.9211
175.9039
175.9039
175.9055
175.9037
175.91
175.9041
175.9373
175.934
175.9842
175.9825
176.0302
176.0909
175.9441
176.097
176.1026
176.0891
176.2126
176.1195
176.2039
176.0759
176.0268
175.9488
175.9142
175.9007
175.774
175.6028
175.4586
175.3928
175.1933
175.0341
174.8845
174.7422
174.637
174.5341
174.5632
174.5341
174.5341
174.5503
174.5341
174.5341
174.5719
174.5341
174.5341
174.5341
174.5341
174.5483
174.5341
174.5341
174.5398
174.5341
174.5474
174.5341
174.5341
174.5331
174.5902
174.5853
174.5715
174.5493
174.5343
174.5875
174.5357
174.5678
174.4844
174.5711
174.512
174.2944
174.0185
173.866
173.7356
173.6103
173.4496
173.3472
173.3221
173.3162
173.254
173.1091
173.1182
173.0585
172.9598
172.9121
172.875
172.652
172.5571
172.5777
172.6242
172.5584
172.4931
172.4573
172.4454
172.4197
172.4191
172.3704
172.3311
172.1984
172.0445
172.0122
171.9989
172.0021
171.9989
172.0036
171.9989
171.9989
172.0024
171.9966
172.0659
172.0305
172.0542
172.0009
171.9966
172.0047
172.0059
172.0683
172.0059
172.053
172.0316
172.1321
172.0664
172.0744
172.0755
172.1089
172.0987
172.1055
171.9967
172.0261
172.0902
172.1547
172.0813
172.1057
172.0736
172.1396
172.1516
172.1282
172.1252
171.9575
171.8127
171.7815
171.7602
171.7198
171.6913
171.5003
171.3136
171.0843
171.1005
171.1032
171.0965
171.0499
171.0072
171.0301
170.92
170.8896
170.8187
170.7362
170.6491
170.6447
170.6004
170.5287
170.5288
170.4466
170.3332
170.2793
170.2793
170.2793
170.2783
170.3393
170.3547
170.4615
170.4394
170.3649
170.5412
170.4821
170.4988
170.4532
170.4083
170.2609
170.1934
170.0387
170.0871
169.9771
169.9564
169.9905
169.9195
169.8888
169.8536
169.5988
169.581
169.4843
169.4364
169.3339
169.2117
169.1642
169.1292
169.1317
169.1292
169.1292
169.1292
169.1292
169.1348
169.1369
169.1292
169.1292
169.1391
169.1421
169.1292
169.1394
169.1381
169.1499
169.1292
169.1292
169.1292
169.1292
169.1292
169.1292
169.1292
169.1268
169.1172
169.1541
169.1792
169.1866
169.148
169.1878
168.9354
168.9849
169.0107
168.9756
168.9736
168.8969
168.8473
168.7874
168.8697
168.854
168.7111
168.7076
168.6216
168.7018
168.5976
168.5659
168.3977
168.4145
168.3977
168.3977
168.4275
168.3977
168.3977
168.3977
168.3977
168.3977
168.3977
168.3976
168.4603
168.4453
168.4484
168.4145
168.4199
168.5308
168.4394
168.396
168.3165
168.1833
168.2627
168.2224
168.2046
168.1763
168.2087
168.1208
168.1949
168.1339
168.1153
168.1753
168.0872
168.0408
167.9619
168.0214
168.0162
168.0312
167.9174
167.8168
167.7593
167.7092
167.6864
167.5601
167.5412
167.5437
167.4964
167.4886
167.4494
167.4564
167.4494
167.4494
167.4578
167.4494
167.4688
167.4494
167.4587
167.4538
167.4494
167.4604
167.4494
167.4529
167.4618
167.4494
167.4494
167.4494
167.4494
167.4494
167.4503
167.4494
167.4494
167.4494
167.4494
167.4494
167.4494
167.4494
167.4494
167.4621
167.5015
167.4555
167.4623
167.4834
167.5439
167.6091
167.5275
167.5561
167.4758
167.4932
167.5831
167.6093
167.6039
167.5902
167.5838
167.5261
167.1601
167.1443
167.1818
167.3032
167.3265
167.3517
167.1987
167.0989
167.1674
167.0883
166.8714
166.8142
166.7535
166.719
166.7144
166.4828
166.2712
166.1564
165.9965
165.9965
165.9965
166.0293
165.9949
165.9986
166.0303
166.0005
166.0734
166.0173
166.0709
165.8931
165.8754
165.8637
165.9169
165.9017
165.9351
165.9614
165.9733
165.8921
165.8796
165.7817
165.7259
165.7237
165.874
165.7086
165.6261
165.6246
165.6037
165.5142
165.5566
165.5142
165.5142
165.5263
165.5142
165.521
165.5527
165.5409
165.5783
165.6916
165.6293
165.6104
165.6348
165.6844
165.8107
165.6886
165.6341
165.6152
165.3407
165.4346
165.4393
165.4336
165.5147
165.534
165.4199
165.4839
165.4448
165.4518
165.6307
165.7054
165.6122
165.615
165.5827
165.5532
165.4802
165.5565
165.617
165.3073
165.1833
165.0515
164.8913
164.7665
164.7658
164.7893
164.7837
164.815
164.9136
164.7352
164.7352
164.7609
164.739
164.7352
164.7352
164.7352
164.7527
164.7352
164.7351
164.7518
164.7811
164.7991
164.7744
164.8093
164.7604
164.7548
164.781
164.7371
164.8304
164.7443
164.752
164.674
164.6324
164.5993
164.5777
164.5774
164.599
164.5524
164.5592
164.5268
164.4481
164.4403
164.4314
164.3874
164.3423
164.3119
164.2947
164.1555
164.0438
163.9958
163.9295
163.9213
163.9213
163.9213
163.9213
163.9213
163.927
163.9213
163.9213
163.9321
163.925
163.9207
163.9897
163.9899
163.9717
163.9701
163.999
163.9933
164.0168
164.0524
164.0415
164.0919
164.08
164.1775
164.1554
164.2864
164.2178
163.9876
163.9759
164.0152
163.8939
163.814
163.6516
163.6978
163.6761
163.6546
163.4229
163.3683
163.3683
163.392
163.3683
163.37
163.3746
163.3683
163.3683
163.3683
163.3683
163.3683
163.3683
163.3683
163.3683
163.3683
163.3683
163.3683
163.3683
163.3683
163.376
163.3759
163.3699
163.3668
163.3782
163.3764
163.378
163.3502
163.2362
163.2118
163.2118
163.2118
163.2118
163.2181
163.2118
163.2161
163.2162
163.2329
163.2213
163.2429
163.2398
163.2118
163.2118
163.2118
163.2118
163.2113
163.2235
163.2772
163.2951
163.2617
163.3515
163.392
163.3256
163.2404
163.2274
163.293
163.2488
163.16
163.1218
162.9395
162.8744
162.8744
162.8949
162.8744
162.8805
162.8733
162.8803
162.8784
162.8951
162.8952
162.8902
162.9213
162.9337
162.9323
162.9687
162.7915
162.8633
162.8313
162.9072
162.8794
162.8697
162.7829
162.7378
162.7583
162.7498
162.8439
162.697
162.6446
162.5189
162.5461
162.4243
162.3255
162.2035
162.1019
162.0616
161.9582
161.8988
161.822
161.8356
161.8546
161.7044
161.6927
161.7059
161.5984
161.4831
161.3677
161.34
161.2796
161.2011
161.2014
161.1993
161.1941
161.1786
161.1514
161.123
161.103
161.1094
161.103
161.103
161.103
161.1011
161.1253
161.1059
161.125
161.0774
161.0254
160.9893
160.8623
160.6436
160.6436
160.6436
160.6436
160.6546
160.6557
160.6436
160.6436
160.6506
160.6535
160.6867
160.6436
160.6436
160.6436
160.6524
160.6809
160.6436
160.6436
160.6436
160.656
160.6436
160.6436
160.6436
160.667
160.6436
160.6436
160.6436
160.6436
160.6436
160.643
160.6425
160.6602
160.6536
160.6784
160.6419
160.6783
160.7115
160.6359
160.7457
160.6836
160.6118
160.5847
160.5033
160.5034
160.52
160.4544
160.4477
160.4477
160.4477
160.4662
160.4702
160.4477
160.4477
160.4477
160.4477
160.4477
160.4477
160.4477
160.4477
160.4528
160.4477
160.4477
160.4477
160.4477
160.4518
160.4477
160.4516
160.4528
160.4477
160.45
160.4477
160.4594
160.4477
160.4477
160.4477
160.4477
160.4477
160.4477
160.4477
160.4547
160.4802
160.4608
160.463
160.4712
160.4549
160.4565
160.4477
160.4501
160.4674
160.4575
160.4586
160.5306
160.5476
160.5501
160.4934
160.5722
160.5623
160.5027
160.6092
160.6597
160.5269
160.5091
160.5185
160.6345
160.618
160.5121
160.5291
160.5184
160.591
160.5364
160.6907
160.5511
160.6006
160.6992
160.6124
160.5374
160.4793
160.5536
160.5143
160.4937
160.4805
160.6571
160.5444
160.5599
160.5892
160.5475
160.3934
160.3548
160.1919
159.9599
159.8503
159.8341
159.8341
159.8376
159.8261
159.8418
159.8278
159.8635
159.8023
159.4599
159.4668
159.4599
159.4599
159.4599
159.4599
159.4612
159.4599
159.4599
159.4599
159.4599
159.4599
159.4691
159.4626
159.4599
159.4599
159.4996
159.5725
159.6019
159.5272
159.5314
159.5129
159.564
159.5025
159.5082
159.5634
159.6039
159.6152
159.6033
159.5699
159.6187
159.6238
159.5589
159.5273
159.5501
159.5127
159.4842
159.5435
159.5797
159.6084
159.5364
159.6812
159.8342
159.783
159.7781
160.0034
159.9423
159.8268
159.9698
159.729
159.4792
159.4709
159.5099
159.4829
159.4762
159.4698
159.4874
159.4721
159.4762
159.481
159.5296
159.5227
159.6261
159.508
159.3699
159.2995
159.1474
158.9905
159.0261
158.9736
158.9362
158.9725
158.8916
158.8983
158.785
158.7786
158.7981
158.7708
158.7565
158.7673
158.7794
158.7553
158.6958
158.6941
158.702
158.667
158.6719
158.6656
158.6656
158.6802
158.6645
158.6634
158.6727
158.7086
158.6767
158.7672
158.6714
158.6691
158.6612
158.5731
158.4862
158.3647
158.2711
158.2724
158.2734
158.3631
158.3949
158.3691
158.5271
158.5578
158.535
158.5745
158.5989
158.4829
158.5162
158.4488
158.6055
158.4609
158.4158
158.3619
158.3717
158.4509
158.5025
158.2713
158.3452
158.3976
158.3982
158.3586
158.3331
158.3719
158.3696
158.2243
158.0556
157.7783
157.7764
157.7579
157.7165
157.7032
157.7306
157.7148
157.7017
157.7214
157.6897
157.6788
157.6231
157.5343
157.4444
157.4411
157.4364
157.4373
157.4223
157.401
157.3876
157.3983
157.4117
157.4688
157.5014
157.4685
157.2838
157.1527
157.1514
157.1475
157.1475
157.1475
157.1475
157.1475
157.1475
157.1475
157.1475
157.1475
157.1531
157.1475
157.1687
157.1475
157.1475
157.1475
157.1475
157.1475
157.1475
157.1475
157.1475
157.1631
157.1475
157.1767
157.1593
157.1637
157.1513
157.1475
157.1556
157.1475
157.1475
157.1733
157.1597
157.1451
157.1576
157.1838
157.1594
157.2162
157.1716
157.2505
157.2567
157.2631
157.2348
157.2174
157.2667
157.1773
157.2259
157.3034
157.3177
157.2224
157.1518
157.1572
157.1217
157.0164
156.861
156.8673
156.8705
156.8957
156.7908
156.6543
156.6543
156.6543
156.6543
156.6585
156.6543
156.6543
156.6543
156.6675
156.6543
156.6543
156.6777
156.6829
156.6492
156.6465
156.7095
156.75
156.7592
156.613
156.7043
156.6015
156.6024
156.6383
156.6387
156.4722
156.4242
156.3254
156.1962
156.1772
156.1563
156.1103
156.0945
156.1027
156.0744
156.0716
156.0062
156.0025
156.0306
156.0068
156.0071
155.9978
155.9978
156.0026
155.9978
156.0076
155.9978
155.9978
155.9978
155.9978
155.9978
156.0067
155.9978
156.0063
155.9978
155.9978
155.9978
155.9978
155.9978
156.0041
155.9926
156.004
156.137
156.1262
156.1876
156.2656
156.0721
155.9872
156.0555
156.0042
155.7906
155.8445
155.8366
155.7952
155.7775
155.7986
155.7482
155.8362
155.729
155.7719
155.7743
155.7429
155.8309
155.8342
155.7474
155.8414
155.7928
155.788
155.848
155.7866
155.7766
155.7653
155.8674
155.8244
155.7263
155.7468
155.7963
155.8132
155.7935
155.7182
155.7399
155.7536
155.8048
155.7118
155.7726
155.7965
155.7634
155.716
155.6233
155.6042
155.4886
155.4293
155.4481
155.4176
155.5013
155.3994
155.4246
155.454
155.4254
155.4162
155.4461
155.4355
155.3905
155.5056
155.4724
155.419
155.3903
155.4237
155.486
155.4239
155.4636
155.4645
155.4594
155.4449
155.4563
155.4364
155.4645
155.4428
155.4723
155.4039
155.4724
155.4596
155.4423
155.4557
155.5261
155.446
155.4781
155.3702
155.4471
155.2863
155.325
155.3605
155.2928
155.3321
155.3712
155.3461
155.3288
155.2854
155.3344
155.3244
155.3837
155.3485
155.3027
155.31
155.3208
155.2668
155.3394
155.3134
155.307
155.3144
155.3237
155.2911
155.2936
155.3254
155.2982
155.3589
155.3228
155.2668
155.2087
155.1618
155.1258
155.0132
155.0248
155.0617
155.0726
155.2451
155.0984
154.984
154.984
154.9876
154.9875
154.9896
154.9877
154.984
154.984
154.984
154.984
154.984
154.984
154.984
154.984
155.0096
154.984
154.984
154.984
154.984
154.984
154.984
154.984
154.984
154.984
154.984
154.9946
155.0027
154.9818
155.0255
154.9658
154.9571
154.7552
154.7441
154.7441
154.758
154.7441
154.7512
154.7649
154.7441
154.7441
154.7485
154.7504
154.7441
154.7441
154.7441
154.7441
154.7491
154.7441
154.7441
154.7616
154.7441
154.7441
154.7441
154.7441
154.7441
154.7776
154.749
154.7441
154.7441
154.7454
154.7386
154.7327
154.7105
154.6902
154.6399
154.5008
154.3443
154.3818
154.328
154.3124
154.2816
154.287
154.2866
154.2816
154.2916
154.2816
154.2816
154.2816
154.2857
154.2816
154.2816
154.2816
154.2816
154.2816
154.2816
154.2885
154.2809
154.279
154.3217
154.3569
154.284
154.3778
154.4436
154.4795
154.2225
154.2706
154.3273
154.4326
154.2989
154.4172
154.2702
154.2339
154.3496
154.3102
154.2718
154.3726
154.2625
154.1072
154.0939
153.9978
153.9607
154.1209
154.0655
153.9657
154.0011
154.0215
153.835
153.6832
153.4676
153.4451
153.3793
153.3092
153.2912
153.3
153.286
153.2638
153.3055
153.3387
153.3139
153.2236
153.2335
153.2488
153.2344
153.2702
153.2144
153.1741
153.2487
153.1726
153.1415
153.1342
153.0458
153.0458
153.0458
153.0458
153.0602
153.0458
153.0458
153.0458
153.0496
153.0458
153.0458
153.0458
153.0458
153.0458
153.0458
153.0458
153.0458
153.0573
153.0458
153.0458
153.0458
153.053
153.0458
153.0458
153.0458
153.0619
153.0458
153.0458
153.0458
153.0458
153.0458
153.0458
153.0458
153.0458
153.0487
153.0498
153.054
153.0455
153.1272
153.1123
153.0914
153.237
153.2749
153.2151
153.2966
153.3621
153.3122
153.274
153.2304
153.1823
153.1623
153.01
152.8933
152.7467
152.7467
152.7779
152.7467
152.7467
152.7467
152.7467
152.7467
152.743
152.7761
152.743
152.7515
152.7372
152.7364
152.7703
152.7589
152.7034
152.673
152.433
152.3822
152.3697
152.4449
152.3798
152.3687
152.3687
152.3687
152.3687
152.3687
152.3799
152.3687
152.3745
152.3687
152.3687
152.3687
152.3687
152.3687
152.3687
152.3687
152.3687
152.3761
152.3687
152.3687
152.3687
152.3687
152.4008
152.3687
152.3687
152.3687
152.3765
152.3749
152.37
152.3676
152.4097
152.4344
152.412
152.4627
152.4268
152.4852
152.4964
152.4924
152.3991
152.4454
152.4838
152.4386
152.5352
152.5551
152.4531
152.1297
152.1223
152.1223
152.1223
152.1223
152.1223
152.1391
152.1223
152.1223
152.1223
152.1223
152.1223
152.1321
152.137
152.1223
152.1326
152.1327
152.1223
152.1223
152.1278
152.1223
152.1223
152.1354
152.1223
152.1223
152.1298
152.1223
152.1364
152.1223
152.1223
152.1308
152.1223
152.1223
152.1349
152.1223
152.1217
152.1463
152.1317
152.1317
152.1463
152.1933
152.1658
152.2355
152.2164
152.2122
152.2834
152.106
152.0674
152.1038
152.0585
152.052
152.0102
151.9144
151.8565
151.8565
151.8683
151.8573
151.8665
151.865
151.8565
151.8895
151.8723
151.932
152.005
151.9808
152.0208
152.0716
152.0848
152.0983
152.0692
151.9036
151.8862
151.8592
151.8483
151.8806
151.8336
151.7678
151.7643
151.7643
151.7854
151.7643
151.7735
151.7665
151.7634
151.7676
151.7598
151.7544
151.7402
151.7103
151.692
151.6829
151.6682
151.6604
151.644
151.6428
151.6481
151.6759
151.6592
151.6523
151.6442
151.6548
151.7254
151.5325
151.5259
151.5575
151.5426
151.5188
151.5076
151.49
151.4529
151.3906
151.351
151.351
151.3727
151.3495
151.3464
151.3443
151.3292
151.3151
151.2829
151.1961
151.1961
151.1961
151.1961
151.1961
151.1958
151.2315
151.2492
151.2443
151.3706
151.4726
151.2554
151.177
151.1736
151.2664
151.1769
151.2433
151.0812
151.1689
151.1494
151.1244
151.0298
151.0477
150.9461
150.8193
150.7498
150.6799
150.6266
150.5762
150.4259
150.4315
150.4308
150.433
150.4044
150.3812
150.3445
150.2979
150.294
150.309
150.294
150.294
150.294
150.294
150.294
150.294
150.294
150.294
150.3232
150.294
150.304
150.3608
150.4071
150.4782
150.3981
150.3911
150.4244
150.4078
150.3465
150.416
150.2952
150.1752
149.907
149.9091
149.9208
149.9859
149.9538
149.8919
149.9251
149.9474
149.8933
149.9289
149.9634
149.8818
150.0257
149.9726
149.8359
149.8245
149.8295
149.8859
149.985
149.8783
149.8554
149.8472
149.8564
149.8195
149.899
149.8701
149.9202
149.8916
149.9918
149.9541
149.8304
149.8845
149.7811
149.6698
149.7323
149.5357
149.498
149.4538
149.3313
149.2934
149.1996
149.0915
149.0534
148.9987
148.9606
148.8749
148.8001
148.8337
148.8222
148.8561
148.7744
148.7951
148.7326
148.5647
148.5647
148.5738
148.5647
148.5647
148.5761
148.5647
148.5706
148.5647
148.5647
148.5647
148.5647
148.5647
148.5744
148.5734
148.5647
148.5647
148.5713
148.5647
148.5647
148.5647
148.5647
148.5647
148.5647
148.5647
148.5647
148.5647
148.5647
148.5647
148.5647
148.5647
148.5647
148.5647
148.5647
148.5628
148.5609
148.563
148.5944
148.7352
148.8466
148.7778
148.7896
148.8269
148.576
148.3852
148.3766
148.3766
148.3763
148.384
148.4153
148.4018
148.3802
148.4026
148.3507
148.3286
148.3223
148.2755
148.2143
148.1402
148.1486
148.1402
148.1402
148.1494
148.1611
148.1769
148.2308
148.2726
148.2331
148.2707
148.2535
148.3471
148.3839
148.4168
148.3383
148.191
148.2187
148.2554
148.2107
148.1812
147.9799
147.9444
147.929
147.7532
147.8472
147.6865
147.4978
147.5231
147.4671
147.4328
147.4461
147.4284
147.4284
147.4284
147.4284
147.4284
147.4284
147.4284
147.4284
147.4284
147.4284
147.4503
147.4284
147.4284
147.4436
147.4284
147.451
147.4284
147.4284
147.4297
147.4284
147.4284
147.4527
147.4284
147.4284
147.4284
147.4284
147.4284
147.4284
147.4284
147.4284
147.4284
147.4284
147.4284
147.4284
147.4284
147.4284
147.4256
147.4257
147.4159
147.507
147.4722
147.4041
147.3059
147.1866
147.1778
147.198
147.1791
147.037
147.037
147.037
147.037
147.0426
147.037
147.0402
147.037
147.0406
147.037
147.037
147.037
147.037
147.037
147.045
147.0434
147.037
147.037
147.037
147.037
147.037
147.0534
147.037
147.037
147.037
147.037
147.037
147.037
147.037
147.037
147.037
147.037
147.037
147.037
147.037
147.037
147.037
147.0465
147.037
147.037
147.037
147.0446
147.037
147.037
147.037
147.037
147.0387
147.0595
147.037
147.037
147.037
147.0411
147.037
147.037
147.037
147.037
147.037
147.037
147.037
147.037
147.037
147.037
147.037
147.037
147.037
147.037
147.037
147.037
147.037
147.037
147.037
147.037
147.037
147.037
147.037
147.037
147.037
147.0394
147.037
147.0413
147.037
147.0471
147.037
147.0506
147.037
147.037
147.037
147.037
147.0523
147.037
147.045
147.0495
147.037
147.037
147.037
147.037
147.037
147.037
147.037
147.037
147.037
147.0538
147.037
147.037
147.037
147.0357
147.0368
147.0332
147.0618
147.0421
147.164
147.0698
147.0297
147.0523
146.9724
146.9476
146.8833
146.8781
146.8781
146.9065
146.8781
146.8781
146.8781
146.8781
146.8781
146.8781
146.8781
146.8781
146.8781
146.88
146.8781
146.8781
146.8781
146.8988
146.8781
146.8781
146.8781
146.878
146.8779
146.9165
146.9222
146.9695
146.8846
146.8851
146.8821
146.8198
146.8131
146.7422
146.7106
146.6636
146.6552
146.6476
146.6476
146.6476
146.6542
146.6476
146.6476
146.6476
146.6476
146.6476
146.6673
146.6618
146.6667
146.703
146.7924
146.7051
146.6707
146.7747
146.7284
146.7189
146.6666
146.7502
146.7213
146.7246