307
513
716
924
1130
1335
1538
1743
1948
2153
2358
2562
2764
2968
3174
3378
3583
3785
3988
4191
4394
4595
4799
5003
5206
5410
5616
5822
6028
6232
6436
6643
6848
7052
7259
7464
7667
7871
8074
8279
8482
8689
8896
9101
9304
9511
9719
9921
10124
10328
10536
10741
10948
11151
11356
11565
11769
11978
12179
12385
12590
12800
13006
13208
13412
13618
13823
14024
14228
14435
14637
14840
15043
15249
15453
15661
15866
16074
16281
16484
16692
16896
17099
17301
17507
17711
17916
18124
18333
18536
18743
18947
19149
19354
19561
19764
19970
20174
20375
20580
20783
20988
21194
21397
21601
21805
22006
22215
22419
22623
22829
23035
23240
23443
23647
23855
24058
24261
24465
24669
24874
25080
25284
25491
25696
25901
26104
26311
26521
26725
26928
27129
27336
27540
27744
27948
28160
28367
28574
28777
28981
29186
29389
29598
29806
30007
30211
30414
30621
30825
31030
31239
31450
31651
31858
32061
32269
32470
32676
32879
33082
33284
33489
33695
33900
34106
34312
34517
34726
34931
35138
35341
35546
35752
35962
36171
36377
36581
36787
36995
37197
37404
37607
37810
38018
38225
38428
38633
38839
39045
39249
39452
39657
39863
40066
40273
40481
40684
40891
41096
41302
41507
41713
41927
42129
42335
42539
42744
42949
43158
43360
43566
43772
43978
44184
44389
44594
44798
45001
45205
45408
45614
45819
46027
46233
46438
46644
46850
47056
47264
47470
47673
47877
48080
48283
48488
48690
48895
49101
49306
49512
49716
49919
50125
50328
50530
50737
50939
51143
51346
51553
51755
51959
52164
52369
52574
52776
52983
53190
53397
53600
53806
54011
54218
54424
54628
54832
55035
55240
55442
55646
55850
56053
56259
56463
56672
56878
57084
57289
57492
57700
57904
58108
58309
58512
58716
58922
59126
59332
59542
59748
59957
60162
60364
60570
60773
60979
61183
61386
61589
61792
61998
62204
62413
62618
62819
63024
63230
63435
63638
63843
64048
64254
64455
64658
64867
65070
65273
65476
65682
65888
66089
66295
66499
66705
66908
67109
67312
67517
67724
67929
68135
68338
68543
68746
68951
69156
69363
69567
69772
69978
70181
70387
70592
70797
71000
71200
71404
71607
71811
72013
72218
72424
72628
72833
73036
73239
73448
73654
73858
74061
74266
74470
74676
74877
75081
75286
75495
75700
75904
76106
76311
76515
76718
76921
77125
77329
77534
77736
77944
78148
78357
78562
78769
78977
79183
79388
79595
79802
80009
80213
80415
80620
80826
81032
81236
81439
81644
81846
82049
82254
82455
82663
82870
83076
83282
83490
83696
83901
84104
84308
84515
84718
84923
85129
85332
85534
85736
85942
86149
86358
86560
86768
86971
87178
87382
87588
87793
87997
88204
88409
88616
88820
89022
89226
89431
89638
89844
90045
90251
90456
90662
90869
91073
91280
91484
91688
91892
92097
92304
92507
92711
92913
93118
93319
93521
93727
93933
94140
94344
94553
94756
94963
95167
95370
95576
95780
95988
96194
96399
96602
96808
97012
97220
97428
97631
97835
98041
98247
98452
98656
98858
99065
99269
99475
99683
99890
100094
100296
100500
100704
100909
101116
101328
101536
101738
101940
102144
102351
102556
102760
102966
103173
103379
103584
103790
103998
104202
104407
104616
104824
105029
105233
105438
105643
105847
106050
106258
106464
106669
106874
107076
107279
107482
107688
107894
108100
108306
108507
108710
108915
109121
109327
109530
109739
109944
110148
110353
110557
110761
110967
111169
111376
111579
111786
111990
112196
112400
112607
112811
113018
113226
113431
113638
113846
114051
114254
114461
114663
114865
115069
115275
115481
115684
115886
116090
116296
116504
116707
116909
117115
117319
117525
117733
117936
118142
118351
118552
118756
118960
119161
119366
119571
119775
119981
120185
120386
120591
120796
120998
121201
121405
121610
121813
122021
122225
122430
122636
122838
123041
123245
123450
123658
123864
124072
124278
124484
124688
124896
125100
125307
125513
125718
125931
126133
126341
126550
126754
126960
127165
127369
127572
127779
127982
128185
128390
128597
128802
129005
129207
129410
129614
129819
130026
130234
130439
130646
130849
131050
131254
131456
131662
131871
132075
132279
132485
132692
132899
133103
133309
133511
133719
133920
134123
134326
134534
134744
134956
135162
135368
135574
135777
135982
136186
136395
136599
136802
137004
137212
137417
137621
137824
138027
138231
138434
138643
138848
139055
139261
139464
139666
139871
140076
140280
140485
140692
140898
141103
141305
141511
141717
141926
142132
142338
142541
142743
142945
143150
143357
143564
143770
143974
144178
144385
144586
144790
144995
145204
145407
145611
145816
146023
146228
146439
146646
146858
147065
147271
147476
147678
147880
148085
148295
148502
148707
148911
149116
149324
149528
149731
149933
150137
150341
150546
150749
150952
151156
151364
151571
151776
151983
152186
152391
152595
152800
153006
153210
153419
153625
153826
154032
154237
154443
154648
154857
155063
155268
155475
155683
155887
156091
156298
156504
156710
156916
157120
157327
157529
157730
157934
158137
158339
158545
158746
158947
159154
159359
159561
159766
159972
160177
160380
160585
160790
160993
161204
161407
161612
161815
162021
162226
162431
162634
162839
163046
163250
163452
163656
163862
164067
164270
164472
164677
164880
165086
165292
165499
165707
165915
166124
166329
166532
166741
166945
167148
167352
167558
167760
167963
168167
168374
168580
168783
168986
169190
169394
169600
169802
170008
170214
170419
170621
170831
171033
171237
171441
171644
171849
172051
172258
172460
172665
172871
173077
173283
173489
173698
173904
174107
174312
174515
174717
174917
175124
175328
175535
175740
175941
176144
176347
176554
176758
176963
177170
177374
177579
177784
177987
178190
178394
178597
178801
179004
179208
179416
179620
179824
180030
180237
180440
180648
180855
181062
181264
181472
181678
181881
182084
182286
182490
182698
182903
183110
183313
183517
183723
183931
184137
184343
184552
184758
184965
185170
185377
185582
185783
185989
186192
186392
186595
186801
187005
187211
187414
187619
187824
188030
188234
188439
188647
188855
189062
189264
189474
189682
189892
190097
190302
190508
190710
190917
191118
191321
191526
191731
191936
192145
192350
192557
192762
192965
193170
193373
193582
193788
193992
194197
194402
194605
194812
195016
195220
195431
195635
195841
196045
196248
196451
196657
196861
197066
197274
197481
197688
197892
198095
198303
198508
198715
198917
199122
199326
199528
199732
199934
200137
200338
200543
200750
200957
201161
201370
201574
201780
201982
202188
202389
202597
202800
203004
203208
203414
203619
203827
204033
204240
204447
204649
204854
205057
205264
205469
205674
205879
206082
206285
206490
206695
206898
207103
207311
207519
207724
207930
208138
208344
208547
208749
208955
209158
209363
209571
209774
209979
210184
210392
210596
210799
211003
211212
211414
211620
211824
212031
212234
212438
212642
212848
213055
213260
213470
213674
213879
214085
214289
214491
214700
214906
215109
215313
215516
215720
215926
216129
216332
216539
216747
216956
217160
217366
217572
217777
217981
218187
218390
218594
218801
219009
219213
219416
219626
219831
220037
220242
220445
220651
220859
221062
221267
221475
221677
221881
222086
222290
222497
222703
222907
223110
223318
223524
223727
223938
224141
224345
224552
224758
224964
225169
225375
225582
225789
225994
226200
226403
226607
226813
227016
227224
227430
227636
227839
228044
228250
228453
228660
228862
229068
229274
229479
229686
229888
230095
230299
230504
230706
230913
231120
231324
231533
231741
231947
232156
232359
232566
232771
232978
233179
233387
233593
233797
234001
234203
234408
234615
234821
235023
235230
235436
235640
235845
236049
236254
236457
236663
236869
237070
237272
237477
237682
237890
238093
238297
238505
238708
238912
239116
239324
239527
239735
239939
240147
240348
240556
240757
240964
241170
241381
241588
241793
241998
242206
242413
242619
242824
243030
243233
243437
243641
243845
244049
244252
244458
244665
244866
245071
245277
245482
245688
245892
246097
246303
246505
246708
246913
247117
247320
247526
247740
247945
248149
248354
248557
248763
248967
249174
249377
249578
249780
249984
250188
250393
250597
250800
251003
251206
251410
251617
251819
252026
252229
252434
252644
252847
253051
253257
253462
253666
253873
254083
254291
254496
254703
254909
255114
255318
255525
255730
255939
256144
256350
256553
256755
256962
257167
257373
257582
257787
257993
258199
258401
258606
258810
259015
259222
259427
259636
259840
260045
260248
260455
260659
260860
261065
261270
261475
261685
261889
262091
262294
262495
262698
262900
263104
263309
263514
263721
263929
264134
264338
264545
264751
264958
265164
265368
265572
265774
265976
266187
266392
266600
266807
267012
267215
267419
267621
267824
268029
268234
268438
268643
268849
269051
269259
269462
269666
269871
270072
270277
270479
270681
270885
271089
271296
271497
271701
271905
272109
272313
272518
272722
272926
273130
273333
273538
273744
273958
274163
274364
274569
274776
274984
275185
275389
275593
275798
276002
276207
276413
276616
276820
277027
277231
277433
277637
277840
278044
278247
278451
278661
278865
279067
279272
279479
279686
279889
280093
280297
280501
280705
280912
281115
281319
281527
281735
281939
282147
282356
282560
282765
282970
283177
283382
283588
283793
283996
284200
284402
284609
284813
285017
285220
285422
285629
285833
286041
286245
286451
286658
286866
287069
287273
287477
287680
287882
288090
288296
288504
288710
288913
289116
289322
289530
289737
289940
290144
290346
290552
290757
290964
291165
291367
291569
291774
291986
292192
292400
292603
292808
293012
293216
293420
293626
293827
294034
294237
294444
294650
294854
295060
295264
295469
295674
295877
296078
296281
296486
296693
296901
297103
297306
297515
297724
297926
298131
298335
298543
298751
298957
299161
299365
299570
299774
299978
300182
300389
300595
300800
301002
301208
301413
301615
301819
302024
302229
302435
302640
302845
303051
303262
303467
303673
303878
304083
304289
304494
304698
304902
305108
305311
305519
305724
305932
306135
306338
306542
306752
306961
307165
307369
307575
307779
307983
308191
308396
308603
308807
309012
309214
309419
309627
309829
310035
310240
310442
310652
310859
311061
311264
311468
311674
311879
312084
312291
312497
312705
312908
313110
313316
313523
313728
313932
314134
314337
314541
314745
314955
315161
315366
315572
315776
315979
316185
316388
316594
316798
317002
317208
317412
317615
317816
318023
318228
318434
318636
318839
319043
319248
319452
319658
319864
320066
320274
320479
320682
320889
321095
321300
321507
321715
321920
322127
322330
322533
322738
322945
323146
323349
323557
323763
323975
324181
324387
324592
324794
324999
325202
325405
325613
325818
326023
326231
326438
326642
326848
327052
327260
327464
327671
327874
328080
328290
328493
328698
328902
329109
329312
329518
329728
329931
330135
330345
330549
330753
330959
331165
331371
331578
331784
331988
332195
332398
332601
332805
333007
333211
333414
333620
333826
334035
334242
334444
334650
334853
335054
335258
335464
335668
335873
336075
336279
336484
336692
336893
337098
337302
337507
337715
337921
338130
338334
338539
338744
338950
339153
339360
339566
339768
339973
340178
340380
340586
340792
340998
341204
341408
341612
341817
342022
342225
342433
342640
342847
343054
343261
343467
343674
343879
344086
344289
344495
344701
344906
345109
345314
345520
345723
345926
346133
346339
346543
346747
346950
347158
347364
347568
347769
347973
348179
348384
348591
348797
349000
349203
349405
349614
349819
350026
350236
350440
350642
350845
351049
351252
351457
351658
351864
352068
352276
352480
352684
352888
353091
353298
353501
353702
353908
354113
354318
354524
354729
354936
355141
355344
355549
355754
355957
356162
356371
356578
356782
356983
357189
357396
357598
357804
358011
358219
358423
358628
358829
359032
359239
359441
359644
359848
360057
360261
360463
360669
360876
361079
361285
361491
361695
361902
362110
362310
362514
362725
362930
363138
363345
363546
363754
363959
364163
364368
364577
364782
364988
365191
365394
365597
365805
366010
366215
366423
366623
366827
367035
367239
367442
367648
367852
368054
368264
368472
368677
368885
369087
369289
369493
369696
369902
370105
370312
370520
370727
370934
371136
371339
371547
371757
371966
372168
372373
372577
372782
372983
373185
373386
373595
373800
374004
374212
374420
374622
374828
375039
375240
375442
375646
375850
376056
376265
376474
376681
376887
377093
377298
377501
377706
377911
378116
378319
378524
378729
378932
379137
379340
379547
379749
379958
380162
380370
380574
380776
380980
381185
381392
381595
381801
382007
382212
382415
382622
382830
383033
383239
383443
383645
383848
384056
384261
384463
384668
384878
385085
385289
385494
385696
385900
386103
386311
386514
386719
386926
387131
387335
387545
387748
387953
388156
388360
388563
388770
388972
389175
389379
389582
389787
389992
390198
390400
390601
390805
391009
391216
391420
391625
391830
392035
392239
392444
392648
392855
393058
393261
393467
393671
393880
394086
394291
394491
394696
394898
395104
395310
395515
395719
395926
396130
396336
396541
396749
396955
397162
397365
397572
397777
397982
398183
398389
398596
398802
399006
399214
399421
399624
399828
400035
400237
400442
400649
400854
401062
401266
401471
401681
401886
402090
402300
402503
402705
402911
403114
403320
403526
403729
403934
404137
404342
404552
404757
404963
405166
405371
405578
405789
405993
406202
406405
406608
406810
407019
407230
407434
407643
407852
408056
408261
408465
408666
408869
409075
409280
409485
409688
409892
410094
410301
410507
410713
410919
411121
411327
411532
411733
411937
412144
412348
412553
412754
412959
413166
413373
413578
413784
413988
414197
414403
414606
414809
415011
415215
415419
415625
415832
416041
416245
416450
416656
416859
417062
417267
417472
417678
417882
418086
418292
418497
418704
418914
419119
419326
419529
419736
419939
420146
420349
420555
420758
420966
421170
421376
421580
421786
421989
422194
422399
422601
422805
423009
423210
423418
423621
423823
424025
424231
424436
424641
424850
425053
425258
425463
425669
425872
426075
426283
426486
426691
426896
427102
427310
427518
427726
427927
428132
428340
428542
428746
428950
429151
429355
429563
429770
429977
430184
430387
430591
430795
431002
431209
431417
431624
431829
432035
432240
432446
432650
432853
433059
433264
433469
433671
433874
434079
434282
434487
434694
434896
435102
435308
435515
435720
435927
436132
436337
436539
436742
436947
437152
437356
437560
437767
437970
438177
438386
438591
438794
438998
439206
439413
439621
439825
440031
440236
440440
440645
440853
441059
441261
441463
441667
441872
442076
442279
442480
442686
442891
443096
443298
443502
443707
443912
444116
444320
444522
444727
444930
445132
445339
445546
445749
445950
446154
446364
446569
446775
446983
447186
447391
447600
447804
448011
448217
448424
448627
448831
449037
449245
449450
449654
449856
450065
450273
450478
450682
450887
451092
451293
451503
451708
451911
452114
452318
452527
452734
452940
453145
453350
453555
453760
453968
454169
454377
454581
454782
454984
455191
455398
455604
455808
456014
456220
456424
456630
456833
457039
457243
457448
457654
457858
458063
458268
458475
458683
458886
459088
459298
459505
459707
459911
460120
460323
460535
460738
460939
461151
461354
461560
461765
461970
462177
462386
462592
462796
463002
463205
463411
463619
463827
464032
464234
464438
464642
464847
465051
465255
465460
465669
465875
466079
466285
466490
466694
466898
467103
467307
467510
467712
467919
468129
468331
468539
468741
468945
469152
469356
469561
469766
469970
470172
470378
470582
470790
470994
471199
471404
471609
471813
472015
472218
472424
472629
472831
473041
473247
473454
473656
473860
474065
474272
474479
474686
474889
475094
475297
475506
475711
475918
476123
476330
476532
476741
476945
477152
477357
477562
477766
477970
478174
478379
478583
478791
479001
479206
479412
479614
479817
480025
480229
480439
480641
480845
481050
481254
481458
481665
481870
482076
482279
482483
482690
482894
483099
483307
483514
483718
483924
484127
484334
484535
484737
484941
485149
485357
485562
485768
485974
486177
486380
486589
486797
487004
487215
487421
487625
487832
488039
488241
488447
488650
488853
489058
489267
489474
489679
489885
490087
490290
490495
490701
490907
491114
491319
491522
491725
491930
492132
492336
492544
492749
492955
493160
493366
493571
493774
493977
494184
494391
494596
494797
494999
495202
495410
495616
495816
496019
496224
496428
496632
496836
497038
497244
497449
497654
497856
498059
498264
498466
498673
498877
499078
499281
499484
499691
499897
500100
500303
500506
500709
500913
501115
501323
501528
501731
501937
502142
502352
502555
502759
502966
503169
503377
503581
503784
503986
504188
504392
504599
504810
505012
505217
505421
505628
505833
506036
506239
506445
506650
506857
507064
507270
507474
507678
507884
508089
508295
508504
508708
508913
509116
509323
509529
509736
509943
510145
510348
510553
510760
510965
511169
511374
511576
511782
511989
512192
512397
512606
512811
513017
513225
513428
513631
513837
514040
514247
514453
514658
514861
515064
515269
515469
515669
515873
516078
516284
516491
516694
516896
517101
517306
517512
517717
517922
518126
518330
518533
518736
518939
519146
519351
519557
519763
519964
520166
520369
520573
520777
520982
521183
521386
521593
521797
522003
522205
522410
522614
522820
523023
523224
523429
523631
523834
524041
524247
524455
524661
524868
525070
525275
525477
525677
525881
526085
526293
526500
526706
526909
527111
527315
527518
527723
527930
528135
528340
528543
528747
528952
529158
529364
529567
529773
529974
530180
530385
530591
530801
531002
531206
531409
531617
531824
532026
532229
532435
532639
532843
533047
533253
533461
533665
533869
534074
534282
534488
534694
534898
535103
535309
535518
535721
535929
536130
536337
536543
536750
536955
537162
537364
537569
537772
537978
538184
538392
538599
538806
539013
539217
539426
539631
539841
540044
540247
540450
540654
540860
541067
541271
541476
541684
541886
542089
542296
542498
542705
542909
543115
543321
543528
543731
543937
544143
544348
544553
544756
544962
545171
545379
545585
545792
546000
546209
546415
546622
546828
547038
547241
547447
547649
547851
548055
548258
548462
548663
548864
549068
549272
549478
549682
549885
550088
550294
550497
550700
550903
551108
551314
551519
551725
551929
552133
552338
552542
552747
552948
553152
553356
553562
553768
553971
554180
554383
554587
554792
554996
555200
555403
555607
555813
556019
556225
556429
556637
556840
557042
557246
557452
557658
557865
558073
558276
558482
558684
558889
559094
559298
559502
559709
559912
560117
560323
560526
560734
560942
561148
561350
561556
561760
561967
562170
562372
562576
562778
562983
563189
563392
563594
563798
564004
564205
564410
564611
564817
565022
565227
565433
565637
565844
566050
566254
566461
566669
566875
567078
567282
567486
567691
567894
568096
568302
568507
568710
568915
569122
569329
569535
569739
569942
570147
570350
570558
570765
570973
571176
571382
571589
571795
571999
572202
572406
572608
572814
573020
573226
573431
573635
573839
574043
574245
574456
574658
574863
575070
575274
575483
575686
575893
576097
576302
576507
576712
576922
577127
577334
577542
577747
577956
578161
578373
578581
578783
578988
579194
579398
579599
579803
580006
580210
580418
580621
580826
581030
581235
581438
581645
581848
582057
582261
582468
582671
582876
583083
583289
583496
583700
583905
584110
584314
584524
584728
584929
585133
585339
585542
585746
585952
586157
586360
586572
586777
586981
587188
587399
587602
587804
588009
588212
588416
588621
588822
589027
589234
589437
589639
589845
590052
590260
590463
590667
590870
591074
591277
591483
591689
591899
592104
592310
592517
592720
592923
593127
593331
593536
593741
593946
594154
594359
594564
594769
594975
595178
595379
595585
595787
596000
596206
596411
596614
596818
597024
597228
597434
597641
597843
598048
598253
598459
598663
598868
599072
599278
599487
599690
599897
600104
600308
600515
600719
600924
601127
601334
601538
601744
601946
602150
602356
602565
602769
602972
603185
603391
603596
603802
604006
604209
604416
604622
604825
605029
605238
605441
605651
605854
606061
606267
606470
606676
606880
607088
607291
607496
607702
607904
608108
608314
608518
608723
608928
609136
609343
609546
609752
609958
610163
610365
610569
610773
610976
611184
611389
611594
611800
612007
612210
612415
612619
612826
613029
613233
613436
613637
613845
614051
614255
614460
614666
614871
615077
615284
615493
615699
615904
616110
616318
616522
616728
616932
617141
617346
617547
617753
617959
618163
618370
618575
618782
618986
619192
619401
619605
619810
620012
620223
620429
620636
620845
621049
621251
621454
621659
621862
622068
622274
622478
622681
622887
623091
623300
623505
623715
623921
624129
624334
624541
624745
624952
625160
625368
625571
625774
625980
626183
626387
626592
626793
626998
627205
627409
627612
627814
628018
628225
628428
628630
628837
629045
629246
629451
629657
629861
630064
630271
630476
630684
630894
631098
631303
631504
631712
631917
632123
632329
632532
632737
632945
633149
633358
633561
633769
633973
634176
634378
634581
634784
634992
635199
635401
635607
635815
636020
636228
636431
636632
636838
637044
637254
637459
637665
637870
638077
638279
638486
638692
638899
639107
639310
639514
639722
639924
640129
640332
640537
640743
640950
641156
641362
641564
641765
641973
642177
642387
642595
642798
643001
643207
643416
643620
643823
644032
644241
644449
644652
644857
645063
645264
645470
645678
645880
646087
646293
646496
646699
646906
647112
647317
647519
647725
647928
648130
648334
648538
648743
648946
649148
649350
649554
649759
649959
650163
650369
650577
650781
650987
651194
651402
651605
651809
652018
652220
652426
652632
652833
653036
653245
653450
653655
653858
654062
654265
654471
654676
654879
655085
655293
655500
655702
655904
656108
656316
656522
656728
656931
657139
657343
657547
657752
657956
658161
658372
658578
658779
658982
659189
659398
659603
659813
660016
660219
660424
660627
660836
661040
661241
661451
661655
661863
662070
662275
662484
662690
662897
663104
663308
663512
663717
663924
664127
664331
664535
664740
664946
665152
665355
665558
665767
665971
666177
666385
666592
666795
667001
667206
667410
667616
667820
668023
668229
668432
668634
668843
669047
669252
669454
669657
669863
670068
670270
670475
670681
670884
671087
671292
671496
671697
671900
672103
672309
672513
672719
672922
673129
673333
673538
673744
673946
674152
674358
674560
674761
674966
675175
675378
675581
675787
675993
676201
676403
676610
676813
677025
677230
677433
677634
677835
678040
678244
678445
678649
678853
679057
679263
679468
679674
679885
680089
680296
680500
680703
680909
681112
681317
681521
681727
681932
682137
682340
682543
682747
682951
683154
683357
683564
683769
683972
684179
684386
684594
684801
685005
685211
685414
685623
685828
686034
686237
686445
686657
686859
687063
687267
687473
687676
687882
688088
688295
688500
688706
688912
689115
689317
689522
689729
689936
690141
690348
690556
690760
690965
691167
691374
691580
691786
691991
692198
692402
692609
692812
693016
693222
693425
693631
693834
694041
694246
694448
694653
694858
695060
695266
695469
695674
695879
696082
696287
696491
696694
696901
697105
697306
697513
697717
697923
698127
698332
698533
698738
698940
699142
699348
699552
699759
699961
700171
700376
700583
700790
700995
701202
701407
701614
701822
702028
702231
702432
702635
702839
703043
703247
703453
703657
703863
704068
704277
704484
704690
704896
705100
705304
705512
705715
705919
706124
706330
706531
706739
706942
707145
707351
707556
707761
707967
708169
708375
708576
708780
708981
709187
709389
709597
709807
710012
710214
710418
710621
710826
711030
711236
711445
711652
711856
712062
712266
712472
712676
712881
713085
713291
713493
713698
713901
714106
714307
714515
714719
714926
715136
715342
715548
715750
715953
716159
716365
716572
716778
716981
717190
717393
717597
717805
718008
718214
718417
718621
718830
719035
719238
719443
719647
719850
720057
720263
720467
720673
720877
721082
721290
721492
721695
721902
722105
722309
722511
722713
722917
723120
723330
723535
723739
723944
724150
724359
724564
724769
724974
725185
725395
725597
725802
726011
726215
726418
726625
726828
727035
727236
727441
727645
727853
728059
728267
728469
728675
728879
729086
729296
729503
729707
729909
730112
730316
730521
730731
730936
731140
731343
731552
731758
731964
732169
732373
732577
732785
732992
733195
733400
733606
733807
734014
734220
734426
734635
734840
735047
735253
735458
735661
735865
736069
736273
736478
736686
736892
737096
737300
737509
737713
737915
738121
738327
738530
738735
738938
739146
739350
739555
739759
739963
740166
740377
740580
740785
740990
741193
741402
741607
741812
742018
742223
742426
742629
742836
743044
743250
743456
743662
743872
744075
744282
744486
744693
744900
745107
745314
745518
745723
745928
746134
746341
746547
746753
746957
747160
747362
747566
747768
747975
748183
748387
748595
748800
749005
749208
749410
749610
749814
750020
750223
750427
750632
750840
751051
751255
751459
751668
751874
752079
752281
752485
752693
752897
753105
753310
753515
753717
753926
754131
754333
754537
754742
754947
755153
755357
755560
755767
755973
756176
756381
756584
756789
757000
757207
757414
757622
757826
758029
758237
758443
758649
758856
759061
759265
759475
759681
759886
760091
760298
760505
760712
760920
761124
761329
761532
761737
761939
762144
762345
762548
762751
762953
763161
763365
763570
763773
763979
764184
764388
764594
764799
765001
765205
765415
765620
765825
766031
766234
766437
766641
766846
767052
767254
767463
767672
767877
768082
768289
768497
768702
768904
769108
769311
769519
769723
769931
770136
770341
770549
770752
770957
771164
771373
771580
771785
771991
772198
772403
772609
772815
773018
773222
773428
773632
773840
774044
774248
774453
774656
774863
775068
775276
775485
775690
775897
776102
776309
776515
776719
776925
777129
777332
777535
777739
777946
778151
778354
778561
778768
778971
779177
779381
779589
779790
779994
780200
780403
780606
780810
781013
781216
781424
781630
781833
782037
782241
782444
782648
782851
783054
783255
783458
783671
783877
784081
784285
784491
784695
784903
785108
785309
785515
785724
785926
786128
786330
786536
786740
786945
787155
787356
787564
787768
787974
788177
788381
788586
788790
788993
789198
789400
789607
789813
790017
790218
790424
790628
790830
791036
791237
791443
791651
791853
792055
792261
792464
792669
792871
793075
793281
793485
793688
793892
794097
794305
794509
794715
794921
795129
795336
795547
795750
795957
796167
796368
796579
796781
796988
797189
797393
797600
797801
798007
798213
798417
798622
798824
799029
799233
799436
799641
799846
800053
800262
800468
800669
800874
801079
801283
801489
801694
801899
802107
802311
802515
802722
802929
803132
803339
803546
803749
803953
804158
804362
804571
804774
804976
805182
805388
805595
805800
806003
806205
806412
806616
806819
807026
807229
807435
807639
807845
808048
808250
808454
808662
808872
809076
809284
809489
809696
809900
810103
810311
810515
810720
810927
811133
811340
811546
811749
811956
812161
812366
812573
812781
812986
813193
813398
813604
813807
814011
814212
814414
814617
814817
815022
815229
815436
815644
815852
816055
816265
816469
816672
816876
817080
817285
817489
817696
817902
818105
818312
818515
818720
818923
819132
819335
819539
819745
819954
820159
820366
820575
820784
820989
821196
821403
821606
821810
822013
822220
822426
822631
822833
823040
823251
823457
823660
823869
824074
824278
824483
824686
824890
825096
825300
825505
825709
825913
826117
826321
826526
826736
826944
827151
827356
827560
827766
827973
828181
828385
828588
828796
829001
829205
829417
829621
829831
830043
830252
830457
830661
830862
831070
831276
831481
831684
831889
832092
832296
832499
832703
832908
833111
833320
833527
833729
833936
834142
834346
834549
834757
834962
835170
835373
835580
835785
835990
836193
836399
836602
836806
837009
837214
837420
837632
837836
838043
838246
838452
838657
838865
839070
839276
839481
839682
839891
840097
840300
840505
840714
840916
841120
841328
841531
841738
841944
842149
842355
842561
842767
842971
843180
843383
843591
843799
844002
844210
844416
844624
844828
845033
845241
845447
845650
845853
846060
846266
846471
846676
846878
847081
847286
847492
847696
847900
848105
848305
848509
848715
848920
849125
849330
849534
849738
849942
850145
850350
850555
850760
850966
851173
851378
851579
851785
851988
852198
852402
852608
852812
853014
853218
853423
853626
853830
854032
854237
854445
854648
854853
855063
855270
855474
855678
855881
856088
856292
856497
856705
856908
857116
857321
857525
857731
857936
858139
858347
858551
858756
858960
859166
859373
859579
859787
859989
860194
860398
860603
860808
861010
861213
861418
861624
861830
862036
862244
862450
862652
862857
863063
863271
863475
863678
863881
864087
864293
864498
864707
864910
865118
865327
865529
865735
865937
866141
866344
866549
866754
866960
867166
867372
867578
867784
867990
868195
868401
868610
868815
869021
869230
869430
869634
869841
870045
870250
870454
870662
870866
871070
871276
871483
871688
871894
872103
872306
872508
872710
872915
873117
873320
873528
873734
873937
874141
874342
874549
874753
874958
875163
875369
875571
875775
875983
876188
876396
876602
876808
877013
877219
877421
877629
877832
878039
878245
878447
878651
878855
879060
879269
879474
879678
879880
880084
880291
880491
880694
880901
881104
881312
881518
881722
881926
882133
882340
882543
882749
882955
883161
883368
883575
883778
883986
884188
884392
884600
884807
885014
885217
885422
885626
885831
886040
886245
886449
886651
886856
887061
887267
887472
887676
887881
888084
888285
888490
888696
888899
889102
889307
889510
889712
889917
890124
890328
890537
890741
890949
891155
891360
891563
891768
891975
892180
892386
892589
892797
893007
893213
893416
893621
893828
894030
894238
894442
894644
894851
895056
895260
895464
895669
895874
896079
896281
896484
896692
896895
897098
897305
897506
897717
897924
898127
898336
898538
898740
898944
899148
899354
899562
899765
899970
900173
900375
900580
900784
900989
901196
901399
901608
901815
902020
902225
902432
902635
902839
903042
903246
903454
903663
903870
904075
904278
904484
904689
904891
905093
905297
905503
905705
905908
906117
906322
906529
906738
906943
907151
907355
907560
907768
907975
908176
908380
908590
908794
908997
909201
909406
909612
909817
910022
910230
910441
910644