526.9409
524.9792
519.5687
516.5445
514.6631
510.053
510.6459
509.7734
505.5902
502.9105
499.0398
500.4459
496.5359
492.1763
488.8326
485.9835
484.8717
483.6905
482.0053
481.6795
480.4674
479.4749
481.5536
477.5351
476.1028
474.8423
474.6252
472.5951
467.9034
467.5151
466.4449
466.3447
464.054
462.7212
462.5341
461.5778
460.0882
459.8781
458.2386
456.92
455.9492
453.6304
454.6104
452.0638
452.0068
452.6699
449.8346
449.7292
449.1809
451.2894
448.3057
448.7177
447.6757
447.6415
444.6866
444.4971
441.2509
440.8083
440.0731
439.6536
438.4904
438.9862
438.6196
436.7632
436.4968
435.645
434.754
436.279
434.5032
432.8716
432.0221
430.3498
430.3993
430.0695
429.3989
428.5545
428.7845
427.3065
427.7922
428.0828
425.6226
425.2866
424.5492
423.3545
422.9721
422.399
422.3333
421.7338
422.232
421.0579
419.8002
419.1958
417.4352
417.2166
416.7245
415.1375
415.9808
415.2386
413.9421
413.1747
412.0771
411.9802
409.5156
410.2496
408.671
408.7734
408.4875
409.0886
407.5694
407.6754
405.9168
404.7994
405.1242
404.5109
403.9388
402.1164
401.7923
401.6339
402.2411
400.0451
397.9553
396.7149
396.1087
395.6541
394.8362
393.9083
393.5157
391.9121
391.2596
389.9062
389.9163
390.046
390.1366
388.6668
388.8981
387.786
387.9357
389.0773
387.6455
386.5337
386.5351
385.6758
385.0217
384.0079
383.9772
384.9792
382.8412
382.1086
382.1249
380.8099
380.2991
380.1216
380.0412
379.1422
379.2408
378.2171
378.0447
378.1769
376.7407
376.5355
376.3615
375.8317
375.4928
374.6187
374.8648
374.8113
373.7294
373.2654
372.3368
373.601
373.116
371.2479
370.7075
370.4473
368.5818
368.2771
367.6286
367.6635
367.9623
367.6543
366.4579
366.2526
366.406
366.6838
364.7938
366.5803
365.3043
365.9701
366.5005
366.6192
366.0952
365.636
364.6606
362.8672
361.7087
363.1661
361.6887
361.0864
361.3624
360.0201
359.931
358.5359
357.7111
357.3993
356.3212
355.6683
354.5361
354.1166
353.4059
352.7322
352.1312
351.5585
350.5054
350.5989
349.8204
351.1152
349.4185
349.3654
349.3625
349.3326
349.0277
346.6843
346.5654
346.5605
345.516
344.6757
345.4892
344.194
345.0847
343.5691
343.3473
344.0476
342.547
342.4241
341.9894
341.2418
342.3459
341.538
340.77
340.3765
340.3817
340.1549
340.8274
338.388
338.7416
337.4787
337.3162
337.0416
336.2579
335.0221
335.1615
334.5891
334.164
333.7235
333.2407
332.9187
332.6464
332.7374
332.165
331.7782
331.9715
331.4344
330.9383
330.7499
330.7143
329.8922
330.2412
329.1525
328.9529
329.2928
328.5705
328.8174
328.9021
328.1127
328.2803
327.9904
328.6094
327.5611
327.2816
326.5219
325.6653
326.0085
326.2851
325.4084
325.1873
325.5721
324.8276
324.7535
324.8994
324.5712
324.6461
324.9685
324.4328
325.0795
325.5501
324.2061
324.4232
324.6129
323.2455
323.1216
322.7918
322.9512
323.1208
323.0858
323.2149
323.489
323.326
324.4356
323.9908
324.1284
324.1104
324.6497
324.2926
323.4389
323.6892
323.507
323.5093
323.2239
324.3725
323.699
323.2119
323.7388
322.708
322.7906
322.184
321.5847
321.1624
320.6723
319.5983
320.1222
320.0355
318.5977
318.0692
317.4929
317.6454
316.731
316.7135
317.2642
316.7824
316.8163
316.8133
316.0948
315.1318
314.9533
314.3146
313.8884
314.2122
312.3952
312.5234
311.8379
311.9727
311.903
310.8706
311.458
310.4499
309.9309
310.4422
309.6584
309.9769
309.8478
309.8765
309.3141
309.1269
309.6366
308.6195
308.836
308.1319
308.7624
308.1799
306.8882
307.488
307.8041
307.4879
307.1461
306.7675
306.7288
306.4608
305.8105
304.9492
304.6521
304.4082
303.4643
303.625
303.6404
302.4911
301.9291
302.1658
301.382
301.3067
300.8987
300.7062
300.37
300.188
300.2437
299.4871
298.6605
298.6459
298.2883
298.2485
297.9485
297.7824
297.7226
297.5804
297.4674
297.2451
296.6765
296.6086
297.0679
296.4839
296.9788
296.8058
296.2512
296.2125
296.5469
296.1035
296.5974
295.9173
295.9722
295.5389
296.2371
295.4956
295.5815
295.5823
295.5295
294.6027
294.3613
294.1363
294.0876
293.4586
293.7979
293.3808
293.8926
293.2297
293.0044
292.8846
292.4844
292.1464
291.8046
291.0815
291.3408
291.3475
291.2183
291.2037
291.4338
291.3586
291.5488
290.8469
290.7764
290.9109
290.6053
291.3098
291.5287
291.0973
290.5163
290.367
290.3799
290.7401
290.4308
290.4932
290.8727
291.0042
291.0025
290.0829
289.4524
289.7776
288.8894
287.8818
288.3047
287.9098
287.3763
286.9029
286.488
286.6373
286.2582
286.4644
286.3129
286.3427
285.2451
285.5844
285.8086
285.5037
285.0963
285.1237
285.5828
285.4485
285.1514
285.3532
285.497
285.042
284.7562
284.5951
284.2722
283.3193
282.5217
282.6893
283.3245
282.7862
283.27
283.0495
282.8552
283.3036
282.5592
282.3497
281.9607
281.1374
280.3708
280.7881
279.4668
279.1852
278.8717
279.0466
278.5686
278.7184
278.2115
278.5421
278.3759
277.9161
278.1266
277.8774
277.3422
277.2318
276.8718
276.5081
277.013
276.5902
276.657
276.8368
275.706
276.656
275.8725
276.1577
276.2122
276.2773
274.6375
275.2505
275.7439
275.7981
276.0524
276.3525
275.9935
275.929
275.6226
275.4956
275.3055
275.2279
275.0659
275.2326
275.3889
275.2311
275.1301
275.1061
274.669
275.1914
275.0369
275.0204
274.3433
273.8633
273.2302
272.7873
272.2086
271.6719
271.9787
272.4088
271.6423
272.3683
272.7475
272.653
272.851
273.0253
272.882
272.9338
273.1125
273.1782
273.0906
273.1737
272.7265
273.4128
272.9538
272.6731
272.5401
272.6765
272.1596
272.4043
271.8323
271.2393
271.0143
270.7724
270.8659
270.273
270.5473
270.2702
270.0377
269.855
269.7365
269.8559
269.6437
269.6166
269.3318
269.1811
269.0882
268.869
268.7784
268.3806
268.909
268.8222
268.8511
268.6971
268.9874
268.4084
268.4191
268.5275
267.8788
267.6158
267.7968
267.3796
267.9099
267.6841
267.1261
267.3623
266.4663
266.2865
266.7864
265.9721
266.0901
266.2015
265.7091
265.601
265.3264
265.3944
265.3655
265.3655
265.252
264.2186
264.0003
264.7665
264.4035
264.9507
264.2275
263.832
263.9877
264.0901
264.3013
263.951
264.3055
264.4091
264.2953
265.1063
264.9746
264.5968
264.0312
264.8302
264.796
265.3319
264.8282
265.3444
264.6124
264.8443
264.4021
264.6978
264.5907
264.5792
264.8326
264.3488
264.2321
264.316
263.5883
263.0738
263.1235
262.4463
263.2117
262.5545
262.423
262.1165
261.6618
261.6954
261.1266
260.9274
260.6218
260.7595
259.5233
259.4305
259.3502
259.3165
258.4792
258.221
258.528
257.26
257.044
256.646
257.7741
257.0135
256.4866
256.486
256.2951
256.0188
255.4945
255.2313
255.1627
255.2002
255.8015
254.5593
255.1725
254.5818
254.3635
253.9049
254.1575
254.361
254.1306
253.8641
253.6281
253.7374
254.0188
252.9495
253.3025
253.7842
253.3678
253.8066
253.2157
252.784
253.4002
251.9794
253.0541
252.8493
252.7839
252.9216
252.3802
252.4794
251.8866
252.114
251.8869
251.7268
251.3306
251.2634
251.2634
251.5837
251.7501
251.7726
251.1926
251.4525
251.5622
251.3422
251.5738
251.2579
250.334
250.9608
250.8046
250.0432
248.7531
249.9587
249.4556
249.7524
249.5495
250.322
250.1715
250.345
250.5603
250.2474
250.0235
250.1557
250.4287
250.5512
250.0952
250.4655
250.63
249.5987
249.2639
248.8741
248.653
248.6312
248.5858
248.9099
248.4869
248.783
248.8895
248.5806
248.6363
248.4881
248.7178
248.5239
249.2343
248.6478
249.4011
249.2695
249.3655
249.4331
249.1388
249.3207
249.7729
249.5709
249.0027
249.2178
248.5705
248.3608
247.5467
246.9327
246.9738
246.8666
246.37
246.6112
246.1345
246.3858
245.9848
246.1075
245.6998
245.2203
245.7972
245.9745
245.49
245.4296
245.7959
245.8384
245.6492
245.9994
245.2776
244.9678
245.3853
245.759
245.515
244.8372
245.9092
244.6091
244.914
244.6113
245.1221
244.7048
245.1456
245.2192
244.9898
244.5839
244.8048
243.5101
244.1496
243.6161
243.4295
243.3271
242.649
243.3363
243.0496
243.4471
242.9003
242.8038
242.4613
242.091
242.236
242.0479
242.2457
242.5599
242.3287
242.4061
242.9889
242.6965
242.6017
242.3964
242.001
242.5275
242.6448
242.9927
242.5465
242.6443
242.8507
242.4101
242.6723
242.2398
242.6729
242.4027
242.4721
242.3559
242.3432
242.5608
242.1528
242.0647
241.8196
242.0402
241.7857
241.9804
241.4998
242.1771
241.6191
241.8521
241.5026
241.1411
240.7879
240.5621
240.4174
240.2641
239.8173
239.9299
239.0912
239.4288
239.35
239.6641
239.2997
238.9318
238.9836
238.5667
238.4292
238.871
238.5357
238.2202
237.8331
237.9356
237.7666
237.5417
237.4112
237.5037
237.3085
237.3788
237.2314
237.2369
237.4109
237.1597
236.7683
236.8401
236.7256
236.4223
236.8287
236.8887
236.7419
237.2308
237.0111
236.8489
237.3601
236.8205
236.8292
236.341
236.891
236.4605
235.3677
235.3677
235.3677
236.3
236.6856
236.9084
237.1064
237.2654
237.0083
236.6961
236.8891
237.2014
237.2534
236.4493
236.5264
236.6498
236.1469
236.2191
236.3531
235.7103
235.7407
236.3474
235.5771
235.4602
235.3452
234.7522
235.24
235.0446
235.2727
234.6368
235.2455
235.0766
234.8369
234.7375
234.4917
234.6399
234.9904
234.7547
235.0587
234.3878
234.6332
234.153
234.3486
234.2677
233.6133
233.4021
233.4941
233.1397
233.616
233.0715
232.7429
232.5766
232.3181
232.0329
232.2278
231.1707
231.5097
231.5459
231.378
230.7508
231.5587
231.4611
231.2887
231.4477
231.7072
231.1832
232.1656
231.8818
231.6508
232.1893
232.0998
231.7544
232.1224
232.057
231.8335
231.7706
231.937
231.33
231.5608
231.4357
231.5927
231.3226
231.4326
231.107
231.1808
230.9677
230.8781
230.6666
230.3486
230.4164
230.5449
230.3745
230.179
229.4658
229.797
230.1632
229.876
229.5754
229.7471
229.6288
229.9464
229.8494
229.9722
229.7337
230.0154
229.619
229.9316
229.0268
229.3691
229.4433
229.4441
229.1766
228.6443
228.7665
228.5529
228.5826
228.1562
228.9329
228.3215
228.4441
228.0478
227.7895
227.855
227.0858
227.4129
226.7733
226.824
226.6541
226.1926
226.4016
226.5673
226.9198
226.8022
226.8499
225.9618
225.0409
225.6623
224.839
224.839
225.9081
225.2248
225.1886
225.4665
225.9972
225.4242
225.6744
225.2436
224.8075
224.6747
224.4284
223.8132
223.8132
223.8132
224.0857
224.8772
224.9673
225.056
225.4946
223.5359
223.2522
224.2973
224.246
224.486
224.5009
224.8164
224.4449
224.8871
224.7006
224.6923
224.7546
224.9454
225.034
224.3037
224.3714
224.1352
224.641
223.7642
223.5839
223.9515
223.8195
223.4539
223.3092
223.6753
222.982
223.2301
222.5062
222.3528
221.9819
221.6343
222.5281
221.6394
221.4842
221.6059
221.9332
221.5018
221.9411
221.5934
221.613
221.7859
221.7276
222.0552
221.8796
221.9825
221.8514
221.0574
221.825
221.1651
221.1493
220.5714
220.9851
220.6929
220.8257
221.7088
221.0522
220.992
220.9206
221.2421
221.4203
221.4284
220.4944
221.7338
220.8026
220.1995
220.4754
219.7584
220.1938
219.9621
220.0425
219.543
218.1011
218.1011
218.3998
218.8953
218.5602
219.0783
219.4493
218.9233
218.7854
218.4837
218.688
218.454
218.5193
218.2038
217.9138
218.0917
218.5888
218.0998
217.9865
217.9025
217.61
217.1171
216.7687
216.3643
217.189
217.0009
216.5223
215.4707
215.4707
215.4707
215.4707
215.4707
215.8901
215.4707
215.4707
216.2798
215.4707
215.4707
215.4707
215.4707
215.4707
216.5127
215.4707
215.9361
216.673
215.4707
215.4707
215.6687
216.4468
215.4707
215.4707
217.1213
216.4953
216.5415
216.8562
216.8763
216.1943
216.6096
216.7233
216.7602
216.393
217.0476
216.6183
216.1034
216.4183
216.8306
216.4969
215.8578
215.6726
215.7929
216.0076
216.3269
214.8425
215.5467
214.0973
215.2072
214.0973
214.7136
215.172
215.1424
215.5359
215.0761
215.4827
215.3547
215.0647
215.2783
214.4666
214.6437
215.1519
215.1326
215.2398
215.2054
214.6982
214.8186
215.444
215.2874
215.4039
215.6815
214.3744
214.7106
213.3531
213.3531
214.5671
213.3531
213.3531
213.3531
214.5862
213.3531
213.3531
213.7461
214.1794
214.7004
214.562
214.7615
214.9619
215.0353
213.1789
213.6869
213.7772
214.3368
214.2371
213.0232
213.0232
213.0232
213.0232
213.0232
213.0232
213.6624
213.5601
214.1376
213.0232
213.8506
214.1321
214.6555
213.7953
214.3655
214.6089
214.8987
214.5118
214.1151
214.3723
214.1869
213.8444
214.4567
213.4109
213.167
213.5769
213.8842
213.3564
212.9898
213.4651
212.8303
213.5994
213.5801
213.4706
213.3729
213.6688
213.1703
213.5
213.5815
213.3565
213.0818
213.546
213.3949
212.8879
212.5039
212.5825
211.9116
210.9867
212.2456
212.5275
212.2296
212.283
212.5836
212.2298
211.3248
212.7253
212.3851
212.5334
212.6628
211.9471
212.4448
212.6237
212.518
211.9418
211.8651
211.7323
211.0616
211.2652
210.8459
211.0345
210.9199
210.8984
211.131
210.4666
209.8578
209.4356
209.4356
209.4356
209.4356
209.4356
209.4356
210.8453
209.8932
210.6255
210.9005
210.8015
211.1416
210.929
210.7609
210.6083
211.0245
211.1159
210.8354
210.6935
211.0147
210.9673
210.8547
210.6327
210.9011
210.0226
209.2689
209.7249
209.6321
209.7844
209.1517
209.5954
208.1317
208.1317
208.6859
209.1231
209.1453
209.8212
209.9525
209.927
209.2918
209.8407
209.2192
209.4618
209.46
209.4246
208.3788
208.4688
208.7958
208.9263
208.7233
207.6866
208.4094
208.6218
207.8908
208.5385
208.5368
208.1494
208.648
208.5818
208.2872
208.1019
208.004
208.5878
208.3195
207.883
207.6921
207.7482
207.3359
207.4039
207.4367
207.5211
207.4526
207.035
206.7302
206.9319
206.3472
206.9755
206.9883
207.0851
207.1234
205.9613
206.9037
207.0574
206.8576
206.4804
206.6327
206.7634
206.251
206.4883
206.3963
206.2656
206.1337
205.9159
205.4909
205.6019
205.7133
204.56
204.56
204.56
205.4991
204.56
206.0532
206.0103
206.1307
205.751
205.2952
205.0938
204.838
203.9586
203.9586
204.2758
203.9586
204.9604
203.8772
203.8772
203.8772
204.5377
203.8772
204.7386
204.8519
204.6309
204.5429
204.6522
204.7225
204.7911
204.6783
204.4263
204.7634
204.594
204.6819
204.3854
204.0203
203.537
204.354
204.172
203.7931
203.4784
204.7632
204.7704
204.7304
204.8775
204.5976
204.7714
205.2243
204.4359
204.9044
205.2284
205.3089
205.6262
205.1601
205.3214
205.108
205.072
205.333
205.1701
204.9265
204.6631
205.1164
204.3561
204.958
204.1953
204.0702
204.1949
203.7647
203.6677
203.1394
202.1363
203.0796
202.9697
203.2115
202.9331
203.0745
202.4877
202.2023
202.647
202.336
201.7927
201.9444
202.4605
202.4588
202.4081
201.8909
202.0173
202.7144
202.2897
201.106
201.0442
201.721
200.6153
200.6153
201.314
200.3695
201.1681
200.3695
200.3695
200.7924
200.6633
201.5354
201.6264
201.6315
201.8307
201.7449
201.5577
201.5632
201.3613
201.2042
201.1078
201.3136
201.0365
201.0103
200.7084
200.8599
200.9611
200.7189
200.4615
200.2531
199.7368
200.4121
199.9542
199.9871
199.3418
198.6416
198.4069
198.2059
198.1529
199.2138
198.8134
199.1068
198.1399
198.8967
198.567
198.1399
198.5488
198.9653
199.2884
199.6667
199.0631
199.2839
199.374
198.6361
199.255
199.3924
199.0328
199.1442
198.593
199.0683
198.8188
199.1074
199.0312
197.8351
197.7095
197.9677
197.256
197.1896
197.9012
198.0825
197.9998
198.575
197.9746
197.3396
197.0218
197.7292
197.6027
197.8093
197.4128
196.5322
196.5322
196.9314
196.5322
196.5322
197.6456
197.6552
197.7106
197.7234
196.439
196.9127
197.2656
196.8068
197.1122
197.4237
196.9333
196.7327
196.5569
196.6723
196.9236
195.9655
195.9655
196.2206
197.0419
197.0898
195.7907
195.7907
195.7907
195.7907
195.7907
196.8314
195.7907
196.8143
196.8397
196.5781
196.9587
196.5976
197.1604
196.8631
197.0941
197.0725
197.3666
197.3239
197.0288
196.8937
196.9696
195.9713
196.4711
196.472
196.6725
196.1205
195.3423
195.6672
195.216
195.7859
195.7851
196.2184
194.9726
195.3898
196.1902
196.3858
196.5701
196.5088
196.6953
196.4259
196.7522
196.4013
195.5072
197.0619
195.9346
195.5224
196.0448
195.8216
195.8651
195.8546
195.7081
195.7389
195.2366
193.9493
193.9493
194.3801
193.9493
193.9493
194.6472
193.9493
193.9493
193.9493
194.7012
194.5562
194.7961
194.5155
194.4502
193.9493
193.9493
194.9903
194.4363
195.0752
194.4899
193.9739
195.0559
195.366
195.075
193.8331
193.8331
193.8331
194.5272
193.8331
193.8331
193.8331
194.6736
195.1387
195.2835
194.9243
195.3734
194.7733
194.7884
195.711
194.2919
193.7218
194.2441
193.9518
194.2557
194.3263
194.8326
195.2639
195.6189
195.3692
194.7895
194.4442
193.6955
194.5141
194.2084
193.3822
194.701
194.4356
194.7756
194.2538
194.7939
194.7347
194.6654
194.3152
194.4723
194.7118
195.3896
194.307
194.7531
194.7131
194.4973
193.8694
193.6942
194.0705
194.274
194.368
194.2189
193.611
193.3192
193.7766
193.9668
192.8051
192.9421
193.8787
194.2855
194.2555
194.0336
193.8881
194.0479
193.9119
194.3044
193.5338
194.2156
193.9155
193.8723
193.9695
194.1429
193.859
194.1187
193.9773
193.4621
193.7393
193.8596
193.0895
194.0892
193.9248
193.4528
193.4586
193.1827
193.6929
193.4612
193.3445
193.6088
193.0966
193.1744
193.0871
193.1136
193.1331
192.7773
193.0905
192.0748
192.6223
192.2351
192.6732
191.7724
191.164
191.5689
191.9149
192.2846
192.4855
191.9994
192.0969
190.9017
191.8368
191.4789
191.8126
192.1022
192.7134
192.0242
191.6875
191.7117
191.5925
191.7022
191.5346
191.5852
191.1818
190.9802
189.9441
191.0711
189.9441
189.9441
189.9332
189.6817
189.6817
189.6817
189.6817
190.195
190.5709
190.8717
190.731
191.004
190.8849
191.0092
191.1566
191.2229
191.3755
191.5243
191.1035
191.0396
191.1694
191.1391
190.9218
190.7569
190.8966
191.2496
190.8246
190.8948
191.0799
190.9434
190.6511
191.1274
190.907
190.8125
191.0054
190.3438
190.6626
190.3501
190.6632
190.5496
190.4409
190.3529
190.1883
189.9565
190.0353
189.6075
189.7034
189.5904
189.7777
188.7663
189.092
188.7496
188.8149
188.9822
188.6336
188.9199
188.8755
188.0841
188.4207
188.3966
188.6586
188.256
188.1816
188.1709
188.2468
188.2453
187.9663
187.7262
187.8298
187.7724
187.3639
187.0365
187.3358
186.9218
186.6234
187.3473
186.6234
187.4207
186.6234
186.6234
186.6234
186.6234
186.6234
186.7079
187.4429
186.6234
187.2005
187.7053
186.9954
186.6234
186.6234
187.6299
187.6803
186.6234
186.6234
187.633
186.6234
187.2815
186.6234
187.5893
188.3517
187.8515
188.2147
187.8432
187.9465
187.7929
187.7233
186.4759
186.4759
186.7866
187.413
187.6993
187.3551
186.9318
187.3465
186.6003
186.6467
186.3188
187.2515
186.5142
186.949
186.9835
186.2547
186.03
186.03
186.4122
186.03
186.03
186.03
186.9397
186.03
186.1403
186.03
186.03
186.03
187.498
186.7391
187.1938
186.8912
187.6881
187.3468
187.3179
187.736
187.1336
187.0673
187.4938
187.394
187.5659
187.6832
187.1852
187.1526
186.696
186.9126
186.4685
186.5411
186.2147
186.1794
186.1304
186.1001
185.7938
185.6588
185.1605
185.8876
186.0269
184.8749
184.6793
185.9619
185.3862
184.6793
184.6793
185.5867
185.589
184.6793
184.6793
185.5066
184.6793
185.844
184.7882
184.6793
184.6793
184.6793
184.6793
184.6793
184.6793
185.3157
185.5977
185.1252
185.1654
185.6118
184.6793
185.9521
185.2859
185.9778
185.7128
185.4356
185.5979
185.6608
185.3707
185.515
185.3816
185.078
185.2183
184.0259
184.0259
184.0259
184.9924
184.0259
184.0259
184.5976
185.2471
185.4871
185.3314
184.5026
184.9464
184.9003
184.8369
184.9807
184.8125
184.7117
183.794
183.632
184.2249
183.632
183.632
183.632
183.632
183.632
183.632
183.632
183.632
183.9612
183.632
184.4617
183.632
183.632
183.632
183.632
183.632
183.632
183.632
184.3949
184.6518
183.632
183.632
183.632
183.8357
183.632
183.632
183.7995
183.632
183.632
183.632
183.9636
183.632
184.6407
184.8624
184.9442
184.4794
184.4743
184.6273
184.5095
184.447
184.0827
183.9236
183.9177
183.5462
184.4978
183.401
183.3684
183.3684
183.3684
183.3684
183.3684
183.3684
183.3684
183.3684
183.6734
183.3684
184.6115
183.3684
183.3684
183.3684
184.3946
184.0538
183.3684
183.3684
183.3684
183.3684
183.7282
183.3684
183.3684
183.3684
183.3684
183.4807
183.907
183.3684
183.3684
183.3684
184.7541
184.4174
184.7441
185.0797
184.7107
184.1717
184.2539
184.8493
184.6232
184.0187
184.0227
184.3913
183.3789
183.0499
183.3589
182.7789
183.6064
183.3394
182.8728
182.3127
182.117
182.117
182.2688
182.7263
182.9723
182.8271
183.0945
183.3977
183.3825
183.4352
182.9695
183.1671
182.5327
182.9673
182.9471
182.5584
182.6772
182.182
182.6031
182.3955
182.0311
182.6732
182.1982
182.3158
182.6398
182.7733
182.1989
182.3797
182.4215
181.8266
181.6916
181.4738
181.6405
181.1921
181.5629
180.8789
180.0594
181.6661
181.5571
180.9732
181.5583
181.663
181.6827
181.4585
182.2552
182.1971
181.5572
182.0435
181.6584
182.0267
181.647
181.9374
181.3171
180.8929
181.5592
181.1775
180.7391
181.0693
181.299
180.7954
181.2929
180.7825
180.8335
180.0713
179.8779
180.6719
180.5339
180.462
179.8779
179.8779
179.8779
179.8779
179.982
179.8779
180.0849
180.4621
179.8779
179.8779
180.8461
180.2068
179.8779
179.8779
180.4207
181.0295
181.2258
180.9165
180.7749
180.9757
180.5149
180.8049
180.1476
179.268
179.7226
179.268
179.4676
179.268
179.8089
179.268
179.3187
180.3874
180.6587
180.3173
180.2127
180.695
181.0518
180.7347
180.8271
181.181
180.4641
180.7068
180.0942
180.1483
179.9372
180.546
180.0101
180.341
180.4072
180.2262
180.4352
179.5188
179.8391
180.2258
180.2052
180.0728
178.6627
178.6627
179.5002
178.6627
178.6627
178.6627
178.6627
178.6627
178.6627
178.6627
179.98
178.6627
179.0595
178.6627
178.6627
178.6627
178.6627
178.6627
179.6328
178.6627
178.6627
179.2491
178.6627
178.6627
178.6627
178.6627
178.6627
178.6627
179.1814
178.6627
178.6627
179.8463
179.7078
180.0564
180.266
179.8929
180.2232
179.7983
179.5155
179.5664
179.3759
179.5376
179.8849
180.2579
178.3572
178.3572
179.2785
179.1734
179.1431
179.91
179.8641
179.3907
179.5481
179.5669
179.3608
179.5114
179.6195
179.5441
178.5789
179.1165
179.256
179.0611
179.1593
178.6796
178.3931
178.0643
177.5491
177.5491
178.7449
178.9595
179.2252
179.3219
179.144
178.7949
178.552
177.264
177.6298
177.264
177.264
177.264
177.264
177.8012
177.264
177.4038
178.5524
177.264
177.4756
178.0471
178.7211
177.264
178.8182
178.6766
178.5765
178.7017
179.2412
178.8635
178.7931
178.3842
178.8242
178.6009
178.7304
178.9184
178.9014
178.8826
178.5157
178.7078
176.8481
176.8481
176.8481
178.2927
177.3599
176.8481
176.8481
176.8481
176.8481
178.4427
178.2104
177.7466
177.771
177.9115
178.0772
178.0885
178.4132
178.2553
178.0065
178.1899
178.2286
178.0972
177.9955
177.9891
178.0406
178.4784
177.5964
176.477
176.3539
176.1882
177.61
177.163
176.1882
177.3755
177.7375
177.6529
177.9193
177.6418
178.0444
175.9901
177.3041
177.0758
176.9815
177.6726
177.3953
177.8505
177.7604
175.9268
176.4171
177.3372
177.538
177.6276
177.3219
177.2349
175.9039
175.9039
175.9039
176.6446
176.9839
175.9039
175.9039
175.9039
175.9039
176.1493
175.9039
175.9039
175.9039
175.9039
175.9039
175.9039
176.7924
175.9039
175.9039
176.0579
175.9039
176.5336
175.9708
176.9241
176.7928
177.356
177.6735
177.3787
178.2775
177.1444
177.3213
177.3756
177.4336
177.8212
178.0905
177.6246
177.544
177.4854
177.3376
176.9026
177.0819
177.0112
176.8215
176.2737
176.4335
175.926
175.536
175.8964
175.4578
175.1974
174.5341
175.6709
174.5341
174.5341
175.3977
174.5341
174.5341
175.6328
174.5341
174.5341
174.5341
174.5341
175.9557
174.5341
174.5341
175.1101
174.5341
175.8691
174.5341
174.5341
174.5341
175.8016
175.8156
175.7816
175.4347
174.9239
175.8844
175.4268
175.8707
175.1442
175.7326
175.8464
175.5324
175.2214
175.3941
174.9171
174.6878
174.7878
174.6115
174.3324
174.2762
174.3177
174.2492
174.4137
173.9969
173.4727
173.4385
174.0159
173.237
173.0607
173.4226
173.653
173.5936
173.4796
173.1696
173.7208
173.4237
173.6994
173.2486
173.5353
173.787
173.0195
173.3345
171.9989
172.3261
171.9989
172.4709
171.9989
171.9989
172.3508
171.9989
173.5404
173.2782
173.1655
172.424
171.9989
172.6153
172.6124
173.5437
172.5045
173.1283
173.2078
173.6843
173.5684
173.3131
173.5234
173.2379
173.6783
173.2634
172.4732
173.3084
173.5578
173.8477
173.4845
173.5505
173.2887
173.6101
173.2758
173.9128
173.6451
173.3789
173.0937
172.7436
172.7713
172.6094
172.8831
172.6539
172.3816
171.0913
171.8636
171.908
172.0295
172.0574
171.3385
172.0997
171.5288
172.1584
171.848
171.8671
171.062
171.7256
172.1834
171.4671
171.7197
170.7239
170.8086
170.2793
170.2793
170.2793
170.2793
171.6837
171.5589
171.7568
171.6109
171.7104
172.0297
172.0845
171.9185
171.9174
171.8448
171.2982
171.0773
171.0129
171.3011
170.9177
171.623
171.316
171.2677
171.0141
171.2296
170.4615
170.7827
170.0988
170.0739
170.3932
170.5455
170.0884
169.1292
169.3832
169.1292
169.1292
169.1292
169.1292
169.6904
169.9047
169.1292
169.1292
169.9913
170.0007
169.1292
170.1527
170.0219
170.0626
169.1292
169.1292
169.1292
169.1292
169.1292
169.1292
169.1292
169.1292
169.1292
170.1374
170.1806
170.1454
170.0984
170.4425
170.0497
170.4037
170.5235
170.3826
170.1887
170.0685
170.4526
169.9113
169.9764
170.4818
169.4745
169.9681
169.4773
169.7073
169.5412
169.5715
168.3977
168.981
168.3977
168.3977
169.7086
168.3977
168.3977
168.3977
168.3977
168.3977
168.3977
168.3977
169.6593
169.5114
169.4573
169.1548
169.5289
170.2117
169.7123
169.6628
169.6125
169.5087
169.432
169.6227
169.6722
169.2121
169.7536
169.1164
169.5935
169.4568
169.3579
169.7946
169.3622
169.2236
168.3938
168.9613
169.2652
169.4196
168.8167
168.6826
168.9486
168.6799
168.6896
167.5789
167.6144
168.8416
168.5001
168.2002
167.4494
168.149
167.4494
167.4494
168.2885
167.4494
168.6765
167.4494
168.3847
167.8933
167.4494
168.5523
167.4494
167.7993
168.1004
167.4494
167.4494
167.4494
167.4494
167.4494
167.5435
167.4494
167.4494
167.4494
167.4494
167.4494
167.4494
167.4494
167.4494
168.2364
169.0928
167.9209
168.1451
168.4822
168.6407
169.3781
168.6902
169.2315
168.6596
168.7403
169.0651
169.0433
169.3373
168.8512
169.5405
169.5645
168.5725
168.3155
168.9962
168.9924
169.322
168.687
168.3815
168.1882
168.5255
168.712
168.1078
168.2847
167.869
167.8132
167.9814
167.4782
167.7477
167.2533
165.9965
165.9965
165.9965
167.6575
165.9965
166.5626
166.9669
166.821
167.3822
167.3894
167.435
166.8995
166.5174
166.6099
167.3329
166.8653
167.1469
167.6074
167.4404
167.211
167.0751
166.7917
166.4262
166.9226
166.9967
166.746
165.6413
166.5061
166.8545
165.5142
166.6527
165.5142
165.5142
166.1774
165.5142
166.3145
166.7229
166.5825
166.7512
167.0694
166.9904
166.8192
167.1044
166.9233
167.2186
167.451
167.4324
167.2898
166.4009
167.0999
167.1081
167.1515
167.171
167.0871
166.7654
167.1238
166.9064
166.7617
167.0584
167.1306
167.4209
167.3152
167.2777
167.3235
167.0662
167.428
167.3189
166.9937
166.4413
166.5143
166.2999
165.5935
165.5685
165.566
165.8157
166.5746
166.4815
164.7352
164.7352
165.8092
165.1057
164.7352
164.7352
164.7352
165.7459
164.7352
164.7352
165.634
165.9777
166.1787
165.8366
166.4569
165.813
165.9041
166.0723
165.1271
166.3654
165.7437
165.4989
165.1829
165.5646
165.6419
165.0846
165.4956
165.9849
164.9031
165.3364
165.4668
164.9166
165.1222
164.5975
164.4459
164.4923
164.7427
165.7568
165.6892
164.8772
164.5139
164.7339
163.9213
163.9213
163.9213
163.9213
163.9213
164.4842
163.9213
163.9213
164.9975
164.3496
163.9213
165.4369
165.4217
165.4371
165.1013
165.3606
165.2461
165.2376
165.228
165.2752
165.3269
165.5483
165.6455
165.6519
165.6906
165.5882
165.3264
165.3232
165.5279
165.133
165.2909
164.5982
164.9029
164.8283
164.8373
164.1776
163.3683
163.3683
164.5603
163.3683
163.5358
163.9968
163.3683
163.3683
163.3683
163.3683
163.3683
163.3683
163.3683
163.3683
163.3683
163.3683
163.3683
163.3683
163.3683
164.1308
164.122
163.6757
163.3683
164.2036
164.4411
164.0951
164.5551
163.872
163.2118
163.2118
163.2118
163.2118
163.8442
163.2118
163.6501
163.6605
164.1442
164.1655
164.6754
164.3669
163.2118
163.2118
163.2118
163.2118
163.2118
163.9093
164.9434
164.7914
164.2484
164.67
165.1599
164.9621
164.129
164.7021
164.6473
164.6266
164.3986
164.2495
163.8244
162.8744
162.8744
164.0204
162.8744
163.2398
162.8744
163.5698
163.4877
163.979
164.0723
163.4758
163.8339
163.8862
163.9847
164.7115
163.9692
164.0357
163.869
163.9538
164.4145
164.0667
164.0083
163.9225
164.2248
164.2167
164.4112
164.0008
164.0382
163.6162
164.1514
163.6279
164.0808
163.329
163.0138
163.4332
163.3559
163.1356
162.8654
163.1794
163.0206
163.0416
162.9055
163.5132
162.6171
162.4195
161.3993
161.3993
161.7068
161.2029
161.2029
161.2029
161.2029
161.2473
161.2029
161.3897
161.103
161.7375
161.103
161.103
161.103
161.103
161.8096
161.89
162.0189
161.7364
161.103
162.297
162.072
160.6436
160.6436
160.6436
160.6436
161.5605
161.3186
160.6436
160.6436
161.3474
161.6379
162.1464
160.6436
160.6436
160.6436
161.5232
162.0067
160.6436
160.6436
160.6436
161.2684
160.6436
160.6436
160.6436
162.1211
160.6436
160.6436
160.6436
160.6436
160.6436
160.6436
160.6436
161.6591
161.5289
161.9515
160.6436
161.9859
162.114
161.4171
161.9883
162.0669
161.4982
162.0134
160.5117
161.2224
161.7246
161.123
160.4477
160.4477
160.4477
161.4635
161.2067
160.4477
160.4477
160.4477
160.4477
160.4477
160.4477
160.4477
160.4477
160.959
160.4477
160.4477
160.4477
160.4477
160.8568
160.4477
160.8402
160.962
160.4477
160.6821
160.4477
161.6208
160.4477
160.4477
160.4477
160.4477
160.4477
160.4477
160.4477
161.1445
161.7423
161.7626
161.5119
161.5195
161.1732
161.3263
160.4477
160.8161
161.6597
161.5544
161.1929
162.0704
161.9011
162.4297
161.6563
162.0156
162.0673
161.8257
162.3113
162.4475
161.9318
161.7947
161.7141
162.5377
162.071
161.7103
162.001
161.9326
161.9958
162.1985
162.7684
162.2865
161.9018
161.9736
162.3815
161.5741
161.5057
162.1934
162.0997
161.612
161.6587
162.2509
161.991
161.7171
162.0734
161.7771
161.3953
161.397
161.1181
161.0044
160.8342
159.8341
159.8341
160.554
159.8341
161.0471
161.0361
161.3113
161.1741
159.4599
160.1524
159.4599
159.4599
159.4599
159.4599
159.5876
159.4599
159.4599
159.4599
159.4599
159.4599
160.3839
159.7296
159.4599
159.4599
160.6499
161.0468
161.1113
161.0894
161.1566
160.8373
161.267
160.8814
160.9513
161.2526
161.2869
161.1461
161.5175
161.0413
161.5053
161.5739
160.622
160.8919
160.9156
160.8455
160.4927
160.96
161.0622
161.5013
160.8339
161.2664
161.5411
161.4599
161.5102
161.5401
161.5897
161.6502
161.539
161.3624
160.5386
160.2244
160.6564
160.437
160.1865
160.1174
160.479
160.1216
160.2868
160.6965
160.8091
161.2217
161.0591
161.0082
160.5551
160.7045
160.184
159.887
160.1135
159.8102
159.3258
160.0633
158.9448
159.8228
158.8268
158.7845
159.5449
158.9278
159.12
160.04
160.0796
159.7702
158.9636
159.7132
159.603
158.6852
159.2969
158.6656
158.6656
159.4224
158.6656
158.6656
159.5048
160.0592
159.4906
160.2575
159.6149
159.5929
159.833
159.8706
159.3876
158.5616
158.6629
158.7538
159.1144
159.794
160.0425
159.9741
160.606
160.1071
160.4525
160.0303
160.3978
160.1027
160.1139
159.8704
160.2223
160.614
160.1413
159.8764
159.8206
159.979
159.925
159.2148
159.636
159.8328
159.8555
159.7916
159.8687
159.8184
159.8271
159.8042
159.5387
159.3448
158.7397
158.9241
158.8491
157.7061
158.4832
158.3745
158.5254
158.7167
158.4805
158.5534
158.5544
158.1861
157.4774
157.4427
157.4427
157.7293
157.4427
157.4427
158.5449
157.9658
158.6859
158.5373
158.7764
158.9595
158.4013
157.2707
157.3806
157.1475
157.1475
157.1475
157.1475
157.1475
157.1475
157.1475
157.1475
157.1475
157.7118
157.1475
158.323
157.1475
157.1475
157.1475
157.1475
157.1475
157.1475
157.1475
157.1475
158.28
157.1475
157.9398
158.3314
158.0284
157.5306
157.1475
157.9634
157.1475
157.1475
158.3108
158.0589
157.1475
157.905
158.3248
158.1435
158.789
158.3728
158.4868
158.5218
158.8009
158.1735
158.6416
158.7617
158.3446
158.3311
158.6881
158.8927
158.6294
158.5856
158.5438
158.4864
158.2648
157.3981
157.6028
158.0454
157.9192
158.0195
156.6543
156.6543
156.6543
156.6543
157.0704
156.6543
156.6543
156.6543
157.9727
156.6543
156.6543
157.8685
157.7761
156.735
157.2124
157.9375
158.0289
158.0894
157.8385
158.4298
157.7641
157.9101
157.9182
158.2515
157.7961
157.6871
157.6312
156.6166
156.7913
156.7853
156.6595
156.458
156.7879
156.5905
157.3769
156.0429
156.4692
157.2458
156.8989
156.9338
155.9978
155.9978
156.4846
155.9978
156.9867
155.9978
155.9978
155.9978
155.9978
155.9978
156.5002
155.9978
156.8503
155.9978
155.9978
155.9978
155.9978
155.9978
156.865
155.9978
156.8471
157.6042
157.7598
158.0641
158.5925
157.645
157.1594
158.2843
157.8936
157.1775
157.4307
157.7937
157.5947
157.089
157.4556
157.5824
157.385
156.8387
157.5787
157.4029
157.1397
158.0799
157.29
156.9029
158.4048
157.8583
157.2722
158.2867
157.6659
156.9732
157.5324
158.0304
157.6838
157.0011
156.8385
157.0554
157.4428
157.3707
156.6352
157.8654
156.951
157.5793
157.037
157.9576
157.066
157.3677
156.8374
156.5125
156.9861
157.0798
156.5432
157.2322
156.674
157.216
156.2183
156.6435
156.6475
156.7554
156.7453
156.8051
156.993
156.4026
157.0856
157.0484
156.7074
156.2131
157.0174
156.834
156.6995
157.0343
156.6765
156.8598
156.7828
156.5971
157.2382
156.8342
157.0347
157.0383
157.0288
156.9658
156.9303
157.0948
157.066
157.119
157.0985
157.361
156.7012
156.9508
155.8125
156.3267
156.8898
156.1499
156.627
157.1877
157.0203
157.3782
156.1594
156.622
156.4026
157.2109
156.5161
156.5015
156.6373
156.8154
155.3542
156.7979
156.1489
156.2801
156.327
156.5919
156.4913
155.9033
156.6405
156.6519
156.3841
156.6165
156.5488
156.3878
156.3547
156.1187
155.8296
155.9021
156.1381
156.4895
156.6223
156.4065
154.984
154.984
155.3484
155.3333
155.5455
155.3577
154.984
154.984
154.984
154.984
154.984
154.984
154.984
154.984
156.4386
154.984
154.984
154.984
154.984
154.984
154.984
154.984
154.984
154.984
154.984
155.9312
155.9567
155.7411
156.2872
156.0404
156.3114
155.3777
154.7441
154.7441
155.4023
154.7441
155.2276
156.0151
154.7441
154.7441
155.1847
155.3707
154.7441
154.7441
154.7441
154.7441
155.2365
154.7441
154.7441
155.7731
154.7441
154.7441
154.7441
154.7441
154.7441
156.01
155.2318
154.7441
154.7441
154.9203
154.7441
155.0323
155.0347
155.6645
155.6054
155.5623
154.3478
155.8421
154.3478
154.576
154.2816
154.8236
154.7879
154.2816
155.2867
154.2816
154.2816
154.2816
154.6969
154.2816
154.2816
154.2816
154.2816
154.2816
154.2816
154.9806
154.2816
154.2816
156.0627
155.9328
155.1557
155.9201
156.1009
156.1958
155.472
155.618
156.149
156.3596
155.9148
155.928
156.075
155.944
156.8253
155.7628
156.3616
155.9705
155.6192
155.5894
155.4354
155.7997
154.867
155.7641
155.7336
155.1886
155.4043
155.5826
155.0495
155.0629
154.6346
154.4207
153.8833
154.1927
153.8906
154.2822
154.4212
154.0726
154.2849
154.4343
154.2483
153.8288
153.7804
154.2325
154.3568
154.4736
154.1377
153.9403
154.2483
154.0453
153.651
154.1262
153.0458
153.0458
153.0458
153.0458
153.8655
153.0458
153.0458
153.0458
153.4267
153.0458
153.0458
153.0458
153.0458
153.0458
153.0458
153.0458
153.0458
153.7127
153.0458
153.0458
153.0458
153.4727
153.0458
153.0458
153.0458
154.6576
153.0458
153.0458
153.0458
153.0458
153.0458
153.0458
153.0458
153.0458
153.3393
153.4643
153.8813
153.0458
154.5806
154.0463
154.2723
154.5296
154.7148
154.6024
154.8921
155.186
154.6124
154.5253
154.5225
154.7273
154.617
154.1578
153.8866
152.7467
152.7467
154.2292
152.7467
152.7467
152.7467
152.7467
152.7467
152.7467
153.7532
152.7467
153.5978
153.2194
153.373
153.8419
153.9418
153.7459
153.945
153.5145
153.0247
152.37
153.6846
153.4236
152.3687
152.3687
152.3687
152.3687
152.3687
153.4827
152.3687
152.9444
152.3687
152.3687
152.3687
152.3687
152.3687
152.3687
152.3687
152.3687
153.1035
152.3687
152.3687
152.3687
152.3687
153.5754
152.3687
152.3687
152.3687
153.1437
152.981
152.5526
152.3687
153.6706
153.4857
153.7662
154.0412
153.9328
154.1124
153.7373
154.2052
153.0805
153.819
153.9706
154.0284
154.0896
154.0544
154.2328
152.8626
152.1223
152.1223
152.1223
152.1223
152.1223
152.9889
152.1223
152.1223
152.1223
152.1223
152.1223
153.0994
153.0693
152.1223
153.1489
153.1589
152.1223
152.1223
152.6679
152.1223
152.1223
153.1196
152.1223
152.1223
152.8724
152.1223
152.8949
152.1223
152.1223
152.974
152.1223
152.1223
153.3812
152.1223
152.1223
153.1238
152.8776
153.353
153.4337
153.573
153.4952
153.5979
153.8341
153.6831
154.1313
153.039
152.6266
153.1505
152.9641
152.9608
152.9126
152.6053
151.8565
151.8565
153.0399
151.9372
152.8557
152.3443
151.8565
152.9113
152.6743
153.1963
153.6334
153.2931
153.4241
153.4655
153.4209
153.5965
153.5606
153.0116
152.8258
152.486
151.8559
152.5588
152.5688
151.8423
151.7643
151.7643
152.9153
151.7643
152.6883
151.9914
151.7643
152.2789
151.7643
151.7643
151.7643
151.7643
152.477
152.7831
151.6776
151.6776
151.644
151.644
152.319
152.8477
152.6164
152.5746
152.3352
152.8034
153.2057
152.1391
151.5271
152.2065
152.5749
151.954
151.8141
151.5185
151.5185
152.1823
151.351
151.351
152.4747
151.351
151.351
151.5566
151.351
152.0961
152.0679
151.1961
151.1961
151.1961
151.1961
151.1961
151.1961
152.5764
152.2331
152.5249
152.9909
152.9981
152.6625
152.6583
152.4161
152.8235
152.706
152.5896
152.2453
152.8008
152.7205
152.9698
152.5258
152.71
152.438
151.564
151.9786
151.5443
151.4188
151.6438
150.4895
151.0674
151.2864
151.7533
150.5886
150.4213
150.3992
150.6822
150.294
151.7942
150.294
150.294
150.294
150.294
150.294
150.294
150.294
150.294
151.5237
150.294
151.175
151.5698
151.8735
151.9589
151.8479
151.9121
151.7833
151.8093
151.6361
152.1442
151.4317
151.6865
150.0662
150.2717
150.8354
151.3494
150.9534
150.0161
151.0284
151.287
150.6711
151.4323
151.2383
150.5233
151.8725
151.0995
151.2696
150.6597
150.7025
151.4346
151.7945
151.1896
150.8403
150.9237
151.0652
150.632
151.0771
151.497
151.4647
151.1552
151.3578
151.5377
151.041
151.413
151.2357
151.0552
151.3274
150.9128
150.5053
150.8118
150.0247
150.4142
150.3311
150.1626
150.1663
150.1831
150.3507
150.0424
149.0736
149.8968
149.7714
150.0622
149.6931
150.2508
150.0064
148.5647
148.5647
149.475
148.5647
148.5647
149.7104
148.5647
149.1553
148.5647
148.5647
148.5647
148.5647
148.5647
149.5387
149.4322
148.5647
148.5647
149.2257
148.5647
148.5647
148.5647
148.5647
148.5647
148.5647
148.5647
148.5647
148.5647
148.5647
148.5647
148.5647
148.5647
148.5647
148.5647
148.5647
148.5647
148.5647
149.3157
150.0486
150.1303
150.1296
150.1931
150.0579
150.6962
149.9059
149.2342
148.3766
148.3766
148.3766
149.2241
149.6504
149.4736
149.3281
149.5049
149.2771
148.3421
149.184
148.3421
149.2938
148.1402
148.5727
148.1402
148.1402
149.0807
149.2505
149.2941
149.5661
149.8823
149.5647
149.7002
149.542
149.564
149.4868
149.7359
149.4503
149.5867
149.2069
149.7049
149.6896
149.5587
149.4639
149.1035
149.2189
149.2413
149.177
149.1521
147.9036
149.0122
147.9869
147.8693
148.2867
147.4284
147.4284
147.4284
147.4284
147.4284
147.4284
147.4284
147.4284
147.4284
147.4284
148.6821
147.4284
147.4284
148.953
147.4284
148.7101
147.4284
147.4284
147.5588
147.4284
147.4284
148.8927
147.4284
147.4284
147.4284
147.4284
147.4284
147.4284
147.4284
147.4284
147.4284
147.4284
147.4284
147.4284
147.4284
147.4284
147.4284
148.0031
147.9099
149.107
148.9573
148.7119
148.7581
148.6853
148.5369
148.6355
148.5267
147.037
147.037
147.037
147.037
147.6053
147.037
147.3579
147.037
147.4028
147.037
147.037
147.037
147.037
147.037
147.8446
147.6808
147.037
147.037
147.037
147.037
147.037
147.8913
147.037
147.037
147.037
147.037
147.037
147.037
147.037
147.037
147.037
147.037
147.037
147.037
147.037
147.037
147.037
147.9942
147.037
147.037
147.037
147.8044
147.037
147.037
147.037
147.037
147.2133
148.2969
147.037
147.037
147.037
147.4468
147.037
147.037
147.037
147.037
147.037
147.037
147.037
147.037
147.037
147.037
147.037
147.037
147.037
147.037
147.037
147.037
147.037
147.037
147.037
147.037
147.037
147.037
147.037
147.037
147.037
147.2794
147.037
147.4734
147.037
148.0532
147.037
148.3963
147.037
147.037
147.037
147.037
147.9166
147.037
147.8421
148.2894
147.037
147.037
147.037
147.037
147.037
147.037
147.037
147.037
147.037
147.9213
147.037
147.037
147.037
147.037
147.3964
147.037
148.1344
148.0892
148.716
148.1385
147.9196
148.1478
147.9983
148.5107
146.9108
146.8781
146.8781
147.9045
146.8781
146.8781
146.8781
146.8781
146.8781
146.8781
146.8781
146.8781
146.8781
147.0702
146.8781
146.8781
146.8781
148.0302
146.8781
146.8781
146.8781
146.8781
146.8781
147.9418
147.867
148.3876
147.9035
147.9226
148.0672
147.6547
147.984
147.3753
146.8276
146.7455
147.2628
146.6476
146.6476
146.6476
147.3111
146.6476
146.6476
146.6476
146.6476
146.6476
147.723
147.5905
147.6393
148.211
148.4842
147.6612
147.5612
148.3639
148.2282
148.3195
147.6754
148.2439
147.9077
147.9553