524.6111
527.4094
529.965
532.1432
534.4566
535.6116
536.7232
538.2973
540.0941
542.2963
543.4534
544.1987
545.9198
545.9346
547.5645
548.8447
549.9995
551.7811
553.4035
554.8696
555.3443
554.6467
555.4009
556.2476
557.1528
558.5526
559.3235
560.543
561.1984
561.8115
562.7692
563.3148
563.8128
564.0944
565.4818
566.7132
566.4099
567.8597
569.1114
569.4934
570.8701
571.4657
572.2563
572.8428
573.6672
574.2307
574.5971
575.5472
576.2296
576.9591
576.9946
578.3376
579.195
579.7405
580.5432
580.428
581.3849
581.5375
582.1526
583.0671
583.6564
584.2169
585.3182
586.4997
587.9935
588.5087
589.9738
591.6827
592.8306
594.4243
595.8505
597.0981
597.9133
598.2374
599.326
600.3723
601.2443
601.9888
603.0098
603.8345
604.6865
605.0516
606.0568
606.663
607.3814
608.6603
609.6528
610.2378
611.2274
611.7725
612.6859
613.0433
613.5198
613.6907
614.4577
614.6182
614.9569
615.3303
615.7855
615.876
616.6876
616.8737
618.1552
619.3765
620.2933
621.0975
621.8665
622.5934
623.0067
623.8356
624.2955
624.9653
625.563
626.0389
626.6565
626.92
627.199
627.5625
627.85
628.2885
628.5487
629.0895
629.3732
629.3398
629.9504
629.9525
630.3074
630.4671
630.9924
631.0774
631.2384
631.631
631.8683
631.8385
632.2104
632.7723
633.0338
633.7328
634.2314
634.4283
634.773
634.8894
634.9394
635.1152
635.5475
635.6861
636.13
636.2062
636.3939
636.63
637.0556
637.5721
638.1176
639.0587
639.3593
639.9444
640.6069
641.1264
641.2877
641.6808
641.9258
641.9451
642.2224
642.5439
643.2411
643.8504
644.0825
644.4324
644.7615
645.0743
645.4772
645.4337
645.8701
646.0524
646.4418
646.7479
646.9146
647.3551
647.9039
648.1439
648.2229
648.3552
648.5223
648.905
649.0956
649.4501
649.8123
650.481
650.9004
651.4504
651.7943
652.0027
652.1215
652.0906
652.2079
652.4023
652.5957
652.8561
653.1166
653.7593
654.2007
654.6423
655.3176
655.9383
656.2957
656.4734
656.8237
657.0795
657.4825
657.7784
658.1115
658.3602
658.5168
658.7271
658.9969
659.2982
659.617
659.9423
660.1735
660.3596
660.481
660.639
660.6865
660.9216
661.097
661.3326
661.4206
661.3862
661.5153
661.4794
661.6235
661.6065
661.7982
661.7235
661.7591
661.8856
662.1579
662.5298
662.6983
663.0093
663.2814
663.5778
663.9838
664.3926
664.6598
664.9598
665.2548
665.571
665.8369
666.1751
666.4536
666.8039
667.0716
667.2858
667.4995
667.7565
667.9864
668.2208
668.4529
668.6407
668.7776
668.9518
669.2377
669.5076
669.6597
669.7731
669.9303
669.9686
670.1935
670.442
670.6454
671.04
671.3062
671.5173
671.7193
671.9301
672.086
672.2928
672.3635
672.5156
672.5801
672.6884
672.9423
673.0684
673.3914
673.704
673.9616
674.2505
674.3184
674.4781
674.55
674.7631
674.9733
675.178
675.3599
675.5653
675.7863
675.8505
676.1207
676.2411
676.4172
676.551
676.6505
676.84
676.7961
676.8186
676.9462
677.1285
677.2803
677.3277
677.534
677.7344
677.8081
677.8684
678.0987
678.3494
678.4994
678.4065
678.4558
678.3754
678.3896
678.5767
678.7871
678.951
679.2014
679.3998
679.5591
679.6302
679.6548
679.9324
680.2063
680.6419
681.0546
681.4948
681.6797
682.0773
682.2927
682.3593
682.5308
682.6941
682.7955
682.9371
683.1207
683.4316
683.741
683.8842
684.1724
684.3638
684.6161
684.68
684.8967
685.0408
685.1634
685.2929
685.4136
685.6245
685.8411
685.9779
686.1709
686.2675
686.377
686.6612
686.8378
687.048
687.3875
687.6648
687.9114
688.0671
688.2758
688.4874
688.6268
688.8278
689.0046
689.2453
689.5181
689.7231
689.8399
690.0684
690.2305
690.3921
690.5053
690.6549
690.7219
690.7862
690.8677
690.9518
691.045
691.1388
691.291
691.4459
691.5652
691.6089
691.661
691.6736
691.7126
691.7526
691.8508
692.0146
692.0834
692.1566
692.3157
692.4536
692.7118
692.862
692.8936
693.0831
693.2216
693.2898
693.3663
693.5093
693.5785
693.6372
693.6537
693.689
693.7195
693.7798
693.7407
693.7728
693.8175
693.8536
693.9079
693.9606
694.063
694.0604
694.218
694.5645
694.8489
694.9893
695.0494
695.1107
695.1672
695.2192
695.3469
695.5386
695.653
695.7758
696.0303
696.1132
696.1539
696.1948
696.2345
696.3143
696.4125
696.4871
696.5913
696.7316
696.931
697.0054
697.0471
697.2073
697.311
697.3632
697.4791
697.5729
697.7281
697.7518
697.7679
697.764
697.787
697.7961
697.8304
697.9029
697.9985
698.1233
698.113
698.0836
698.1314
698.2182
698.3315
698.2244
698.309
698.3849
698.4091
698.3332
698.3771
698.4226
698.4877
698.5598
698.4993
698.5054
698.4257
698.4978
698.5308
698.6093
698.5596
698.6277
698.694
698.687
698.763
698.785
698.8751
698.9594
699.0769
699.2164
699.3798
699.4516
699.5284
699.616
699.7654
699.8694
699.9312
700.0735
700.2501
700.3196
700.3746
700.463
700.5945
700.6714
700.798
700.8557
700.9543
701.0771
701.38
701.5667
701.6401
701.6679
701.8021
701.9404
702.071
702.1714
702.2567
702.2604
702.3708
702.4236
702.5397
702.5481
702.5322
702.6681
702.7524
702.7257
702.864
702.755
702.8249
702.935
702.9023
702.9548
703.0062
703.1303
703.319
703.4501
703.4584
703.5934
703.8154
704.0508
704.2332
704.1708
704.2941
704.5519
704.8174
704.9327
705.1124
705.1804
705.2225
705.2737
705.3679
705.46
705.6074
705.8586
706.0523
706.1678
706.3549
706.3777
706.4219
706.4326
706.4861
706.5781
706.5541
706.6301
706.7395
706.791
706.7872
706.7957
706.8629
706.95
707.004
707.0364
707.0443
707.1351
707.2415
707.3438
707.407
707.4033
707.45
707.4824
707.5797
707.647
707.8124
707.9253
708.0508
708.1498
708.2209
708.2894
708.4139
708.5247
708.5928
708.6009
708.6317
708.6493
708.7813
708.9062
709.049
709.17
709.3378
709.3513
709.4025
709.4516
709.4922
709.5652
709.6005
709.6498
709.4778
709.5624
709.6249
709.6321
709.6713
709.6925
709.7542
709.7961
709.834
709.9599
709.9459
709.9261
710.0791
710.2135
710.249
710.2941
710.324
710.3879
710.4316
710.4624
710.5131
710.577
710.6344
710.6545
710.6833
710.7546
710.7988
710.8511
710.8772
710.9352
710.9003
710.9333
710.9105
710.8976
710.9223
710.9012
710.9539
710.9001
711.0014
710.9844
710.9614
711.0784
711.0865
711.1561
711.2151
711.3066
711.3948
711.4344
711.4679
711.4409
711.4793
711.5339
711.5734
711.5952
711.6626
711.7576
711.8049
711.8636
711.9014
711.9808
711.9999
711.9993
711.9687
712.0027
712.028
712.0607
712.1003
712.075
712.0242
712.0891
712.1327
712.1519
712.2841
712.3442
712.3563
712.5332
712.5032
712.5819
712.6276
712.7346
712.8935
712.9856
713.06
713.165
713.2559
713.2175
713.3867
713.568
713.7438
713.8468
714.0323
714.2485
714.3789
714.4613
714.4882
714.5743
714.6844
714.7454
714.7883
714.854
714.9057
714.97
715.0609
715.1827
715.2829
715.2994
715.2878
715.3497
715.3738
715.4838
715.537
715.6097
715.6158
715.6012
715.546
715.6168
715.6148
715.6328
715.6603
715.6483
715.6685
715.7351
715.6936
715.801
715.8286
715.8052
715.8592
715.89
715.9216
715.9877
715.9629
716.0664
716.1477
716.1087
716.1479
716.1287
716.2321
716.259
716.2825
716.3572
716.4507
716.5045
716.577
716.7139
716.7031
716.8218
716.9597
717.0534
717.2038
717.236
717.2185
717.3058
717.386
717.4509
717.52
717.5235
717.5975
717.6239
717.7631
717.8286
717.8434
717.8126
717.8264
717.8834
717.938
717.9537
717.9753
717.9745
718.0128
718.1337
718.1049
718.1628
718.2679
718.2928
718.3843
718.5257
718.5984
718.5911
718.5902
718.5323
718.5287
718.4847
718.478
718.5089
718.4964
718.5855
718.5119
718.4955
718.6143
718.6573
718.6385
718.7352
718.7371
718.7777
718.82
718.9304
718.9509
719.0021
719.1434
719.2413
719.3391
719.5107
719.6194
719.6607
719.6881
719.736
719.7656
719.7667
719.7068
719.6981
719.7567
719.7933
719.8154
719.7883
719.8307
719.872
719.8785
719.8416
719.8456
719.8486
719.9075
719.91
719.9368
719.8264
719.9719
719.9683
720.0021
719.9883
720.0098
719.9665
720.0526
720.0885
720.1862
720.2473
720.3274
720.3896
720.4053
720.5814
720.5709
720.6376
720.7687
720.9053
721.0059
721.1263
721.252
721.3259
721.3878
721.4781
721.5084
721.6186
721.6897
721.714
721.6605
721.7142
721.7465
721.7377
721.7898
721.8801
722.055
722.0281
721.9418
721.9816
721.9377
721.9837
722.1318
722.1588
722.1378
722.1425
722.1124
722.2021
722.2651
722.3152
722.2217
722.3066
722.3287
722.4339
722.5101
722.4487
722.4548
722.5862
722.5681
722.6546
722.694
722.7704
722.8211
722.7737
722.8094
722.8569
722.8848
722.9673
723.0721
723.0544
723.197
723.2359
723.2701
723.2958
723.2484
723.2304
723.3043
723.33
723.3285
723.3088
723.3527
723.4077
723.462
723.5165
723.5513
723.677
723.6871
723.7654
723.7922
723.8144
723.8539
723.8229
723.8537
723.8352
723.9086
723.9185
723.9365
723.9417
723.9689
723.9868
723.9742
723.9654
723.9883
724.0462
724.0743
724.0934
724.1431
724.1945
724.1883
724.2294
724.2061
724.2064
724.2562
724.2966
724.3033
724.1696
724.2135
724.1653
724.2328
724.1774
724.3154
724.4474
724.4435
724.4686
724.443
724.4665
724.5181
724.5964
724.6316
724.5684
724.5898
724.6419
724.5845
724.7433
724.6479
724.6695
724.6889
724.7853
724.7688
724.9496
724.8807
725.0791
725.248
725.2643
725.314
725.3805
725.4501
725.4484
725.5067
725.5081
725.4866
725.5081
725.507
725.5065
725.5155
725.5222
725.5319
725.5544
725.5753
725.5685
725.5872
725.5768
725.6213
725.7
725.7032
725.6823
725.7321
725.7106
725.7154
725.728
725.8251
725.8437
725.9598
726.0395
726.1302
726.2267
726.2599
726.3591
726.4296
726.4606
726.5376
726.6544
726.6914
726.7525
726.8322
726.8354
726.879
726.9269
727.0162
727.0826
727.1083
727.1074
727.1052
727.06
727.1228
727.0695
727.0881
727.1167
727.2238
727.2162
727.2244
727.2684
727.2589
727.2942
727.2964
727.3062
727.2651
727.2538
727.2477
727.2431
727.2614
727.3381
727.3296
727.3366
727.4553
727.4332
727.4503
727.5928
727.6251
727.8523
727.9755
727.9838
727.9947
728.1124
728.1637
728.1264
728.151
728.225
728.2362
728.2888
728.3533
728.3438
728.4461
728.4658
728.4859
728.5115
728.5816
728.712
728.7831
728.8182
728.9083
728.9302
728.9219
729.0109
729.0454
729.0918
729.0627
729.1443
729.1301
729.1838
729.189
729.1826
729.1966
729.1382
729.1831
729.1934
729.2199
729.4216
729.3351
729.439
729.4526
729.5015
729.4954
729.5034
729.5253
729.5329
729.5374
729.5319
729.5528
729.5683
729.592
729.6338
729.6418
729.6501
729.6946
729.705
729.7387
729.7396
729.7379
729.7324
729.6999
729.6874
729.6946
729.6613
729.7955
729.8227
729.8296
729.8089
729.7838
729.8168
729.8333
729.8455
729.8467
729.8049
729.7827
729.7476
729.8347
729.7878
729.7192
729.6669
729.6721
729.6689
729.6413
729.5644
729.5923
729.5014
729.665
729.6929
729.7043
729.8229
729.8785
729.9858
730.0069
730.1077
730.1589
730.2408
730.2871
730.3418
730.4061
730.3495
730.4114
730.3636
730.4235
730.5852
730.6844
730.6638
730.6804
730.6864
730.6212
730.6161
730.6189
730.6658
730.742
730.874
730.8827
730.8967
730.8502
730.9523
731.0181
731.0856
731.0915
731.1122
731.076
731.1004
731.0992
731.1832
731.2155
731.2441
731.3182
731.3069
731.3135
731.3549
731.3969
731.4138
731.5019
731.5089
731.5582
731.6174
731.6357
731.627
731.7454
731.85
731.848
731.9133
731.926
732.0353
732.0371
732.0566
732.0596
732.0602
732.0614
732.0629
732.0579
732.0634
731.9943
732.01
732.0731
732.0889
732.1676
732.1837
732.2022
732.2405
732.2481
732.2452
732.2883
732.322
732.3043
732.3341
732.3224
732.3898
732.3864
732.4215
732.4276
732.4628
732.4874
732.4846
732.4786
732.5158
732.5186
732.5186
732.5151
732.5167
732.5037
732.5104
732.4803
732.4828
732.379
732.4312
732.4518
732.524
732.5942
732.5829
732.5861
732.5861
732.5967
732.7391
732.7372
732.7197
732.6551
732.6619
732.5822
732.7249
732.6807
732.694
732.679
732.7967
732.8988
732.9374
733.0101
733.0995
733.1464
733.1979
733.2246
733.2295
733.2289
733.1932
733.2383
733.2098
733.2443
733.2485
733.2783
733.3072
733.2631
733.3086
733.261
733.2845
733.2668
733.1569
733.1692
733.1615
733.1342
733.1065
733.072
733.2486
733.1973
733.2828
733.4404
733.5384
733.4681
733.5345
733.4905
733.5208
733.5388
733.6326
733.6914
733.7717
733.8223
733.7874
733.7919
733.8531
733.8525
733.9171
733.9473
733.9487
734.0213
734.0418
734.0914
734.1337
734.1337
734.1199
734.1063
734.0962
734.0879
734.0999
734.0607
734.1049
734.1229
734.1363
734.1686
734.191
734.2311
734.2727
734.278
734.246
734.2342
734.1977
734.2844
734.3193
734.3072
734.3583
734.3396
734.3509
734.3345
734.3596
734.3071
734.34
734.2457
734.2937
734.3853
734.323
734.3373
734.455
734.5327
734.4599
734.4937
734.501
734.4634
734.509
734.4293
734.438
734.4265
734.4443
734.4691
734.4144
734.5203
734.5176
734.4471
734.5783
734.5939
734.5852
734.5867
734.6244
734.5756
734.579
734.6463
734.6685
734.6444
734.5889
734.6747
734.7117
734.7335
734.6132
734.6642
734.6947
734.7103
734.6216
734.7554
734.6812
734.6725
734.7861
734.7574
734.6447
734.6516
734.749
734.6377
734.7183
734.6182
734.7987
734.6984
734.7077
734.8174
734.7939
734.8434
734.7954
734.833
734.941
734.9624
734.9709
734.9469
735.0936
735.1925
735.2401
735.2109
735.1124
735.1421
735.1952
735.2498
735.2527
735.3342
735.3781
735.4908
735.5693
735.585
735.5914
735.5842
735.5909
735.6014
735.6039
735.585
735.597
735.5695
735.5966
735.528
735.5571
735.5179
735.5536
735.5763
735.5453
735.5521
735.5421
735.5674
735.575
735.5595
735.5252
735.549
735.511
735.5314
735.5558
735.5637
735.6206
735.6896
735.7273
735.7121
735.7052
735.6805
735.6901
735.6176
735.6871
735.7198
735.8033
735.773
735.7609
735.7574
735.7421
735.8032
735.9557
736.018
735.9284
735.9594
736.0383
736.1113
736.1278
736.0173
736.1658
736.2366
736.2673
736.2561
736.287
736.2768
736.2962
736.3131
736.3293
736.3105
736.2469
736.3246
736.2935
736.2537
736.3542
736.283
736.2531
736.2332
736.2617
736.2581
736.2971
736.3649
736.3141
736.455
736.4962
736.4952
736.4636
736.4883
736.5813
736.6181
736.6002
736.6509
736.6735
736.6954
736.6902
736.77
736.7772
736.7226
736.8151
736.8429
736.87
736.8774
736.9744
737.0408
737.1232
737.1313
737.2377
737.2463
737.3025
737.3874
737.4066
737.4255
737.4371
737.4778
737.5543
737.55
737.6439
737.6995
737.7531
737.7617
737.7545
737.7252
737.7033
737.6963
737.6783
737.603
737.6859
737.6514
737.677
737.6414
737.6261
737.6708
737.6354
737.7225
737.7897
737.8926
737.8323
737.8857
737.8438
737.8865
737.889
737.9053
738.0698
738.0302
738.0539
737.9859
737.9968
738.1183
738.1347
738.2054
738.1646
738.2965
738.3267
738.3625
738.3743
738.403
738.4022
738.4098
738.3845
738.3228
738.3927
738.4098
738.4543
738.4537
738.4763
738.4984
738.5046
738.5057
738.5057
738.4984
738.5057
738.5057
738.5063
738.5068
738.5003
738.4863
738.4766
738.4886
738.5438
738.5451
738.5179
738.5223
738.5233
738.5158
738.5508
738.4899
738.4817
738.5834
738.6097
738.5966
738.5874
738.6263
738.5957
738.6199
738.6618
738.6614
738.6774
738.6295
738.6014
738.6104
738.6058
738.6628
738.6334
738.5921
738.5966
738.5282
738.6198
738.6659
738.6754
738.6392
738.6912
738.7424
738.786
738.767
738.7753
738.778
738.87
738.8848
738.9781
738.9465
738.9858
739.0212
739.0552
739.0625
739.019
739.0454
739.1155
739.0936
739.1425
739.1431
739.1444
739.1714
739.1953
739.1953
739.1896
739.1953
739.1953
739.1953
739.1953
739.1953
739.1953
739.1953
739.1909
739.1953
739.1813
739.1867
739.1953
739.1716
739.1755
739.1785
739.1772
739.1431
739.1536
739.1913
739.1539
739.1074
739.0844
739.1157
739.2251
739.2282
739.2786
739.2429
739.3303
739.36
739.3732
739.3751
739.3771
739.3806
739.3877
739.3986
739.3986
739.3919
739.3813
739.3868
739.3846
739.3699
739.3896
739.3475
739.4124
739.4462
739.5209
739.4794
739.5233
739.5463
739.5375
739.6132
739.5942
739.6051
739.541
739.4717
739.4141
739.4994
739.5453
739.5536
739.5535
739.5755
739.6469
739.5675
739.7002
739.705
739.7013
739.689
739.6672
739.7061
739.624
739.7303
739.7133
739.7916
739.6984
739.7849
739.7627
739.7636
739.8466
739.8463
739.938
740.0182
740.0429
740.0848
740.2004
740.1816
740.2434
740.2558
740.3323
740.3498
740.3798
740.3798
740.3798
740.3798
740.3798
740.3798
740.3799
740.3431
740.296
740.3201
740.3416
740.2546
740.2157
740.2498
740.1633
740.1705
740.2797
740.4281
740.4539
740.416
740.4523
740.455
740.532
740.5018
740.5472
740.607
740.6132
740.6261
740.6223
740.6261
740.6261
740.6261
740.6261
740.621
740.6262
740.6121
740.6265
740.5923
740.5755
740.5602
740.5892
740.5195
740.6071
740.5604
740.5676
740.6039
740.6532
740.7075
740.7311
740.7121
740.6955
740.6236
740.6805
740.6819
740.7044
740.763
740.7641
740.7689
740.7689
740.7636
740.7473
740.7502
740.7098
740.7261
740.6825
740.7413
740.7799
740.7554
740.7034
740.6299
740.6365
740.6088
740.6263
740.7017
740.7417
740.7207
740.7441
740.7979
740.7888
740.8436
740.8605
740.8621
740.8621
740.8658
740.8672
740.8522
740.8664
740.877
740.9004
740.9293
741.0884
741.1539
741.1739
741.1747
741.1489
741.1424
741.1213
741.0995
741.187
741.2837
741.2829
741.3099
741.3132
741.3093
741.3358
741.2885
741.3659
741.4084
741.4388
741.424
741.4388
741.4388
741.4389
741.4299
741.439
741.4265
741.3974
741.3828
741.3298
741.4187
741.4482
741.4325
741.4546
741.4509
741.4603
741.4908
741.5049
741.529
741.556
741.556
741.556
741.556
741.5535
741.556
741.556
741.556
741.5523
741.556
741.5378
741.5536
741.5283
741.5165
741.5582
741.5573
741.4892
741.5327
741.5542
741.5435
741.5547
741.5332
741.4944
741.4941
741.5067
741.486
741.4659
741.3786
741.428
741.4089
741.4609
741.5601
741.5461
741.7175
741.7126
741.7318
741.692
741.7007
741.7375
741.7573
741.7767
741.7659
741.7698
741.7651
741.7791
741.7783
741.759
741.7894
741.7974
741.798
741.7955
741.7814
741.7923
741.7877
741.788
741.7972
741.8076
741.8123
741.8123
741.8123
741.8123
741.8102
741.8124
741.8083
741.8115
741.8102
741.7942
741.7432
741.6932
741.7587
741.8078
741.8054
741.8611
741.9246
741.9564
741.9794
742.0809
742.0654
742.0712
742.0951
742.1165
742.1058
742.1567
742.1633
742.1624
742.1932
742.1932
742.1932
742.1932
742.1932
742.1932
742.1808
742.1896
742.1932
742.1932
742.1619
742.1878
742.1932
742.1826
742.1929
742.186
742.1816
742.194
742.1107
742.163
742.1602
742.2073
742.1956
742.2181
742.2264
742.236
742.2365
742.2212
742.1866
742.1805
742.1754
742.1777
742.2098
742.1535
742.324
742.3112
742.3223
742.2839
742.2371
742.328
742.3339
742.2955
742.3227
742.3127
742.3588
742.3588
742.3588
742.3588
742.352
742.3588
742.3589
742.356
742.3451
742.3246
742.309
742.2324
742.2537
742.1613
742.1046
742.221
742.224
742.2068
742.1022
742.1195
742.183
742.2247
742.2434
742.3715
742.2204
742.314
742.4059
742.5625
742.5706
742.5234
742.5363
742.5214
742.4717
742.5115
742.4683
742.5515
742.5993
742.5623
742.6093
742.6348
742.5747
742.5858
742.6268
742.622
742.6362
742.6102
742.608
742.6501
742.7022
742.6951
742.7037
742.691
742.7038
742.7126
742.6899
742.6989
742.6984
742.6922
742.7339
742.7112
742.7037
742.7652
742.7863
742.7897
742.7897
742.7877
742.7882
742.7908
742.7587
742.7524
742.6728
742.6539
742.6442
742.6462
742.7421
742.8137
742.7637
742.7502
742.7333
742.7023
742.7286
742.7136
742.7148
742.8159
742.8234
742.8891
742.9775
742.9911
742.9916
742.9859
742.962
742.959
742.995
742.9888
742.9664
742.9429
742.9666
742.9105
742.9821
743.0275
743.0204
743.0598
743.151
743.1486
743.151
743.1404
743.151
743.1514
743.1365
743.119
743.0579
743.0692
743.0888
743.0927
743.0439
743.0776
743.1
743.1138
743.103
743.0832
743.0835
743.1598
743.2482
743.3031
743.3182
743.3439
743.3997
743.3958
743.4057
743.4177
743.4116
743.4517
743.4717
743.5037
743.5164
743.5228
743.5317
743.5317
743.5277
743.5317
743.5264
743.5323
743.527
743.5158
743.5237
743.5234
743.5405
743.5558
743.571
743.5366
743.5131
743.5125
743.5231
743.4987
743.3883
743.44
743.4352
743.3925
743.3676
743.4669
743.3754
743.3976
743.3909
743.3198
743.325
743.4911
743.3691
743.3534
743.2494
743.3636
743.3502
743.3741
743.4152
743.4712
743.5302
743.5198
743.6484
743.6873
743.7495
743.7001
743.7651
743.7807
743.7906
743.7609
743.714
743.6851
743.7328
743.694
743.8209
743.824
743.8955
743.9589
743.9669
743.956
743.954
743.9586
743.9214
743.967
744.0054
744.0431
744.0983
744.0977
744.0991
744.0912
744.0801
744.0678
744.08
744.1089
744.1001
744.1016
744.115
744.1156
744.1687
744.129
744.1472
744.1005
744.1481
744.1107
744.1061
744.1652
744.1428
744.1569
744.1678
744.1433
744.0624
744.001
744.067
744.2466
744.234
744.1721
744.184
744.1203
744.0945
744.1326
744.1727
744.2207
744.2766
744.1758
744.1517
744.2968
744.3665
744.3116
744.3816
744.5074
744.5176
744.5018
744.4385
744.567
744.5657
744.5782
744.5788
744.5724
744.5807
744.6066
744.5682
744.5962
744.6068
744.6232
744.6605
744.6678
744.7338
744.7595
744.7841
744.7841
744.7841
744.7796
744.7841
744.7841
744.7841
744.7841
744.7841
744.7841
744.7825
744.7841
744.7841
744.7841
744.7841
744.7722
744.7841
744.7841
744.7841
744.7835
744.7841
744.7841
744.7841
744.7841
744.7831
744.7841
744.7841
744.7834
744.7753
744.7795
744.7788
744.7841
744.7789
744.7832
744.7841
744.7841
744.7805
744.7789
744.7635
744.785
744.768
744.7372
744.7418
744.7532
744.8129
744.8032
744.8161
744.7698
744.7891
744.6844
744.7291
744.7768
744.7772
744.9633
744.9725
744.9776
744.9803
744.9662
744.8212
744.8999
744.795
744.8732
745.0283
745.0892
745.099
745.099
745.0975
745.0896
745.099
745.0844
745.099
745.099
745.099
745.099
745.099
745.094
745.099
745.099
745.099
745.0964
745.0977
745.0945
745.0233
745.0557
745.0715
745.0789
744.9694
745.0378
745.0497
745.0303
745.0561
744.998
744.9881
744.9972
745.1263
745.1968
745.1785
745.2147
745.2599
745.1559
745.1132
745.2295
745.2825
745.2584
745.2888
745.2894
745.2453
745.2712
745.2781
745.2866
745.3088
745.3173
745.3625
745.3699
745.3455
745.3228
745.3217
745.3433
745.4364
745.4226
745.4406
745.4633
745.4686
745.4793
745.4403
745.4288
745.486
745.4826
745.4865
745.4865
745.4835
745.4872
745.4673
745.4809
745.4171
745.4672
745.4223
745.4223
745.4317
745.3871
745.3968
745.5269
745.5436
745.485
745.4797
745.5353
745.5891
745.6392
745.6829
745.6562
745.6964
745.6985
745.7233
745.7088
745.7022
745.6912
745.634
745.6597
745.6331
745.6589
745.6603
745.6107
745.6484
745.5352
745.5762
745.6556
745.5626
745.5895
745.6641
745.7171
745.8212
745.8319
745.8215
745.8707
745.863
745.8366
745.78
745.8724
745.7337
745.886
745.8685
745.9393
745.8884
746.051
746.0567
746.0677
746.0746
746.0249
746.0829
746.1012
746.1135
746.1275
746.1275
746.1279
746.1169
746.1116
746.0707
746.0411
746.0145
746.0157
746.0679
746.028
745.9982
746.0466
746.1249
746.082
746.1093
746.0515
746.1738
746.0779
746.0491
746.1271
746.1148
746.2458
746.2418
746.2419
746.269
746.2681
746.2679
746.3044
746.2766
746.2579
746.2635
746.2715
746.2763
746.2368
746.2422
746.2193
746.1723
746.2058
746.2034
746.1736
746.1976
746.2629
746.2693
746.3454
746.3479
746.3067
746.278
746.3459
746.352
746.4181
746.4617
746.4987
746.4899
746.4648
746.4778
746.5241
746.5366
746.5231
746.5336
746.5433
746.5579
746.5579
746.5579
746.5579
746.5579
746.5579
746.5376
746.5576
746.5275
746.4951
746.5105
746.4542
746.4978
746.5504
746.4707
746.5572
746.5188
746.5586
746.4815
746.5823
746.5695
746.5922
746.6158
746.6607
746.6713
746.6699
746.6733
746.6733
746.6732
746.6595
746.6711
746.665
746.6733
746.6733
746.6733
746.6733
746.6743
746.6519
746.6647
746.668
746.637
746.6744
746.6203
746.6235
746.5867
746.6398
746.6705
746.863
746.874
746.8803
746.8795
746.8024
746.8203
746.8536
746.8425
746.8548
746.8495
746.8769
746.8988
746.8853
746.8939
746.8769
746.9429
746.9299
746.9221
746.9396
746.9006
746.9197
746.9181
746.9251
746.932
746.9546
746.9149
746.966
746.9536
746.9996
747.0222
747.0381
747.0356
747.0515
747.0851
747.0904
747.0885
747.0898
747.0787
746.9537
747.0296
747.0046
746.8901
746.9061
746.8441
746.962
747.1274
747.1453
747.1967
747.1907
747.1467
747.1548
747.1326
747.2315
747.1923
747.178
747.2499
747.2504
747.3171
747.328
747.2665
747.3033
747.2751
747.2888
747.3329
747.337
747.3921
747.4237
747.4315
747.4315
747.4315
747.4315
747.4315
747.4315
747.4315
747.4315
747.4268
747.4319
747.4309
747.4303
747.4161
747.4363
747.4453
747.4458
747.4458
747.4451
747.4424
747.4445
747.4366
747.3654
747.3201
747.4326
747.3345
747.3867
747.4136
747.3902
747.3801
747.4175
747.2823
747.3625
747.3358
747.3392
747.3206
747.4536
747.4594
747.4525
747.5955
747.6152
747.6213
747.6097
747.6125
747.5761
747.6311
747.6524
747.6995
747.7106
747.6865
747.6845
747.7248
747.7275
747.7234
747.73
747.7469
747.7719
747.7813
747.7631
747.7831
747.7831
747.7795
747.782
747.7831
747.7831
747.7831
747.7831
747.7831
747.7831
747.7831
747.7831
747.7831
747.7831
747.7831
747.7831
747.7831
747.7831
747.7831
747.7831
747.7831
747.7831
747.7831
747.7831
747.7831
747.7831
747.7831
747.7831
747.7831
747.7831
747.7719
747.7766
747.7831
747.7832
747.7832
747.7661
747.7623
747.6968
747.6522
747.6989
747.7205
747.7315
747.7785
747.8484
747.8484
747.8447
747.8484
747.8484
747.842
747.8233
747.8416
747.8046
747.8128
747.7551
747.8165
747.7718
747.7917
747.7946
747.8994
747.9185
747.9023
747.9105
747.9143
747.8346
747.8771
747.8643
747.8235
747.8049
747.8627
747.8878
747.976
747.9093
747.9559
747.9923
747.9478
747.9546
747.9365
747.9616
747.9296
747.8727
747.8325
747.8958
747.7054
747.9617
748.0048
748.0248
748.0476
747.9988
748.014
748.0178
748.0301
748.0776
748.0532
748.0956
748.049
748.1104
748.0997
748.1434
748.1114
748.1119
748.1245
748.1174
748.1199
748.0752
748.1223
748.1461
748.1619
748.1668
748.2114
748.2272
748.2272
748.2272
748.2261
748.2272
748.222
748.2147
748.2272
748.2272
748.2234
748.2272
748.2168
748.2272
748.2272
748.2128
748.2263
748.2272
748.2275
748.2178
748.1915
748.16
748.1564
748.102
748.1078
748.1979
748.1864
748.1865
748.2554
748.2769
748.2686
748.2517
748.3042
748.3243
748.3388
748.3417
748.3419
748.3421
748.3409
748.3441
748.3426
748.3471
748.3471
748.3471
748.3457
748.3471
748.3471
748.3471
748.3471
748.3471
748.3475
748.3472
748.3512
748.3553
748.3079
748.3769
748.3642
748.3852
748.3834
748.3843
748.3852
748.3852
748.3852
748.3742
748.3852
748.3852
748.3843
748.3799
748.3852
748.3852
748.3852
748.381
748.3852
748.3768
748.3852
748.3852
748.3852
748.3852
748.3852
748.3852
748.3683
748.3852
748.3836
748.3852
748.3855
748.3839
748.3272
748.339
748.36
748.3667
748.3638
748.378
748.2817
748.3647
748.3343
748.346
748.3209
748.3971
748.4576
748.5074
748.4848
748.4701
748.5051
748.4888
748.4447
748.4222
748.397
748.3977
748.4558
748.5172
748.5215
748.6267
748.6096
748.6385
748.5865
748.6705
748.6294
748.7018
748.6974
748.7006
748.6708
748.7205
748.7481
748.7834
748.7355
748.7822
748.7797
748.7518
748.7708
748.713
748.7322
748.6912
748.7062
748.6955
748.7664
748.7856
748.8256
748.8317
748.8243
748.8317
748.8138
748.81
748.8422
748.8671
748.865
748.8668
748.85
748.8652
748.8608
748.8583
748.8152
748.8375
748.8389
748.9203
748.9221
748.9568
748.976
748.976
748.976
748.976
748.9763
748.9763
748.9697
748.9659
748.952
748.9613
748.9542
748.9771
748.91
748.937
748.9158
748.8748
748.9626
748.9316
748.9283
748.8397
748.9006
748.7688
748.9068
748.8597
748.8816
748.9412
748.9595
749.0787
749.0818
749.0969
749.1019
749.1019
749.1019
749.1019
749.1019
749.1019
749.1019
749.0886
749.1019
749.1019
749.0945
749.1019
749.1019
749.1019
749.1019
749.1019
749.0936
749.0959
749.1019
749.1019
749.1019
749.095
749.1021
749.094
749.0923
749.074
749.1029
749.0875
749.0129
748.9631
748.9522
748.9919
748.9203
749.0705
748.992
748.9734
749.0239
749.083
749.0049
749.1556
749.144
749.0775
749.0839
749.1202
749.1721
749.1721
749.1721
749.1661
749.1721
749.1721
749.1721
749.1725
749.1744
749.1582
749.129
749.1245
749.1176
749.1631
749.2196
749.2196
749.2196
749.2196
749.2196
749.2161
749.2116
749.2196
749.2196
749.2087
749.2196
749.2196
749.2196
749.2187
749.2111
749.2196
749.2196
749.2196
749.2196
749.2196
749.2196
749.2172
749.2075
749.2197
749.2117
749.212
749.1246
749.1216
749.1497
749.1452
749.0513
749.086
749.0298
749.0811
748.9783
749.063
749.1263
749.108
749.0743
749.208
749.2313
749.1839
749.2198
749.2263
749.2631
749.2365
749.2177
749.1962
749.1736
749.1692
749.1862
749.2545
749.1677
749.2125
749.1943
749.2084
749.2166
749.2126
749.2563
749.1398
749.1857
749.1926
749.3852
749.3395
749.4011
749.4156
749.3958
749.4692
749.5261
749.5827
749.5765
749.5943
749.5874
749.5945
749.6089
749.6089
749.5994