-0.9326967117640232 0.3606616750703886
0.8423564281776925 -0.5389208178459244
-0.9532643150573429 -0.3021376269819021
-0.532065444429123 0.8467032318613411
-0.8454649063102654 -0.5340309843050066
-0.11790618141330035 -0.9930247390596741
-0.9362254849871899 0.3513998310479117
-0.9691219692915835 -0.2465818497708281
0.4351282933502299 0.900368462534154
0.9879939446069018 -0.15449260636060977
0.911208753852047 -0.4119449076070727
0.04171172728878986 -0.9991296871810914
-0.3320262331891799 -0.9432701524347118
-0.672912770262364 -0.7397218420581015
0.8336453421915675 -0.5523001389120813
-0.19475973661137141 -0.9808509800143288
0.9778292187853429 0.20940396101708764
-0.6762172455107186 -0.7367022715275802
-0.8570399778210155 -0.5152499164643827
-0.11207763592926384 0.9936994533180077
-0.9804683527466883 0.19667691593625192
0.08873491304721941 -0.9960552771842045
-0.7518189435739123 -0.6593696050648729
-0.9998151475634298 0.019226822481028846
-0.43861371074155586 -0.8986756994319601
0.4576235507841087 -0.8891460429916698
-0.9977341004786544 -0.06728049302770021
-0.02581402529348856 -0.9996667625254664
0.5889314480417392 0.8081829925873596
0.4673052940513632 -0.884096014102297
-0.35927288784048067 0.9332325498302989
-0.5092243833446329 0.8606337940188489
0.7781293173916337 0.6281041039633718
0.9259264541202759 -0.37770385430950104
0.9876811146521427 -0.1564800810311039
0.9520112805867631 -0.30606293737653284
-0.8734056761981493 -0.4869933518897907
-0.9348376734199106 0.35507537841259645
0.6468079197251607 -0.7626529453039633
-0.8159870124940308 0.5780702340036774
-0.7159909312223678 0.6981095805153561
-0.974528628357337 0.22426313230659964
0.6826511324715165 0.7307444364039701
0.41210468520466664 -0.9111365037316651
-0.9163826905022482 0.4003033406653768
-0.1325344081751643 -0.9911784050561528
0.4758788720366014 0.8795108294666826
0.41722586434744313 0.9088028268659429
-0.12365102868620038 -0.9923257646079963
-0.9239769347049248 -0.3824481979736486
-0.5305357689426461 0.8476625495280744
0.9965944943471701 -0.0824585582999627
0.5597811808483696 -0.8286404706312653
-0.26096043615542014 0.965349496691003
0.680637322927586 0.7326205256734
-0.8581533922121332 -0.5133933729946354
0.902269876522355 0.43117174063281827
-0.9031697641941636 0.4292835625148707
-0.6722069071785195 -0.7403633391392966
-0.040697159024479825 -0.999171527440277
0.9814796575131591 0.19156639028768055
-0.1041087622463709 -0.994565918189201
-0.9323381300471979 0.36158762597756894
-0.30253193882582335 0.9531392479539851
-0.9871437746273617 0.15983481540154054
0.4538224601312139 -0.8910921246877075
0.9947769222293716 0.10207289062164662
-0.32261865435881143 0.9465290295916495
-0.6774506600663529 0.7355682178939372
0.7642428399589084 -0.6449285864121255
-0.4714058754291025 -0.8819163796023529
0.5501253509263653 0.8350820907360805
-0.426287047321027 0.9045879466841908
-0.24923152708776536 0.9684439301815571
-0.38114443176634627 -0.9245155067025697
0.8114404083088933 -0.5844351664329385
0.6650891079470491 0.7467640045490934
0.8187256987478859 0.5741848397596248
-0.8024267165508003 0.5967506720276916
0.7454490842633079 0.6665625722848498
-0.23737640217191786 0.9714177493189611
-0.046268883456977744 -0.9989290217145784
-0.9560430508184362 0.29322633746267907
0.20998606555073807 0.9777043787743416
0.7489497758911159 0.6626267676397077
0.0025580389999662755 0.999996728212885
0.939089400258836 0.3436729525602789
-0.7589833486142074 0.6511100341158663
0.38861845731143063 -0.9213987706942547
0.9394769243238716 0.3426121840550308
-0.7236953740809433 -0.6901195588692176
0.9984487145016627 -0.055679120951907884
-0.7584928580305111 0.6516813518251898
-0.35935720929969855 0.9332000836499816
-0.17525001570628596 0.9845239621232926
0.711370270460626 0.7028174288567237
-0.8799644359286276 0.47503956835279754
0.7015705558900172 0.7125999965676202
-0.9622132599994874 0.27229697442527523
0.8801704907654557 -0.4746576736825148
