304
509
711
917
1121
1326
1529
1735
1942
2148
2350
2558
2760
2967
3170
3376
3580
3783
3986
4190
4391
4593
4796
4998
5201
5404
5609
5815
6024
6226
6431
6637
6841
7044
7248
7457
7665
7869
8075
8283
8487
8693
8899
9102
9304
9507
9708
9912
10116
10325
10531
10739
10944
11149
11352
11558
11764
11966
12171
12374
12580
12786
12989
13197
13398
13604
13811
14015
14219
14428
14631
14837
15045
15246
15454
15661
15862
16068
16273
16479
16684
16888
17091
17294
17498
17703
17906
18108
18311
18512
18715
18918
19125
19334
19539
19744
19947
20149
20352
20558
20765
20973
21176
21382
21586
21792
21995
22203
22408
22611
22814
23018
23220
23424
23627
23834
24040
24244
24448
24651
24856
25059
25264
25466
25670
25873
26080
26286
26489
26693
26895
27101
27303
27507
27716
27923
28129
28333
28538
28741
28947
29152
29358
29563
29768
29972
30177
30382
30587
30790
30998
31201
31410
31612
31817
32020
32226
32431
32635
32839
33046
33253
33460
33663
33868
34072
34277
34486
34692
34897
35103
35308
35511
35718
35923
36126
36327
36530
36734
36938
37143
37348
37550
37752
37954
38157
38359
38565
38773
38978
39181
39385
39589
39802
40006
40211
40416
40621
40827
41030
41236
41440
41646
41849
42057
42266
42470
42672
42881
43086
43292
43495
43699
43903
44105
44310
44516
44721
44926
45131
45335
45538
45744
45950
46155
46360
46565
46770
46979
47180
47388
47592
47796
48001
48210
48413
48619
48821
49025
49234
49438
49643
49846
50053
50258
50468
50670
50873
51080
51281
51488
51695
51903
52111
52318
52521
52729
52935
53139
53342
53549
53753
53959
54164
54368
54569
54775
54979
55186
55389
55596
55803
56007
56210
56417
56622
56826
57028
57235
57438
57642
57847
58052
58257
58462
58671
58876
59082
59286
59488
59695
59897
60102
60312
60514
60721
60923
61128
61333
61543
61748
61957
62159
62367
62574
62780
62982
63188
63393
63596
63800
64003
64209
64412
64617
64823
65026
65232
65441
65648
65852
66055
66256
66466
66671
66873
67076
67280
67486
67692
67897
68098
68300
68504
68709
68912
69120
69323
69524
69730
69937
70142
70344
70551
70755
70958
71163
71364
71567
71771
71973
72175
72382
72586
72788
72991
73194
73400
73605
73811
74013
74219
74423
74630
74835
75041
75249
75452
75659
75866
76072
76274
76478
76681
76885
77089
77293
77497
77706
77910
78120
78327
78535
78744
78953
79162
79367
79571
79774
79979
80186
80390
80593
80798
81002
81207
81415
81621
81826
82028
82234
82441
82645
82853
83056
83263
83471
83676
83884
84088
84292
84502
84713
84919
85124
85329
85531
85734
85938
86146
86351
86555
86760
86964
87164
87368
87573
87781
87988
88196
88398
88604
88809
89014
89220
89422
89626
89834
90040
90245
90451
90656
90859
91067
91269
91475
91681
91882
92087
92288
92495
92700
92905
93109
93312
93518
93723
93930
94136
94344
94549
94750
94954
95164
95371
95577
95784
95988
96195
96397
96602
96803
97004
97207
97412
97618
97820
98023
98227
98431
98636
98843
99049
99257
99461
99663
99870
100080
100290
100498
100702
100905
101109
101311
101516
101720
101925
102128
102335
102544
102749
102954
103162
103373
103576
103780
103989
104193
104399
104603
104806
105011
105220
105422
105625
105830
106038
106239
106443
106649
106854
107058
107264
107472
107676
107881
108086
108289
108492
108696
108902
109111
109316
109531
109738
109945
110152
110356
110557
110762
110969
111175
111383
111588
111793
111998
112200
112403
112607
112812
113020
113226
113433
113638
113843
114047
114251
114459
114661
114868
115070
115278
115482
115685
115893
116100
116308
116513
116719
116922
117127
117333
117539
117742
117947
118153
118361
118564
118767
118972
119178
119383
119590
119795
119999
120204
120410
120615
120819
121024
121226
121430
121632
121838
122042
122246
122452
122656
122859
123061
123265
123474
123682
123892
124098
124303
124505
124710
124918
125123
125329
125536
125740
125948
126153
126358
126562
126766
126969
127170
127378
127586
127790
127998
128203
128408
128613
128818
129020
129227
129431
129639
129845
130049
130253
130458
130664
130870
131072
131277
131483
131687
131890
132100
132302
132508
132712
132917
133126
133329
133533
133741
133947
134153
134361
134564
134766
134975
135178
135383
135586
135791
135997
136199
136407
136615
136821
137023
137225
137429
137635
137837
138039
138246
138449
138653
138859
139066
139271
139475
139680
139885
140093
140299
140505
140711
140918
141118
141325
141528
141731
141934
142137
142342
142548
142749
142953
143158
143362
143567
143773
143979
144182
144386
144591
144794
145001
145208
145413
145623
145828
146029
146233
146439
146644
146851
147059
147264
147469
147676
147877
148081
148288
148490
148694
148899
149102
149309
149511
149717
149921
150129
150334
150539
150745
150948
151153
151355
151558
151763
151968
152172
152376
152579
152785
152994
153199
153405
153609
153812
154018
154222
154427
154637
154839
155048
155253
155461
155667
155872
156075
156278
156482
156686
156889
157094
157295
157502
157706
157913
158120
158325
158529
158735
158947
159152
159355
159557
159761
159968
160174
160381
160590
160793
160998
161203
161410
161615
161819
162020
162222
162428
162633
162836
163038
163245
163449
163654
163859
164062
164269
164475
164681
164889
165095
165298
165506
165709
165913
166118
166323
166527
166735
166941
167144
167349
167554
167756
167962
168167
168371
168579
168789
168994
169200
169410
169617
169822
170028
170232
170435
170641
170848
171055
171261
171466
171670
171875
172082
172289
172492
172697
172901
173107
173310
173514
173718
173924
174124
174329
174536
174741
174944
175150
175354
175560
175767
175972
176177
176380
176584
176788
176990
177194
177400
177603
177807
178009
178216
178423
178627
178830
179032
179239
179445
179652
179860
180065
180267
180474
180680
180889
181094
181295
181503
181710
181915
182119
182324
182527
182734
182938
183145
183356
183559
183764
183967
184170
184374
184582
184788
184993
185197
185402
185607
185813
186018
186224
186428
186639
186845
187052
187257
187463
187674
187881
188092
188297
188502
188709
188913
189121
189323
189531
189738
189946
190149
190355
190561
190768
190975
191181
191386
191591
191798
192004
192208
192413
192620
192823
193029
193235
193437
193644
193846
194050
194252
194456
194664
194868
195071
195276
195481
195684
195886
196091
196298
196505
196710
196914
197121
197327
197534
197741
197946
198152
198360
198568
198777
198981
199191
199400
199605
199810
200015
200218
200420
200622
200824
201027
201231
201437
201644
201854
202057
202260
202465
202670
202877
203080
203283
203491
203694
203894
204101
204307
204514
204720
204925
205130
205338
205542
205749
205953
206156
206362
206566
206773
206976
207185
207390
207594
207801
208006
208212
208418
208620
208826
209029
209235
209441
209646
209849
210056
210262
210466
210670
210874
211079
211284
211491
211697
211902
212108
212310
212520
212726
212934
213137
213341
213545
213751
213960
214165
214369
214574
214779
214985
215190
215394
215601
215809
216016
216220
216430
216633
216835
217041
217245
217450
217654
217855
218062
218263
218465
218670
218876
219082
219293
219497
219703
219909
220112
220316
220520
220724
220931
221134
221337
221543
221750
221957
222160
222362
222568
222773
222975
223182
223390
223594
223795
223998
224202
224406
224613
224821
225030
225235
225439
225642
225845
226050
226253
226458
226661
226869
227077
227283
227490
227692
227897
228102
228310
228518
228721
228925
229129
229336
229542
229752
229956
230167
230370
230576
230784
230989
231193
231398
231607
231812
232012
232218
232418
232623
232827
233034
233240
233445
233652
233856
234061
234270
234475
234678
234879
235082
235285
235488
235697
235904
236106
236311
236515
236722
236927
237132
237336
237538
237743
237946
238152
238360
238566
238772
238977
239182
239389
239591
239798
240004
240208
240415
240617
240819
241024
241232
241438
241643
241852
242057
242265
242470
242673
242878
243082
243289
243496
243701
243908
244111
244317
244526
244732
244937
245141
245342
245546
245754
245960
246163
246367
246572
246777
246979
247187
247394
247600
247805
248008
248212
248416
248620
248823
249027
249229
249440
249645
249848
250054
250260
250467
250672
250878
251082
251290
251496
251703
251908
252114
252318
252524
252727
252930
253139
253349
253554
253764
253969
254171
254372
254574
254777
254982
255186
255389
255591
255796
256005
256211
256416
256621
256827
257032
257238
257444
257648
257849
258057
258261
258464
258673
258875
259081
259288
259493
259698
259902
260109
260311
260517
260725
260926
261131
261335
261544
261746
261949
262153
262356
262560
262760
262965
263173
263381
263585
263789
263997
264203
264408
264613
264818
265019
265221
265430
265635
265840
266042
266248
266453
266656
266863
267068
267273
267476
267681
267889
268092
268296
268505
268708
268911
269118
269321
269527
269728
269937
270139
270346
270554
270757
270962
271167
271373
271578
271781
271982
272187
272389
272594
272800
273009
273217
273419
273621
273825
274027
274234
274437
274646
274851
275057
275261
275461
275666
275870
276072
276274
276478
276683
276887
277091
277297
277501
277707
277914
278118
278325
278534
278739
278945
279150
279353
279557
279761
279965
280168
280371
280576
280779
280983
281189
281396
281600
281803
282009
282216
282422
282625
282829
283037
283245
283448
283651
283854
284058
284265
284469
284671
284881
285083
285287
285489
285696
285898
286104
286311
286516
286720
286923
287126
287331
287540
287745
287948
288154
288361
288563
288768
288974
289182
289385
289589
289796
289998
290205
290411
290617
290821
291023
291232
291434
291638
291847
292053
292258
292459
292661
292863
293066
293269
293477
293681
293884
294092
294297
294504
294707
294911
295114
295315
295523
295732
295941
296143
296350
296555
296758
296963
297167
297372
297579
297782
297987
298188
298397
298603
298807
299010
299214
299420
299627
299827
300033
300235
300439
300643
300844
301051
301256
301462
301669
301872
302077
302280
302481
302691
302896
303099
303304
303507
303710
303911
304114
304316
304523
304724
304926
305129
305332
305535
305741
305945
306150
306357
306561
306767
306969
307177
307383
307590
307798
308001
308209
308410
308614
308817
309025
309225
309431
309636
309839
310046
310252
310456
310663
310866
311070
311271
311478
311692
311895
312102
312308
312512
312715
312922
313130
313335
313546
313751
313954
314158
314362
314564
314768
314974
315179
315386
315592
315797
316004
316209
316412
316617
316818
317023
317224
317429
317632
317836
318040
318243
318449
318657
318864
319071
319275
319479
319682
319887
320093
320295
320500
320707
320911
321115
321324
321532
321735
321941
322147
322353
322557
322762
322969
323169
323372
323576
323778
323984
324191
324402
324606
324810
325013
325220
325423
325628
325832
326035
326239
326444
326652
326856
327061
327269
327475
327680
327883
328085
328292
328493
328699
328907
329114
329318
329525
329730
329936
330142
330348
330552
330759
330961
331165
331375
331576
331783
331985
332193
332397
332602
332807
333013
333218
333423
333629
333836
334040
334242
334445
334650
334859
335067
335273
335479
335687
335894
336100
336310
336516
336726
336930
337137
337339
337542
337746
337955
338163
338367
338579
338783
338990
339198
339402
339612
339820
340029
340229
340431
340634
340838
341045
341248
341453
341659
341862
342063
342267
342470
342676
342878
343081
343285
343490
343695
343898
344109
344317
344524
344732
344941
345144
345350
345555
345758
345964
346168
346371
346577
346783
346989
347194
347396
347602
347805
348008
348212
348417
348621
348827
349032
349237
349439
349640
349849
350058
350262
350467
350671
350878
351081
351285
351492
351694
351903
352107
352311
352516
352722
352926
353130
353341
353547
353751
353953
354160
354364
354568
354775
354978
355182
355384
355590
355797
356002
356203
356408
356615
356820
357023
357225
357429
357634
357842
358048
358252
358460
358665
358865
359068
359273
359476
359680
359887
360094
360302
360507
360713
360915
361119
361322
361527
361731
361938
362145
362354
362563
362766
362971
363173
363379
363584
363789
363993
364199
364403
364607
364815
365024
365230
365434
365641
365845
366055
366264
366473
366677
366882
367089
367291
367497
367702
367908
368115
368323
368525
368733
368937
369142
369346
369549
369754
369961
370165
370372
370575
370781
370984
371192
371395
371600
371806
372009
372214
372416
372618
372825
373031
373239
373443
373648
373854
374058
374259
374466
374671
374875
375077
375282
375488
375694
375900
376106
376312
376515
376721
376924
377130
377339
377547
377753
377961
378170
378374
378579
378784
378988
379191
379394
379597
379800
380005
380210
380415
380619
380821
381028
381233
381439
381644
381847
382052
382256
382464
382665
382870
383072
383277
383484
383689
383896
384104
384311
384515
384719
384924
385128
385338
385539
385742
385945
386148
386352
386558
386762
386969
387171
387375
387580
387789
387993
388198
388402
388607
388814
389019
389225
389434
389643
389853
390057
390261
390463
390671
390877
391082
391289
391494
391697
391903
392106
392311
392519
392725
392925
393131
393338
393541
393743
393947
394156
394362
394566
394774
394978
395185
395389
395593
395795
396000
396205
396410
396611
396814
397021
397224
397427
397627
397834
398037
398246
398451
398659
398864
399071
399278
399482
399688
399895
400100
400306
400514
400719
400929
401132
401337
401540
401744
401946
402150
402355
402562
402769
402977
403181
403384
403588
403791
403994
404198
404403
404610
404814
405020
405223
405428
405634
405836
406041
406244
406450
406657
406858
407063
407269
407474
407676
407878
408086
408288
408493
408696
408901
409111
409318
409523
409731
409934
410138
410342
410544
410748
410954
411158
411362
411567
411772
411978
412179
412382
412587
412792
412997
413200
413405
413611
413813
414015
414224
414429
414631
414840
415042
415245
415447
415648
415855
416057
416264
416469
416678
416884
417089
417299
417502
417706
417910
418117
418326
418537
418741
418945
419146
419350
419557
419768
419974
420176
420382
420586
420794
421001
421204
421411
421616
421820
422022
422225
422428
422635
422836
423042
423248
423458
423664
423874
424079
424285
424492
424696
424902
425112
425316
425517
425723
425926
426130
426332
426539
426744
426945
427151
427357
427560
427763
427968
428169
428370
428575
428779
428987
429190
429396
429599
429803
430006
430212
430421
430625
430829
431036
431240
431444
431649
431854
432063
432269
432475
432679
432884
433086
433291
433497
433703
433907
434114
434318
434525
434729
434934
435144
435348
435551
435755
435960
436171
436376
436582
436786
436993
437197
437405
437607
437814
438021
438223
438428
438633
438839
439049
439252
439464
439667
439877
440083
440285
440490
440695
440898
441100
441303
441506
441710
441914
442120
442325
442529
442732
442940
443150
443354
443556
443761
443962
444164
444368
444578
444784
444987
445189
445395
445602
445811
446016
446220
446424
446628
446836
447041
447247
447452
447657
447862
448065
448274
448479
448685
448887
449090
449297
449502
449703
449910
450119
450321
450523
450730
450935
451137
451342
451549
451752
451958
452166
452369
452572
452779
452984
453190
453392
453598
453803
454004
454211
454418
454622
454829
455037
455240
455450
455654
455861
456063
456268
456473
456681
456885
457090
457297
457502
457705
457920
458127
458332
458541
458750
458957
459167
459370
459576
459779
459983
460188
460398
460604
460810
461016
461221
461429
461636
461843
462050
462258
462464
462666
462872
463079
463283
463487
463693
463899
464105
464309
464513
464717
464921
465123
465327
465530
465738
465942
466147
466349
466554
466758
466961
467163
467364
467571
467777
467981
468183
468395
468599
468806
469009
469212
469415
469618
469821
470024
470231
470432
470634
470836
471042
471248
471449
471656
471863
472069
472273
472477
472678
472880
473090
473293
473495
473701
473904
474109
474317
474525
474727
474931
475134
475340
475547
475753
475957
476160
476362
476570
476777
476981
477183
477387
477590
477792
477998
478206
478410
478612
478819
479022
479228
479430
479636
479843
480046
480248
480449
480652
480859
481064
481270
481474
481679
481889
482093
482298
482503
482706
482914
483121
483326
483534
483738
483938
484140
484344
484550
484757
484965
485172
485376
485581
485787
485996
486200
486404
486608
486814
487018
487226
487428
487633
487835
488045
488249
488454
488656
488860
489065
489270
489475
489679
489882
490090
490294
490497
490707
490915
491121
491329
491534
491737
491940
492143
492345
492554
492760
492966
493168
493372
493573
493776
493981
494183
494390
494595
494799
495001
495209
495414
495616
495822
496026
496230
496436
496644
496848
497053
497259
497464
497669
497873
498077
498282
498486
498689
498896
499103
499306
499513
499717
499921
500129
500336
500540
500742
500946
501154
501356
501567
501768
501971
502177
502381
502585
502790
502995
503204
503410
503617
503821
504028
504233
504439
504649
504852
505056
505259
505462
505669
505875
506084
506290
506498
506701
506904
507110
507313
507516
507719
507923
508129
508331
508537
508741
508945
509147
509356
509564
509774
509976
510180
510381
510582
510792
510994
511201
511408
511612
511816
512020
512224
512431
512634
512838
513040
513247
513453
513660
513867
514070
514275
514482
514687
514890
515096
515300
515507
515710
515913
516116
516319
516522
516726
516928
517132
517336
517542
517747
517950
518155
518358
518563
518765
518970
519173
519380
519582
519787
519994
520197
520402
520604
520806
521007
521217
521419
521623
521827
522035
522239
522445
522648
522856
523063
523265
523470
523676
523882
524091
524301
524508
524710
524915
525122
525326
525529
525735
525937
526140
526345
526551
526755
526959
527161
527365
527572
527776
527980
528183
528386
528590
528791
528997
529200
529401
529610
529816
530020
530229
530432
530636
530839
531043
531247
531453
531658
531861
532068
532273
532478
532682
532883
533087
533290
533497
533701
533904
534114
534319
534527
534730
534934
535142
535344
535554
535757
535964
536167
536373
536576
536780
536984
537184
537391
537597
537805
538011
538217
538421
538629
538837
539040
539242
539446
539653
539861
540065
540268
540473
540677
540882
541084
541290
541495
541699
541907
542112
542317
542526
542730
542937
543140
543346
543550
543756
543962
544167
544376
544579
544784
544987
545191
545395
545598
545806
546008
546215
546420
546631
546836
547042
547245
547453
547660
547864
548070
548277
548483
548692
548901
549105
549309
549517
549725
549930
550131
550338
550544
550749
550955
551159
551366
551572
551777
551985
552189
552390
552595
552798
553003
553211
553420
553626
553829
554032
554234
554439
554646
554854
555056
555263
555469
555673
555877
556083
556285
556489
556698
556902
557104
557310
557516
557722
557925
558128
558333
558536
558741
558945
559148
559353
559559
559762
559964
560173
560378
560581
560787
560989
561190
561396
561600
561803
562009
562215
562419
562623
562826
563029
563232
563438
563642
563848
564056
564262
564464
564671
564874
565080
565284
565488
565690
565892
566095
566299
566506
566714
566919
567124
567327
567533
567738
567946
568153
568353
568554
568758
568961
569167
569371
569572
569778
569979
570184
570390
570595
570799
571005
571210
571417
571624
571830
572036
572240
572447
572650
572856
573059
573265
573467
573672
573879
574089
574291
574496
574699
574904
575111
575313
575521
575730
575937
576141
576345
576547
576752
576958
577167
577369
577572
577776
577979
578185
578391
578594
578800
579002
579207
579412
579616
579823
580027
580238
580440
580650
580857
581061
581268
581473
581680
581881
582089
582294
582498
582704
582912
583121
583325
583529
583732
583939
584144
584349
584552
584757
584965
585169
585373
585579
585787
585993
586198
586405
586611
586815
587019
587224
587433
587639
587841
588045
588250
588455
588659
588866
589072
589276
589480
589682
589888
590091
590302
590507
590712
590914
591117
591319
591522
591725
591928
592133
592341
592545
592750
592957
593166
593372
593577
593780
593983
594188
594394
594598
594800
595002
595207
595410
595615
595818
596029
596236
596443
596648
596854
597062
597269
597477
597683
597887
598092
598301
598504
598710
598916
599121
599325
599536
599742
599947
600151
600355
600560
600766
600967
601170
601374
601578
601785
601991
602194
602404
602610
602818
603024
603229
603436
603640
603843
604050
604255
604458
604660
604863
605066
605271
605476
605684
605889
606092
606298
606503
606707
606911
607115
607321
607527
607732
607940
608145
608347
608549
608752
608960
609164
609367
609570
609774
609983
610185
610393
610600
610806
611011
611216
611418
611622
611827
612032
612238
612446
612657
612863
613067
613272
613481
613686
613893
614104
614309
614514
614722
614929
615134
615338
615542
615750
615955
616160
616365
616570
616774
616978
617181
617385
617593
617796
618004
618213
618417
618624
618829
619035
619240
619450
619656
619863
620066
620271
620476
620678
620881
621086
621289
621495
621701
621902
622110
622316
622521
622727
622932
623136
623339
623549
623754
623958
624159
624362
624568
624774
624980
625184
625387
625594
625801
626009
626212
626416
626621
626823
627028
627234
627440
627645
627851
628053
628261
628467
628671
628875
629079
629283
629488
629696
629901
630104
630311
630520
630724
630930
631133
631338
631540
631746
631953
632157
632361
632564
632770
632974
633182
633388
633593
633797
634001
634205
634408
634613
634816
635021
635226
635432
635635
635841
636048
636250
636453
636660
636864
637069
637271
637479
637687
637891
638095
638298
638499
638704
638909
639114
639318
639521
639726
639932
640138
640344
640550
640753
640960
641166
641370
641575
641784
641991
642193
642397
642599
642808
643015
643222
643425
643631
643834
644039
644240
644442
644646
644850
645054
645260
645464
645668
645873
646082
646285
646487
646691
646896
647099
647304
647510
647716
647921
648123
648327
648534
648738
648942
649146
649350
649551
649753
649955
650157
650362
650570
650775
650979
651188
651394
651596
651801
652003
652212
652413
652617
652820
653026
653229
653432
653635
653840
654041
654245
654449
654650
654855
655060
655263
655467
655672
655877
656082
656291
656496
656703
656906
657106
657307
657515
657719
657922
658123
658325
658532
658735
658939
659142
659344
659549
659753
659958
660162
660370
660577
660783
660990
661194
661398
661605
661807
662011
662219
662423
662630
662834
663040
663249
663451
663655
663860
664062
664267
664475
664683
664888
665093
665301
665506
665708
665911
666114
666318
666523
666728
666932
667136
667341
667546
667757
667961
668163
668365
668570
668773
668978
669186
669390
669596
669803
670007
670214
670418
670620
670823
671028
671232
671438
671642
671843
672044
672249
672453
672657
672859
673064
673269
673474
673681
673884
674090
674295
674503
674712
674914
675118
675322
675531
675733
675935
676142
676345
676550
676755
676959
677163
677368
677574
677780
677986
678192
678401
678604
678805
679008
679215
679419
679623
679825
680032
680238
680440
680645
680851
681054
681260
681467
681672
681876
682081
682285
682492
682696
682897
683102
683307
683512
683714
683920
684122
684325
684530
684733
684937
685142
685347
685551
685759
685965
686173
686375
686581
686789
686994
687200
687404
687607
687810
688013
688217
688426
688629
688836
689041
689248
689454
689657
689863
690066
690268
690472
690677
690883
691088
691296
691501
691707
691909
692114
692320
692527
692732
692935
693142
693352
693556
693759
693967
694176
694382
694585
694789
694994
695203
695408
695610
695816
696018
696222
696426
696630
696837
697042
697246
697451
697655
697859
698063
698268
698474
698678
698886
699093
699297
699504
699711
699917
700122
700329
700533
700737
700940
701147
701355
701558
701760
701965
702168
702374
702577
702781
702984
703189
703395
703600
703803
704008
704211
704419
704627
704832
705046
705249
705454
705656
705860
706065
706270
706473
706680
706885
707090
707295
707502
707708
707914
708116
708321
708523
708725
708932
709135
709343
709550
709757
709962
710168
710371
710576
710779
710986
711191
711396
711601
711807
712012
712214
712418
712622
712826
713032
713236
713436
713646
713852
714056
714259
714463
714666
714871
715076
715279
715481
715682
715887
716092
716293
716498
716700
716904
717112
717317
717521
717723
717929
718132
718336
718542
718748
718954
719158
719366
719570
719773
719980
720189
720392
720600
720808
721014
721220
721423
721627
721836
722040
722249
722453
722659
722866
723071
723277
723483
723687
723890
724094
724297
724501
724708
724913
725119
725326
725533
725738
725945
726151
726355
726562
726767
726973
727176
727380
727586
727791
727998
728201
728406
728611
728820
729025
729232
729434
729636
729838
730042
730248
730452
730658
730864
731070
731274
731479
731680
731885
732089
732290
732494
732697
732903
733106
733314
733520
733727
733931
734131
734335
734539
734743
734948
735154
735360
735565
735768
735972
736181
736384
736589
736796
737002
737209
737412
737615
737821
738026
738232
738437
738638
738844
739049
739250
739455
739660
739863
740064
740269
740472
740675
740876
741077
741282
741484
741688
741892
742096
742304
742507
742714
742916
743119
743323
743527
743735
743935
744136
744342
744546
744753
744957
745167
745373
745576
745780
745983
746187
746396
746600
746803
747010
747218
747422
747625
747829
748033
748236
748441
748646
748853
749058
749261
749466
749668
749875
750083
750285
750488
750694
750899
751102
751306
751513
751717
751923
752128
752332
752537
752744
752948
753150
753354
753557
753761
753969
754173
754375
754581
754781
754986
755190
755395
755600
755803
756008
756212
756416
756625
756837
757039
757245
757450
757654
757859
758061
758267
758472
758678
758882
759089
759296
759502
759704
759907
760110
760314
760519
760725
760929
761133
761337
761542
761746
761950
762153
762359
762563
762767
762973
763174
763376
763580
763789
763996
764202
764405
764610
764813
765015
765221
765422
765626
765832
766037
766242
766447
766655
766864
767071
767275
767477
767682
767888
768095
768298
768504
768710
768917
769121
769329
769532
769738
769941
770147
770352
770556
770764
770966
771172
771375
771579
771786
771993
772201
772405
772611
772815
773018
773226
773433
773636
773839
774043
774245
774451
774657
774863
775067
775269
775476
775679
775885
776088
776292
776501
776705
776909
777115
777322
777526
777735
777938
778145
778350
778553
778756
778962
779166
779371
779574
779780
779983
780189
780393
780596
780803
781014
781217
781420
781626
781831
782034
782239
782443
782649
782851
783054
783260
783465
783673
783879
784086
784294
784495
784700
784902
785109
785317
785523
785728
785931
786136
786338
786546
786754
786961
787167
787373
787578
787782
787990
788197
788400
788609
788810
789014
789216
789423
789632
789839
790042
790250
790457
790658
790865
791069
791277
791480
791689
791896
792099
792306
792509
792711
792916
793118
793324
793528
793729
793935
794139
794343
794549
794756
794958
795164
795373
795578
795784
795990
796197
796405
796606
796810
797013
797214
797417
797626
797830
798033
798236
798442
798646
798849
799054
799259
799465
799671
799875
800076
800286
800493
800698
800906
801112
801320
801526
801734
801939
802149
802356
802560
802763
802970
803176
803381
803587
803793
803996
804205
804407
804613
804822
805026
805231
805435
805641
805845
806049
806258
806466
806674
806876
807081
807287
807492
807695
807899
808106
808316
808524
808728
808931
809134
809339
809543
809745
809955
810159
810364
810567
810776
810980
811183
811389
811594
811799
812006
812207
812412
812615
812822
813025
813234
813438
813641
813848
814055
814259
814462
814669
814876
815080
815284
815489
815693
815896
816100
816303
816513
816722
816927
817132
817340
817546
817752
817964
818170
818374
818582
818788
818996
819199
819402
819608
819814
820022
820227
820430
820638
820842
821051
821257
821460
821665
821871
822078
822291
822496
822700
822901
823106
823311
823516
823723
823928
824131
824334
824540
824743
824951
825154
825361
825567
825773
825978
826180
826386
826589
826796
827002
827203
827410
827615
827821
828027
828234
828441
828646
828850
829053
829259
829467
829672
829878
830086
830291
830499
830710
830915
831122
831325
831530
831732
831933
832137
832345
832553
832759
832962
833167
833373
833578
833784
833987
834193
834396
834602
834806
835012
835216
835418
835625
835830
836036
836242
836444
836650
836856
837059
837263
837468
837676
837884
838087
838294
838498
838704
838910
839115
839320
839524
839728
839931
840137
840341
840549
840756
840960
841165
841368
841575
841777
841982
842190
842395
842601
842803
843008
843211
843421
843625
843830
844037
844240
844448
844654
844859