523.9105
522.7327
517.447
515.2183
514.5201
511.7566
508.0142
508.9495
510.1213
505.4259
505.5586
504.8954
505.2568
503.3353
501.2037
501.9238
499.1707
496.3057
495.4815
493.4938
489.7581
491.0107
489.2005
486.6582
489.3008
489.1767
484.6319
486.9641
482.2412
477.1191
475.7307
472.3376
469.0518
466.5154
465.5697
464.3976
463.7802
463.8319
462.8464
462.7246
460.6354
458.9181
460.129
456.8402
456.3388
456.38
455.3254
456.0485
452.6684
453.1417
452.4689
451.5481
450.7825
449.9828
448.2023
446.9388
446.3653
443.1083
443.0708
441.761
441.2722
441.3358
438.9797
438.9538
437.9643
438.0567
435.9089
435.6335
435.1978
433.5411
431.1224
431.1588
430.3436
429.0318
431.2921
429.121
428.8486
427.4164
427.4422
426.7165
425.8088
423.8609
422.3661
422.1698
422.3853
420.6164
422.1935
421.0246
420.0201
421.0044
417.4494
417.4949
417.5323
416.4689
416.6401
416.0151
415.2765
413.8846
413.1463
411.5854
411.2627
411.1941
410.7943
409.6158
409.7547
408.1345
407.9984
407.6953
407.1654
405.4558
405.8221
405.8014
404.7657
404.4621
401.6925
402.3505
401.3047
403.5695
400.0744
399.7833
401.9197
402.9622
402.6631
400.7084
399.419
397.6786
397.7281
397.1771
394.2333
394.0482
393.881
393.9731
394.4121
395.0531
393.068
391.5676
391.0192
390.662
389.2677
389.6768
389.404
388.8716
388.7641
387.6127
388.5246
389.0544
387.6522
386.8971
385.6567
386.3643
384.8511
386.3493
384.5323
384.5877
385.9968
384.1087
385.4921
384.1843
383.9456
385.3401
384.8517
384.0807
383.1268
384.2263
384.0564
382.853
381.7444
381.4659
380.376
379.9037
380.1356
380.1422
379.6656
379.1739
379.7983
379.5999
380.9795
380.5022
379.4444
381.5899
379.9506
381.3834
380.1223
379.0007
380.5161
379.6419
379.7785
381.7105
378.8881
378.4784
379.1439
378.1295
377.935
380.0829
375.7943
377.0443
377.6742
374.3863
372.8947
370.2593
369.7895
368.3386
367.192
367.1688
367.214
366.4865
364.8205
364.8393
364.5377
363.9149
363.0541
363.0719
362.6437
362.1753
362.9812
361.7674
362.2624
361.903
360.5931
360.3439
359.7216
358.5096
357.6534
357.5193
357.7625
356.2419
356.3418
355.9404
355.6289
354.4347
355.3102
352.8961
352.15
351.068
350.924
351.3576
350.7686
350.0222
350.0809
349.8384
349.5116
350.1072
350.8603
348.6489
347.9291
348.7279
347.7513
347.3697
347.502
347.1772
346.389
346.861
346.5026
346.5852
346.2182
345.44
346.055
345.1646
344.6807
344.0192
343.9216
343.7943
343.5273
344.2206
343.2118
344.0953
343.5196
344.2298
343.8951
342.5974
342.1505
341.5892
340.1255
339.3601
338.3717
338.2819
338.2042
338.1204
337.2852
337.9742
336.5791
337.337
335.4773
335.0447
334.1935
334.2925
333.9719
333.1118
333.5305
332.9655
333.754
332.4199
332.2181
332.078
330.682
331.1452
329.2592
329.5686
327.4755
327.802
327.1357
326.7497
326.108
325.5048
325.9611
325.1338
324.6894
324.2106
323.6503
323.2213
322.9103
322.3122
322.1795
321.86
322.058
321.9299
321.0158
320.9552
320.3221
319.8399
319.3467
319.8809
318.8089
318.3587
317.9873
317.4571
317.6415
317.3425
317.1799
316.4333
315.8406
316.2702
315.5373
315.5695
315.2001
314.8419
314.4818
313.8682
313.8741
313.5378
313.1836
312.6424
312.1182
312.227
311.4062
311.4297
310.9043
310.7427
310.1179
309.9702
310.0837
310.1154
309.7605
309.2846
308.8913
309.3235
308.8701
309.0424
308.313
308.6951
308.3053
308.2971
308.3405
308.1832
308.1832
307.8281
307.9098
307.6855
307.8151
307.8051
307.7079
307.3286
307.5536
307.3031
307.1663
306.5368
306.3673
306.3346
306.2921
306.0916
306.1248
305.5943
306.114
304.8532
304.6964
304.1677
303.3704
304.326
303.5184
303.42
303.0562
303.3476
302.7209
302.419
302.4711
301.868
301.7829
301.7287
301.6618
301.1276
301.2784
301.3776
301.3266
300.8627
300.822
299.9051
299.9838
299.4561
299.641
299.0216
298.485
298.4137
298.2263
297.957
297.2404
297.6497
296.7719
296.9172
297.0471
296.4717
297.1949
296.8155
296.4875
296.2524
296.3275
296.5288
296.8891
296.1471
295.6602
295.5646
295.5862
295.5602
295.6402
295.5609
294.8523
295.2701
294.8183
294.4911
293.7524
294.1131
293.7662
292.9838
293.8593
292.8761
292.8276
293.0587
292.548
291.873
292.196
292.0333
291.8946
292.2195
291.0682
290.8519
289.9634
290.2267
289.4666
289.5977
289.0712
288.9255
288.9255
288.6015
288.4243
288.8195
287.7788
287.5486
287.3742
287.3071
287.6097
287.1689
287.3793
287.0656
287.3929
286.3614
286.569
286.734
286.4101
286.1285
286.405
286.4503
285.6357
285.5029
285.9919
286.4358
286.2692
285.3542
285.4032
285.1145
285.4822
284.9221
284.879
284.3849
284.1001
283.4471
284.511
284.2503
283.7211
282.3239
282.3343
283.0368
283.1891
283.1052
284.0003
283.457
283.8172
283.4002
283.648
282.8712
283.3155
282.6025
282.7904
282.2997
282.3801
282.4448
282.2262
282.5763
282.4238
282.3636
282.1156
282.2753
282.0331
282.0231
281.891
281.5614
280.9221
280.5732
280.5229
280.6576
280.3248
280.3161
280.3028
280.271
280.3039
280.1765
280.0233
279.0312
278.9624
278.8751
279.039
278.4566
278.6545
278.6846
278.0508
278.1199
278.0355
277.9229
277.481
277.6924
277.2014
276.9681
277.0949
276.6861
276.6173
276.5614
275.9411
275.2634
275.0497
274.9882
274.4647
274.6888
273.8407
274.5751
273.6712
273.6878
273.3639
272.9547
272.7273
273.1796
273.2396
273.9051
273.7327
273.3234
273.4203
273.1201
272.8858
272.4626
272.1331
271.9213
271.6429
271.4604
270.6849
271.3607
271.5227
271.9825
271.6498
271.4604
272.1169
271.4525
271.4373
271.1808
270.4178
269.4623
269.7316
269.4011
268.948
269.1067
269.245
269.1991
269.1918
269.0462
269.2325
269.2511
269.5214
269.5606
268.9919
269.1412
268.6948
269.3556
269.3823
269.2135
269.0134
268.8739
268.4336
268.5245
268.2051
268.0392
267.9985
267.3569
267.3876
267.4212
267.579
267.3572
267.0593
267.306
267.0126
266.9008
266.3065
265.855
265.5636
265.1223
264.7455
264.2513
264.2942
264.393
263.8326
264.0349
263.5699
263.8029
263.2034
262.6812
262.7717
263.0703
262.6416
263.0539
262.4995
262.9135
262.7892
262.6973
262.7811
262.831
262.8231
261.988
262.4608
262.3352
262.5294
262.4472
262.0566
262.0266
262.1139
262.4292
262.0107
261.8835
261.5402
261.3918
261.5458
261.6377
261.0236
261.0886
260.5434
260.0763
260.5011
259.7921
259.3391
259.212
258.8258
258.6593
258.513
258.5946
258.0223
257.7277
258.0301
258.041
258.0352
256.8084
257.6535
257.2321
257.1822
256.9001
257.3375
257.1256
257.6584
257.4665
257.3211
256.9069
257.2535
256.7993
256.0731
256.2552
255.7973
256.022
255.5229
255.5945
255.1234
255.38
254.9675
254.901
254.9994
254.6948
254.5386
253.813
253.5453
253.5897
253.5442
253.1028
252.6202
252.8801
252.9494
252.5906
252.3091
252.1117
252.6066
252.5446
252.6363
252.446
252.6313
252.8357
253.1008
252.854
252.8463
252.6211
252.7097
251.0085
251.144
250.998
251.1286
251.47
251.32
251.4692
250.6655
251.0623
250.9773
249.5907
250.1374
249.8601
249.6884
249.8484
250.2911
249.1293
249.2664
249.298
248.9846
248.5347
249.1174
248.7267
248.2022
248.8247
248.1335
248.4459
248.1547
248.0558
247.7762
247.5845
247.7355
247.5981
247.55
247.5549
246.2224
247.0861
246.2224
247.1079
247.3238
246.7
246.2224
246.4472
246.4704
246.2224
246.5876
247.5396
247.291
247.399
247.1858
247.6099
246.3232
246.0969
246.4532
247.15
246.9987
246.8657
246.2103
245.697
245.9395
246.1878
245.0332
245.5166
245.2884
245.378
245.3558
244.9865
245.3478
244.4997
244.4458
244.3683
244.2399
243.9798
243.8047
243.6006
243.5349
243.2209
243.249
243.1642
242.6794
242.5567
242.2982
242.4688
242.0392
241.701
241.8508
241.487
241.786
242.0465
241.3717
241.6207
241.6371
240.96
241.0241
241.1154
240.6957
241.24
240.8613
240.1487
240.3617
240.2247
240.5742
239.5336
239.0062
239.0062
239.4273
239.5793
239.78
239.5103
239.1154
240.0883
240.1364
240.1475
240.3454
240.4437
240.246
239.7827
240.0071
239.5745
239.7668
238.9995
239.6912
239.6
239.4911
239.6507
239.6524
239.4883
239.1097
239.0551
238.313
238.1355
238.2298
238.1021
237.4504
237.0563
237.3166
237.5981
237.2104
237.2214
236.4315
236.6125
236.2743
237.1525
236.1824
236.1192
236.0067
235.3976
235.5262
235.269
235.4501
234.9861
234.7634
235.2059
235.8703
236.3177
236.24
235.9764
235.6252
235.9037
236.1719
234.6038
235.5563
235.0732
235.1325
235.3292
234.8721
234.2166
234.7018
235.0538
235.3438
234.7865
235.0459
234.8234
234.714
234.9608
234.6589
234.2594
234.0566
234.1793
233.4918
233.2328
233.2737
233.0939
233.7505
233.2877
233.2843
233.3646
232.9809
232.8512
233.1316
232.8377
232.3305
232.0108
232.9202
233.0668
233.4168
232.8953
232.2157
231.1751
231.1751
232.1845
232.3411
232.1312
233.0715
232.6924
232.5152
232.5341
232.1972
232.9417
232.5049
232.12
232.2834
232.4643
232.123
231.5826
231.6864
231.4742
232.0999
231.6428
231.1155
231.0048
230.4053
230.491
230.43
230.5044
230.6868
230.0871
229.7619
229.0771
229.5831
229.5079
229.3669
229.1573
228.8963
229.2621
229.4123
229.1597
228.7324
228.2904
228.4901
229.303
228.608
228.8169
228.9288
228.3765
227.5528
227.5232
227.5232
227.5232
227.5232
227.6557
227.9546
227.7394
227.3709
227.3709
227.3709
228.1151
227.9581
228.3743
228.5322
228.6194
228.3098
228.6032
227.9675
228.1782
227.9511
228.0309
228.3199
227.6813
228.0288
227.7473
227.4627
227.1474
226.8577
226.9593
226.5468
227.1503
225.7328
226.2728
227.0146
226.8041
226.8715
226.8406
227.0039
227.2331
226.8913
226.836
226.7931
226.3421
226.6593
226.816
226.6838
226.7164
227.2759
226.3484
225.9866
226.1846
226.2066
225.5833
225.83
225.665
225.4068
225.638
224.8663
224.9449
224.0055
224.7957
224.5008
224.0154
224.1037
224.6442
224.4653
224.427
224.1986
224.324
224.0702
224.4486
224.4508
224.387
224.562
224.2181
223.89
223.7621
223.5968
223.0671
223.7985
223.6642
223.1262
223.1583
223.2611
223.7293
223.4156
223.0083
223.2528
223.2655
224.0387
223.5921
223.338
223.0997
223.8561
223.5285
222.9797
223.152
223.1424
222.9961
223.0391
222.638
222.7783
222.6599
222.2555
221.8988
222.8405
222.1292
221.9547
221.7365
221.9275
222.0333
222.7002
222.1781
221.9724
221.7053
221.5339
221.6369
221.3473
220.9543
221.4029
220.8269
220.8269
220.8269
220.8269
220.8269
221.6353
221.7223
221.9062
221.9393
221.7615
221.765
222.2004
222.1778
222.3024
222.7097
221.847
220.3501
220.3501
220.7161
220.8718
221.3826
221.5511
221.5242
221.6105
221.7757
221.6017
220.7201
220.6989
221.1349
221.164
221.5108
221.1907
221.5342
221.3234
221.4198
221.263
221.9186
221.5912
221.3124
220.9377
220.6003
220.5803
220.3383
220.1149
219.6922
219.9866
219.8894
219.6733
219.5047
220.3531
219.7988
219.776
219.5672
219.2914
218.6793
218.9784
219.6581
218.8072
218.8909
218.5115
219.329
219.6073
218.5762
219.2505
219.404
219.2663
219.4612
219.3201
218.8167
219.3293
219.0422
219.4635
219.5558
219.2683
219.1768
219.4693
219.4433
219.2366
218.9294
219.3497
219.0916
219.3812
219.3113
219.2254
219.6614
219.4355
219.13
218.9406
218.8521
218.7282
218.35
217.9159
217.9891
217.9803
217.6081
217.4724
217.2894
217.4559
216.981
216.8184
217.2306
216.8665
216.2618
216.2618
217.2522
216.6761
216.7851
216.9483
217.0797
216.927
216.7902
216.8471
217.1272
217.1416
216.2757
216.7139
216.4506
216.6116
217.0231
216.4723
216.0891
215.8795
216.447
215.9609
215.8837
216.1408
215.633
216.3152
216.1285
215.8682
216.2913
215.9725
215.6219
215.5112
215.0332
215.3619
215.175
215.2947
214.7672
214.6875
214.1795
214.3768
215.2027
214.5354
214.8501
214.9316
214.4394
214.3761
214.8833
214.6078
214.3107
213.6088
213.9102
213.8498
214.4188
214.1746
213.7762
212.9662
212.7645
212.6303
213.4934
212.7372
212.1232
212.907
212.1232
212.1232
212.7843
212.2349
213.3506
212.9005
213.0635
212.1001
212.9185
213.5876
212.7428
213.3071
212.7381
212.2626
212.2607
212.0548
211.7388
212.1483
212.4147
211.8094
212.1797
210.8428
211.3427
211.5945
211.6109
211.7931
212.1214
211.8624
212.0734
211.6511
210.9895
210.352
211.4351
211.0515
210.1863
210.1633
210.9224
211.0527
210.5329
210.9164
210.0743
210.0743
210.9603
210.2468
210.5765
211.0999
210.9559
210.4417
210.9877
211.2205
211.2378
211.175
211.1586
211.0255
210.6871
210.0048
210.6174
210.2231
210.2456
210.4586
210.7805
210.026
210.0798
210.1111
209.7214
209.3439
209.7965
209.1755
209.177
209.6027
208.2396
209.0063
208.8032
209.3828
209.0986
209.7594
209.1087
208.3335
208.6622
208.4359
207.8268
208.6204
209.0361
209.4231
209.3955
209.3822
209.452
209.1916
208.8669
209.0934
208.9801
208.1979
208.6556
208.9207
209.0561
208.8587
209.1273
208.6126
208.3641
208.6274
209.0223
208.6796
207.2339
207.7746
207.8423
207.1545
207.1856
207.2918
207.4201
207.608
207.4247
207.2972
208.5371
208.683
208.0549
208.3441
208.2668
208.6815
208.5717
208.6375
208.3552
208.4593
208.8672
208.6712
208.4771
209.0708
208.3835
208.6355
208.4083
208.5641
208.8237
208.5662
208.0668
207.6622
207.9465
207.5631
207.4144
207.4775
206.6427
207.0964
207.0664
206.9501
205.9515
205.7735
205.6104
205.6104
206.0576
205.6104
206.5038
205.6148
206.5858
206.5837
206.4739
206.6673
207.0311
206.3959
206.3899
206.8158
205.9776
206.0837
205.9364
206.3259
205.2435
205.8644
205.8352
205.8726
205.8638
205.7826
205.4845
205.7531
205.7572
205.8327
205.6057
206.1468
206.6128
205.9719
205.9727
206.2572
205.1935
206.1673
205.3438
205.1352
204.7558
204.9993
204.4484
203.5093
202.9874
202.9229
202.7054
203.6407
203.424
203.438
202.194
203.2432
202.9357
202.8222
202.857
202.7526
201.8498
203.1196
203.1294
202.808
202.5327
203.6339
203.3688
203.5772
203.1898
203.7147
203.2932
203.3061
203.4094
203.2454
203.2112
202.9569
202.7141
202.9263
201.9934
201.5203
201.9166
202.0345
201.6103
201.3507
200.9775
201.7917
201.9779
201.4492
201.9339
201.9675
201.439
201.3851
201.1135
201.1638
201.6387
201.6967
201.881
201.6453
201.7956
202.2115
202.4046
201.5831
201.8094
201.8175
201.7856
201.648
201.4605
201.3512
201.2151
200.9917
201.2343
201.3597
200.6789
199.877
199.6517
199.7201
199.8601
198.9084
199.3833
199.6313
199.3501
199.1115
198.9983
199.0598
198.9659
198.8058
199.3995
199.0973
198.6645
197.9912
197.7247
197.673
197.6081
197.6081
197.6081
197.6081
197.9554
198.7228
197.6081
198.3152
198.9879
199.1245
198.7877
198.6359
198.9382
199.1439
199.1084
199.0977
198.8335
198.9045
199.0729
199.3485
199.3441
199.1997
199.2049
199.0455
199.2
198.978
198.8656
199.2684
199.1487
199.481
198.9227
198.9837
198.4011
198.6577
198.7733
199.3291
198.8903
198.4534
197.7973
198.507
198.4528
198.2926
198.2043
198.1445
197.7287
197.4556
197.1211
197.3366
196.8745
196.6128
197.3373
197.0499
197.3574
197.4081
197.5183
197.1919
197.1853
197.3372
197.3498
197.1608
197.1714
197.446
197.2211
197.2998
197.2458
197.6434
197.1617
197.2232
197.171
197.492
197.439
197.1593
197.0773
195.395
196.007
196.1138
197.1433
196.7014
196.8415
197.3712
196.6872
196.8825
196.5752
196.0339
196.9011
196.6
196.8938
196.5422
196.2733
196.1397
196.0647
196.7292
195.374
195.6352
195.0701
195.2005
194.622
194.622
194.622
194.622
194.622
195.801
195.1061
195.7348
196.0469
196.3978
195.6032
195.9558
195.7417
194.2211
195.7058
195.462
195.5129
195.3223
195.0722
195.4553
195.6273
195.659
195.3774
195.5668
195.6288
195.3067
195.6333
195.5314
196.103
195.2542
194.7201
193.9235
193.9235
193.9235
194.7417
194.226
193.9235
193.9235
195.1492
193.9235
193.9235
194.9471
193.9235
193.9235
193.9235
193.9235
194.7288
193.9235
194.7722
194.2854
194.9589
193.9712
194.8875
194.356
193.9235
193.9235
193.9235
193.9235
193.9235
195.0498
193.9235
194.6018
194.9365
195.2952
194.9713
194.9194
195.076
195.1263
194.8586
194.9473
195.1535
195.1019
195.3073
195.2384
195.3268
195.2574
195.0591
195.3325
195.2429
195.0212
194.748
194.8763
194.0301
194.2598
194.7821
194.5839
194.1965
194.0265
194.4534
193.9425
193.774
193.9027
193.7809
193.5019
193.6736
193.638
192.8249
193.2763
193.4292
192.4256
192.8801
192.6478
192.3873
192.3728
192.0417
192.1978
192.1198
191.1832
191.1832
191.5354
192.5556
191.8572
191.5361
191.0912
191.0912
191.0912
191.7129
191.0912
192.357
191.0912
191.0912
192.5409
191.0912
191.0912
191.7777
191.0912
191.5275
192.1503
191.6279
191.5054
190.9756
191.9293
190.7417
191.674
192.0989
191.815
190.5795
191.3694
190.5795
191.4794
190.5795
190.5795
190.5795
190.5795
190.9519
190.5795
190.5795
190.5795
190.5795
192.029
190.5795
191.6906
192.1803
191.791
192.1198
192.5615
192.7798
192.2416
192.2721
192.2939
192.0538
191.8432
191.4044
191.5148
191.8781
191.1869
191.4804
189.9839
189.9839
189.9839
190.2875
190.4109
189.9839
190.6378
189.9839
190.7922
190.9637
189.9839
189.9839
189.9839
189.9839
189.9839
191.1333
189.9839
189.9839
189.9839
189.9839
191.0978
190.9423
191.3659
191.142
191.3903
191.226
191.35
190.8401
191.1421
189.9961
189.0638
190.1114
189.7846
190.3064
189.5722
190.071
190.3157
190.5993
190.7552
190.7914
190.2211
190.6023
190.5505
191.0249
190.4288
191.0609
190.711
190.7694
190.6592
190.8831
190.3194
190.7695
190.734
190.4835
190.4032
190.2979
189.7089
189.7144
189.3943
189.4037
189.0434
188.6917
188.8459
189.0701
188.9481
188.959
188.9355
188.8571
188.7396
188.5208
188.2184
187.9312
188.4764
188.3959
188.1181
188.5877
188.45
188.1548
188.3168
188.4221
188.221
188.4302
188.1508
188.1653
188.4507
187.5301
187.8658
187.43
187.8899
187.3047
187.4336
188.0144
187.9202
187.3639
187.2009
186.7781
187.209
186.2247
186.2247
186.5476
187.2672
187.4401
187.2441
187.4616
187.842
187.8699
187.9484
187.7646
187.636
187.5793
187.6052
187.7707
187.5411
187.544
187.3251
187.1482
187.2681
187.3344
187.6016
187.1942
186.1374
185.5847
186.5242
186.6247
187.2161
186.6236
186.2734
186.4279
186.2488
186.6305
186.0873
186.2537
186.1208
186.1703
186.1996
185.9554
185.6411
185.5033
185.2909
185.2392
185.7918
185.2112
185.0197
185.5577
185.4213
185.568
185.3762
185.3675
184.8875
185.457
185.0629
185.211
185.1199
185.461
184.65
184.5375
184.9569
184.6225
184.6271
184.3575
184.2505
183.9939
184.1239
183.9491
183.3925
183.3277
184.1396
183.6974
183.5452
183.6857
184.0534
183.6818
183.6972
182.9544
183.174
183.4978
183.4764
183.6852
183.1233
183.0518
183.6403
182.8177
182.9889
183.2252
183.2091
182.7978
182.8744
182.9426
182.2719
182.3814
182.631
182.5251
182.6173
182.6921
181.3126
181.3126
181.3126
181.9333
181.3126
181.8091
181.6465
181.3126
181.3126
181.3126
181.3126
181.3126
182.0482
181.3126
182.0993
182.1821
181.3126
182.4568
181.3126
182.2378
181.3126
181.3126
181.3126
181.3126
181.6101
182.5623
182.6825
182.6564
182.8941
182.3691
181.7184
182.2304
181.7818
182.1682
181.8498
182.0982
182.1559
180.9272
180.856
180.8848
180.8116
181.9587
180.8116
181.9315
181.3375
181.574
181.8607
181.6518
181.849
181.6681
181.8977
182.0318
181.7589
180.6514
180.719
181.2428
180.9846
181.5721
180.9039
181.4584
181.8991
181.7594
181.5484
180.7778
181.9068
181.4119
182.3159
181.8735
181.6173
181.8041
181.7847
181.6258
182.1654
182.2448
182.1773
181.6548
181.1674
181.2099
181.5021
181.5159
181.0138
180.5553
180.8273
180.7455
181.0739
180.3704
180.2621
180.6235
180.146
179.7156
179.6022
179.905
179.4834
179.212
179.8562
179.2436
179.3527
178.1556
178.5372
178.3982
178.1053
178.8191
178.7146
178.7282
178.3134
178.6332
177.9678
178.64
178.4238
178.307
178.6326
177.7822
177.7822
178.13
177.7822
177.7822
177.7822
179.1133
177.7822
178.5195
177.925
178.4616
178.6364
178.9838
178.3424
179.0009
178.8249
179.0139
178.6943
178.6083
179.0439
179.2758
179.1777
179.293
179.1022
179.4558
179.2113
179.6534
179.2676
179.2248
179.2109
179.1179
178.9434
179.3102
178.9372
178.5587
178.8291
178.9262
179.1578
178.6344
178.097
177.2442
178.6035
177.2442
178.4677
177.2442
177.9161
177.2442
177.2442
177.2442
177.2442
177.2442
177.2442
177.2442
177.2442
177.2442
177.2442
177.9177
178.3663
177.2442
177.2442
177.2442
177.6086
177.2442
177.2442
177.2442
178.3317
177.8629
178.8349
178.7886
179.2647
178.8093
178.8419
178.6542
178.6763
178.3998
178.451
178.7778
178.8501
178.3675
178.7901
178.5946
178.6896
178.5665
178.9164
178.4723
178.3309
178.1982
177.9815
178.1378
178.3437
178.3517
178.5688
178.3242
177.9574
178.5959
178.6722
178.2415
178.1921
177.9708
178.2048
177.7503
177.8039
177.7042
177.5296
177.2189
177.3254
177.2616
176.9161
176.5241
176.7733
176.2985
175.2984
175.7709
175.7184
175.1412
175.1412
176.362
175.1412
176.3146
175.1412
175.1412
176.1445
175.1412
175.5127
175.1412
175.1412
175.1412
175.1412
175.1412
175.7762
175.3598
175.2531
175.1412
175.7902
175.1412
175.1412
176.1223
176.504
175.1412
175.1412
175.1412
175.7077
175.1412
175.1412
175.4131
176.2304
176.2752
175.1412
175.1412
175.6963
175.1412
175.1412
176.1119
175.6191
176.0206
176.1007
176.234
176.6073
176.28
176.4887
176.2424
176.1316
176.3684
176.4984
176.2353
175.3224
174.6456
175.2913
175.5724
175.4141
175.0978
175.1274
175.4843
174.3185
174.3185
174.8787
175.0642
174.3185
174.3185
174.3185
174.3185
174.8893
175.3635
175.3332
175.748
175.7228
175.2343
175.6706
175.5207
175.4532
174.0942
174.8063
174.6334
175.4766
175.2592
174.9199
174.031
174.031
174.6653
174.031
175.0599
174.031
175.3189
174.4613
174.031
174.031
174.031
174.031
174.031
174.031
175.1008
174.031
174.9997
174.3522
175.4672
175.1169
175.4299
175.2101
175.2455
175.5706
175.6065
176.0994
175.611
176.0298
175.3669
175.4215
175.3933
174.7277
174.5859
174.1843
174.41
174.8308
174.5029
174.4972
174.3371
174.913
174.4577
174.5273
174.4685
174.6677
174.9744
174.2385
173.5902
173.6732
172.1323
172.1323
172.1323
172.1323
172.0985
173.277
173.3507
173.3749
172.8306
172.9524
172.8395
172.9803
172.4962
172.7119
173.1957
172.6478
172.7292
172.5108
172.2212
171.9159
172.0783
172.6126
172.6757
172.2464
171.5456
172.6543
173.1968
172.8011
172.8545
172.208
172.7545
173.3203
172.4227
172.67
172.6738
172.6307
172.8265
172.0423
171.8952
171.7478
171.836
172.027
171.9727
171.9657
171.91
172.2029
171.8405
171.5173
171.7493
171.5125
171.5072
171.945
172.0774
172.0905
172.0635
171.9218
172.0122
171.1437
171.5077
171.5538
171.9907
171.3135
171.5985
171.2402
171.3862
171.4916
171.929
171.5347
170.9495
170.2077
170.5031
170.6895
170.5777
170.5651
170.6964
170.6795
170.7251
170.9385
170.9422
170.4303
169.9731
168.7788
169.5982
168.7788
169.0335
168.8699
168.6786
169.1753
168.6786
169.1105
169.7451
168.6786
168.6786
168.6786
169.0662
168.6786
169.6743
169.1554
169.6643
169.6896
169.9792
169.6586
169.0443
168.1693
168.1693
169.1067
169.1199
168.849
168.9789
168.9212
168.7673
168.0216
168.6729
168.0216
168.7023
168.0216
168.0216
168.8844
168.0216
168.0216
168.0216
168.8721
168.7317
168.966
168.3287
168.6187
169.2308
168.8056
169.3426
170.0945
169.5112
169.687
169.263
168.0211
169.0093
168.0211
168.0211
168.9096
168.0211
168.0211
169.0921
169.0612
168.0211
169.0755
168.7893
169.598
168.8723
169.9575
168.7864
169.7193
169.7683
169.7803
169.5399
169.7708
169.6473
169.6024
169.6424
170.023
169.7144
170.074
169.6059
169.8222
169.4148
169.5801
169.7577
169.3604
169.2919
168.987
168.8902
169.1951
169.1832
169.2968
169.1365
169.4864
168.9469
169.3989
169.2127
169.1856
169.3636
169.5503
169.3147
168.7367
168.9147
169.6933
168.9585
168.7188
168.9829
167.9951
167.9959
169.117
168.3389
167.8178
168.0302
167.5078
168.5296
167.649
168.1779
167.6073
166.935
166.5407
166.0122
166.0122
167.2574
166.6022
167.0804
165.9961
167.0674
165.9961
165.8329
165.8104
166.8205
166.9675
166.9442
167.2689
166.403
166.4634
167.041
167.0585
167.2612
166.9315
167.0815
166.986
166.5652
166.396
165.62
166.731
167.022
166.3605
166.5145
166.1974
166.6792
167.3321
167.4885
166.8361
167.0953
166.7715
166.4067
166.1256
165.9836
165.691
165.2777
164.932
165.6405
164.685
165.444
164.6411
164.6411
164.6411
165.3795
164.6411
164.6371
165.3352
165.9332
166.1429
166.4586
166.0453
166.7209
166.2149
166.3343
166.2024
166.4685
165.8999
165.9669
165.4093
165.4826
165.2965
165.1109
165.355
165.0278
164.9046
164.9758
164.4406
164.209
163.9883
164.6703
164.3326
164.5994
164.7971
163.4496
163.4496
164.6269
164.1379
164.2055
164.8808
164.8309
164.8187
163.6004
163.8714
164.0752
164.0164
163.0792
163.0792
163.0792
163.0792
163.0792
163.0792
163.8962
163.0792
164.5589
164.4731
164.1121
164.7576
164.8212
164.6127
164.9671
164.2279
164.6322
163.6377
164.5161
163.8828
163.878
164.4159
164.1345
163.9981
163.6821
163.7575
163.1933
163.3061
164.1938
163.6077
163.5329
162.8438
164.0312
162.8438
162.8438
162.8438
164.1876
163.883
162.8438
162.8438
163.2992
162.8438
163.5219
164.2401
162.8438
162.8438
164.0088
162.8438
163.778
163.1604
163.6167
164.1405
164.4568
163.8169
164.2762
164.5901
162.5224
162.5224
162.5224
162.8133
162.5224
163.9781
163.7086
164.2133
163.8536
164.1031
164.1501
163.9653
164.2999
163.9886
163.9037
164.2243
164.2939
164.3373
164.0337
163.853
164.4426
163.6149
164.0359
163.6064
163.7506
163.4405
162.9044
162.4004
163.1968
162.5832
162.39
162.0801
162.0801
162.0801
162.0801
162.5037
162.4474
162.0801
162.6958
162.0801
162.0811
162.0801
162.0801
162.0801
162.0801
162.0801
162.0801
162.0801
162.0801
162.0801
162.0801
162.0801
162.0801
162.0801
162.0801
162.0801
162.0801
162.0801
163.45
162.0801
162.3668
163.0693
162.6778
162.3564
163.3871
163.3318
162.9545
163.3493
163.1237
163.2653
163.1684
163.174
162.6514
162.8965
163.2699
163.0582
163.4806
162.2787
161.4869
161.4869
161.4869
161.4869
161.4869
161.8736
162.1251
162.6917
162.0011
161.3578
161.3578
161.3578
161.3578
161.9592
162.4051
161.3578
161.3578
161.3578
161.3578
161.9173
161.3578
162.216
162.3781
161.3578
161.3578
161.3578
162.0165
161.3578
162.4944
161.3578
161.3578
162.3533
162.6295
162.6553
162.4012
162.695
162.9774
163.0518
162.784
162.8496
163.2001
162.8575
162.8668
162.7555
162.5764
162.3954
163.1568
162.8524
162.6635
162.8847
162.7874
162.7302
162.6371
162.8369
162.8634
162.7474
162.8222
162.9285
162.8698
162.6717
162.8795
163.0346
162.6858
162.4691
163.1336
162.322
161.5222
162.3309
162.3315
162.7646
162.8178
162.2684
162.5543
161.9523
162.3761
162.6824
162.291
160.8928
161.2481
161.8011
161.6688
160.7041
161.3517
160.2987
160.2987
161.1584
161.5178
162.0396
161.4036
161.3363
161.4178
161.8233
161.8053
161.9789
161.9126
161.2254
161.4686
161.6413
161.2992
161.3396
161.8008
161.721
161.4746
161.3287
161.6239
161.5842
161.9657
161.7516
160.2766
161.09
160.9843
161.7769
161.152
160.2766
161.9304
161.3192
160.2766
161.5394
160.2766
161.4324
161.1869
161.6176
160.6407
160.8986
161.8068
161.4385
160.9264
161.2428
161.7136
161.6711
161.3663
161.1928
161.3156
161.2068
160.8474
160.7838
161.0323
161.5952
161.0748
160.9081
160.7199
159.7635
159.2698
160.076
160.2888
159.9299
159.7641
158.8412
158.8412
159.565
159.8712
158.8412
158.8412
160.2985
158.8412
158.8412
159.6396
159.5875
158.8412
158.8412
160.3257
160.4296
160.3096
160.6878
160.5394
160.2825
160.2223
160.392
159.9751
160.0049
159.7904
158.907
158.7912
159.0478
159.0931
159.3242
158.2233
158.2233
159.5239
158.2233
158.2233
158.2233
158.2233
158.6219
158.2233
159.4637
158.3592
158.7258
159.4197
159.3781
158.9547
158.5908
159.0442
158.3277
158.2034
158.3581
158.9603
158.7147
158.3656
158.5162
158.6866
158.3109
158.504
158.8047
158.1633
157.4249
157.6311
158.2263
157.285
157.8691
157.7973
158.1812
158.6069
157.6576
157.285
157.285
157.285
158.4093
158.0426
157.8427
158.315
157.285
157.285
157.285
157.285
157.285
157.285
158.9535
157.285
157.285
158.8362
157.285
157.285
157.6314
157.285
158.1633
157.285
158.1212
157.285
158.2873
157.285
157.285
157.285
157.285
157.9699
158.7951
159.0852
158.4386
158.8129
158.9081
158.3891
158.0806
158.4996
158.5186
158.4257
157.7952
158.1703
158.3598
156.9589
156.9589
156.6351
156.6351
156.6351
156.6351
157.7437
156.5658
156.5658
156.7554
156.5658
156.5658
156.8717
156.5658
156.5658
157.4586
157.6905
157.5277
157.9831
157.8119
158.1971
157.4803
157.573
157.0056
156.3575
157.2061
156.6661
157.0856
157.1869
157.2974
156.1176
156.1176
156.1176
156.8831
156.6646
156.0958
156.0958
156.0958
156.9212
156.0958
156.9057
156.0958
156.0958
156.0958
156.4443
156.5906
156.0958
156.0958
156.4391
156.3475
156.6216
156.0958
156.0958
156.0958
156.0958
157.0181
157.1362
156.0958
156.0958
156.0958
156.0958
157.1588
156.0958
156.0958
156.0958
156.0958
156.0958
156.7527
156.0958
156.0958
156.0958
156.0958
157.1245
156.0958
156.0958
156.0958
156.0958
156.0958
156.0958
156.0958
156.5682
156.0958
156.0958
156.0958
156.0958
156.0958
156.0958
156.0958
156.0958
157.0918
156.0958
156.0958
156.0958
156.0958
156.9555
156.0958
156.0958
156.0958
156.7961
156.0958
156.0958
156.0958
156.0958
156.0958
157.1143
156.6735
156.0958
156.0958
156.0958
156.977
156.8562
157.4698
156.0958
157.0226
157.4516
157.1847
157.4963
157.5924
157.2974
157.2364
157.9337
157.7048
157.8584
157.5782
157.6353
157.7563
157.4868
157.3168
157.9164
158.0322
158.2567
157.9195
157.935
157.6736
157.9436
157.6519
158.2425
158.3191
157.8893
157.8761
157.0029
157.3869
157.1761
156.9652
157.3759
157.1092
157.1151
157.4648
156.8983
156.5509
157.2103
156.9361
156.3675
156.5419
156.7767
156.7758
156.6514
156.8527
156.4047
156.5671
156.3786
156.6914
156.0384
156.2085
156.1089
156.1409
155.3866
155.45
155.9516
154.7801
154.7801
154.7801
154.7801
154.7801
154.7801
155.3618
154.7801
155.6603
154.7801
154.7801
154.7801
154.7801
154.7801
154.7801
154.7801
154.7801
154.7801
154.7801
154.7801
154.7801
154.7801
154.7801
154.7801
154.7801
154.7801
155.5551
154.7801
154.7801
154.7801
154.7801
154.7801
154.8444
154.7801
154.7801
155.7199
154.7801
154.7801
154.7801
154.7978
155.9822
155.5458
154.6429
154.6429
154.6429
154.6429
154.6429
155.3794
154.6429
154.6429
155.3331
154.6429
154.6429
154.6429
154.6429
154.6429
155.5366
154.8865
154.6429
154.6429
154.6429
154.6429
155.7061
154.6429
154.6429
154.6429
155.1003
154.6429
154.6429
155.9599
154.6429
154.6429
154.6429
154.6429
155.0516
154.6429
154.6429
154.6429
154.6429
154.6429
154.6429
154.6429
154.6429
154.6429
154.6429
154.6429
154.6429
154.6429
155.1245
154.6429
154.6429
155.4499
154.6429
156.0276
154.6429
155.7526
155.9203
154.6429
154.6429
154.6429
155.7359
154.6429
154.6429
154.6429
154.6429
154.6429
154.6429
154.6429
154.6429
154.6429
154.6429
155.4027
155.7033
156.0314
155.9171
155.849
155.3247
154.3109
154.7397
154.3109
154.3109
154.3109
155.1654
155.3473
154.3109
155.0777
154.3109
155.1816
154.3109
154.3109
155.5405
154.3109
155.1745
154.3109
154.3109
154.3109
154.3109
154.3109
154.3109
155.0971
154.3109
154.946
154.3109
154.3109
154.3109
154.3109
154.3109
154.3109
154.3109
155.7459
156.1561
155.5477
155.6758
155.4033
155.2055
155.6922
154.9178
155.2801
154.6207
155.134
155.3286
154.5622
155.2359
155.7343
154.3109
155.548
155.5511
155.6154
155.3923
155.6726
155.7015
154.3109
155.8447
155.8592
155.9753
155.8913
156.1165
155.899
155.4626
156.1236
155.7891
156.1292
156.0411
155.9862
156.0692
154.9947
155.4463
155.5606
154.5157
154.1368
155.0929
154.3831
153.8689
153.8689
153.8689
153.8689
155.7147
153.8689
153.8689
153.8689
153.8689
153.8689
153.8689
153.8689
153.8689
153.8689
153.8689
154.8146
154.5375
155.2384
155.1701
155.4827
155.3978
156.047
155.7704
155.8631
155.5859
155.7808
155.7746
155.4874
155.4816
153.4506
153.4506
154.0706
153.4506
153.4506
153.8542
153.4506
153.4506
153.4506
154.0893
154.7484
154.6105
154.118
154.2254
154.7737
154.9947
155.1084
155.0595
154.9031
154.716
155.0148
154.6936
154.4103
153.8787
153.1627
153.9071
153.35
153.4486
154.4688
153.5775
153.1227
153.7882
153.5228
152.8462
154.0354
154.0354
152.7721
152.7721
152.7721
154.2341
154.1666
154.3515
154.3512
154.1145
153.8592
154.2503
154.1662
154.1232
153.2138
152.4565
153.7211
152.4565
153.7987
152.4565
152.4565
152.4565
152.4565
152.4565
152.4565
152.4565
152.4565
152.4565
152.7814
152.4565
152.4565
153.4803
152.4565
152.4565
152.4565
153.3074
152.4565
153.6785
152.4565
153.5052
153.7247
153.7271
153.7667
152.3871
152.3871
153.5097
152.8019
152.9878
153.2372
152.2828
152.4032
152.2828
152.2828
152.2828
152.2828
152.2828
153.4678
152.2828
152.2828
152.2828
152.2828
152.2828
152.6279
152.2828
152.2828
152.2828
152.2828
152.2828
152.2828
152.2828
152.2828
152.8501
152.2828
153.4931
152.2828
152.2828
153.4314
152.2828
152.2828
152.2828
152.2828
152.3486
152.2828
152.2828
152.2828
152.2828
152.2828
152.2828
152.2828
153.6823
152.2828
152.2828
153.3301
153.6011
153.694
153.4072
153.7826
153.4986
153.9559
153.5627
153.6591
154.1095
153.8808
153.5727
153.4728
153.8539
153.6984
154.3312
153.3375
153.2344
153.7681
153.3493
153.9576
153.9055
153.7745
153.4324
153.4027
153.5311
153.3882
151.8123
153.1691
151.8123
151.8123
151.8123
151.8123
152.5523
151.8123
153.1899
151.8123
151.8123
151.8123
151.8123
151.8123
152.6034
151.8123
151.8123
151.8123
153.1665
152.3272
153.0501
153.0098
153.2833
153.2744
153.7452
153.8736
153.5587
153.0896
153.2307
152.6141
151.2466
151.2466
151.2466
151.2466
151.2466
151.2466
151.2466
151.2466
151.2466
152.7286
152.3705
152.6258
152.8121
152.8624
152.8287
152.6263
152.729
152.5608
152.6596
152.5045
153.0284
152.9216
152.6066
152.1129
152.4056
151.8476
151.8663
150.5543
150.5543
151.565
150.5543
150.5543
151.0137
150.5543
151.4738
150.5543
151.8537
150.5543
150.5543
150.5543
150.5543
150.5543
151.8617
150.5543
150.5543
151.9475
152.1647
150.5543
150.5543
150.5543
150.5543
150.5543
150.5543
150.5543
150.5543
151.1969
151.0179
150.5543
150.5543
151.6635
151.6536
151.586
151.9563
151.641
152.2883
151.7312
151.7338
151.5781
150.9341
150.8696
151.23
150.4195
150.7718
150.9849
150.6147
150.358
150.1747
150.1285
150.1285
150.1285
150.1285
150.1285
150.6166
150.1285
150.1285
150.1285
150.1285
150.1285
150.1285
150.1285
150.1285
150.9021
150.9294
151.1927
150.1285
150.1285
150.1285
150.1285
150.1285
150.1285
151.5516
150.1285
150.1285
150.1285
150.1285
151.047
150.1285
150.1285
150.1285
150.1285
150.1285
150.1285
150.7074
150.1285
150.1285
150.1285
150.1285
150.1285
150.1285
150.1285
150.3859
150.1285
150.1285
150.9461
150.1285
150.1285
150.2833
150.979
150.778
151.3867
151.5011
151.4303
151.2608
150.7071
149.7636
149.7636
149.7636
149.7636
149.7636
149.7636
149.7636
149.7636
150.9801
151.1042
149.7636
150.4075
151.0098
151.3885
151.2483
151.0473
151.1531
151.1613
151.1613
151.2235
151.6454
151.3016
151.2851
151.3831
150.8623
149.7883
150.7677
150.1143
150.0857
149.36
149.36
150.6006
149.36
150.2981
150.1182
149.36
150.1572
149.36
149.36
150.0345
150.4711
149.36
149.36
149.36
149.36
149.36
149.36
149.36
150.5852
149.36
149.36
149.36
149.36
149.6545
149.36
149.4284
149.36
149.36
149.8649
150.4694
149.36
150.6491
149.36
149.5221
149.752
149.36
149.36
150.1834
150.3316
150.619
150.0311
150.3282
150.414
151.0399
150.8434
150.795
150.9092
150.6816
150.759
150.9994
151.0177
150.3103
150.5153
150.3618
150.5543
150.691
150.3457
149.8701
150.2613
150.2545
150.4388
150.0228
150.1386
150.3946
150.244
148.657
148.657
148.657
148.657
149.1394
148.657
148.657
149.6799
148.657
149.1281
149.8152
148.657
148.657
148.657
148.657
148.657
149.3596
149.4991
148.657
149.5368
148.657
148.657
148.657
148.657
149.5821
148.657
149.6591
149.6622
149.6485
149.9745
149.8421
148.5867
148.5867
148.5867
149.1408
149.7368
148.5867
149.6611
148.5867
148.5867
148.5867
148.5867
148.5867
148.8104
148.5867
149.4783
148.7836
149.3398
149.7597
149.4493
148.5693
149.6993
150.0326
149.5165
148.5693
149.2474
149.2061
149.8466
148.5693
149.2167
148.8891
148.5693
149.5628
149.7794
150.0418
150.1773
149.6462
149.8424
149.9028
149.2406
149.0971
148.5588
149.1543
149.4618
148.9132
148.3929
148.3929
148.3929
149.1555
149.7867
148.3929
148.6817
148.3929
149.2357
148.7544
149.601
148.3929
148.3929
148.9005
149.3285
149.4989
149.5303
149.1887
149.4969
148.3283
149.4153
149.5152
149.8398
150.0157
149.9877
150.1851
150.1175
150.0698
150.0234
149.862
149.8703
150.1854
150.3643
149.9685
150.2285
149.8479
149.7448
150.3814
149.8043
149.856
149.8844
150.2704
149.9729
150.2857
150.4533
150.2784
149.7332
150.4066
149.7861
149.4973
149.594
149.4739
150.0274
149.6776
149.5769
149.4583
149.9209
149.4572
150.0811
149.5093
149.733
149.8863
150.4716
150.2838
149.7041
149.8481
149.411
149.8196
149.4898
149.1225
149.5742
149.3879
148.8132
147.9417
147.9417
147.9417
148.225
148.3681
149.1169
149.288
149.6239
148.9278
149.1449
149.2802
148.9642
149.6652
149.4424
149.4889
148.9907
148.8694
148.7876
148.4123
148.4471
148.9378
148.6883
149.1783
149.7788
148.6572
148.8835
149.2091
149.3266
149.2965
149.6611
149.1925
149.2521
149.4737
149.5772
149.7364
149.7311
149.314
149.388
149.5414
149.7182
149.5144
150.0866
149.5607
149.6125
149.66
149.3131
149.2991
149.3734
149.2299
149.0246
149.2741
148.7213
148.4471
147.7873
148.1637
148.4385
148.7377
148.5646
148.5702
148.6032
148.5357
148.4862
148.4521
148.1934
148.0891
147.835
147.4799
147.4575
147.1837
147.8096
148.1829
148.0971
147.7798
147.8783
147.8085
147.6152
147.9655
147.8913
147.5245
147.8184
147.739
147.2632
146.948
147.2407
147.4856
148.1827
148.2735
147.6596
147.8796
148.056
147.914
147.7392
148.008
148.0114
147.9345
148.1566
148.2652
148.0172
148.0029
148.2151
147.7672
147.9772
146.9146
147.7849
148.0685
147.9638
147.8298
147.331
147.5987
147.9863
147.6588
148.1371
147.777
148.3349
148.1322
147.8353
148.378
148.1302
148.474
148.1228
148.0926
147.3466
147.6464
147.1677
148.0932
147.7318
147.5358
147.5337
145.9863
145.9863
145.9863
145.9863
146.7285
145.9863
146.8233
145.9863
145.9863
145.9863
146.5643
145.9863
147.4504
145.9863
145.9863
147.5881
145.9863
145.9863