302
506
712
921
1127
1332
1536
1742
1947
2152
2355
2559
2765
2970
3174
3378
3582
3785
3991
4195
4400
4605
4808
5015
5219
5422
5627
5831
6036
6242
6448
6652
6856
7062
7265
7468
7673
7877
8079
8284
8491
8697
8901
9107
9313
9516
9723
9932
10134
10336
10541
10743
10948
11158
11366
11573
11777
11983
12190
12397
12602
12805
13010
13215
13421
13626
13835
14040
14245
14450
14655
14860
15065
15275
15485
15688
15894
16098
16305
16505
16709
16915
17120
17326
17528
17736
17940
18144
18350
18559
18762
18967
19169
19373
19574
19778
19980
20185
20393
20597
20804
21009
21215
21417
21619
21826
22030
22233
22437
22642
22843
23050
23258
23462
23666
23870
24074
24284
24495
24697
24900
25106
25313
25519
25724
25927
26135
26339
26544
26747
26954
27157
27360
27568
27771
27974
28179
28381
28585
28788
28991
29195
29401
29604
29812
30015
30219
30428
30636
30841
31045
31249
31457
31662
31867
32074
32277
32483
32688
32892
33098
33304
33509
33719
33924
34131
34333
34534
34737
34940
35147
35353
35556
35760
35965
36170
36378
36583
36788
36998
37203
37406
37611
37817
38021
38231
38435
38639
38842
39049
39252
39460
39662
39868
40076
40279
40480
40682
40888
41092
41295
41503
41710
41913
42119
42320
42526
42730
42940
43150
43354
43561
43768
43975
44180
44385
44594
44799
45001
45206
45407
45610
45814
46017
46219
46426
46630
46832
47033
47236
47442
47649
47853
48056
48265
48475
48682
48887
49094
49298
49501
49702
49905
50108
50313
50513
50718
50925
51129
51338
51544
51747
51950
52156
52357
52564
52768
52973
53182
53388
53590
53793
53998
54204
54408
54617
54821
55026
55231
55437
55642
55847
56055
56262
56469
56673
56878
57082
57289
57493
57699
57901
58110
58317
58518
58725
58930
59132
59341
59544
59751
59958
60164
60370
60574
60777
60982
61187
61393
61597
61803
62008
62213
62417
62619
62822
63026
63234
63441
63642
63844
64045
64250
64455
64663
64866
65073
65279
65483
65688
65895
66103
66312
66519
66722
66928
67132
67335
67538
67744
67946
68153
68359
68564
68770
68973
69178
69382
69588
69790
69995
70200
70405
70609
70813
71016
71222
71425
71634
71840
72045
72249
72454
72663
72869
73075
73282
73487
73694
73899
74104
74309
74513
74714
74917
75123
75327
75536
75742
75947
76152
76353
76561
76764
76968
77172
77375
77579
77787
77989
78196
78400
78612
78820
79023
79231
79435
79639
79841
80049
80255
80460
80665
80871
81075
81280
81485
81690
81895
82101
82306
82509
82717
82922
83129
83331
83534
83738
83942
84149
84352
84553
84758
84963
85173
85379
85584
85787
85994
86198
86405
86612
86815
87021
87225
87430
87638
87844
88051
88256
88458
88659
88862
89067
89271
89479
89688
89895
90104
90309
90513
90719
90924
91130
91335
91540
91742
91951
92153
92354
92556
92764
92968
93176
93379
93583
93790
93992
94200
94406
94611
94815
95022
95226
95429
95635
95837
96043
96248
96453
96657
96860
97061
97263
97470
97676
97881
98085
98291
98497
98704
98908
99109
99317
99521
99724
99929
100134
100339
100545
100750
100955
101160
101367
101572
101780
101985
102190
102393
102597
102805
103010
103219
103424
103630
103835
104045
104254
104458
104663
104869
105072
105275
105480
105689
105894
106100
106304
106508
106709
106913