502.4392
500.7784
498.0539
495.8015
494.862
494.0181
492.5132
491.9502
486.3098
485.741
481.7808
481.7808
481.7808
481.0262
478.9935
476.4656
476.4656
475.5133
468.1115
468.1115
468.1115
468.1115
468.1115
468.1115
464.3911
464.3911
463.1437
462.9395
461.4226
458.1751
458.1751
456.8498
455.8036
454.5006
451.9972
451.1699
451.1699
450.0827
447.1414
447.1414
446.5844
446.0923
444.7803
444.2177
442.6343
442.6343
439.3557
438.4565
438.4565
437.5941
437.356
437.356
435.8113
433.7522
432.1274
431.1058
430.3554
429.7365
429.7365
429.7365
429.1353
428.6676
428.5681
427.3735
427.0986
427.0986
424.0888
422.9261
422.9261
422.9261
422.4966
420.5036
419.2682
416.5531
416.5531
416.4353
413.9821
413.796
411.8536
409.869
409.869
409.869
407.4891
407.4891
406.9334
406.9334
406.5431
406.5431
405.688
405.5306
404.3021
403.0684
401.7852
401.7852
400.9876
399.1751
399.1751
398.3839
398.3839
397.7885
397.5164
396.9951
395.1523
394.6994
392.8351
392.6733
392.2427
390.7963
390.4933
389.8387
389.8387
388.9014
386.9944
386.9944
386.9039
386.9039
386.188
384.4398
383.6464
383.6464
383.6464
383.0562
382.5494
382.5494
382.5494
382.5494
382.5494
381.4055
380.7137
380.7137
380.7137
380.4112
379.5706
379.5706
379.5706
377.9131
377.9131
377.9131
376.9279
376.0517
376.0517
375.3762
374.1613
374.1613
373.856
372.1154
372.1154
372.1154
371.0784
371.0784
371.0784
370.698
370.5166
369.8601
369.5635
369.3588
368.2989
368.2989
366.3769
366.3769
366.3769
364.843
364.843
363.7536
363.7536
363.7536
363.6881
363.6881
361.0434
359.8576
359.8576
359.5723
359.5723
359.5723
359.5723
358.8756
358.3306
358.3306
358.1898
356.2301
355.4026
355.2125
353.9393
353.9393
353.9393
353.5183
353.5183
352.1178
352.1178
352.1143
351.9736
351.9736
351.9736
351.9736
351.727
350.0418
350.0418
349.693
349.693
349.6052
348.0885
348.0885
347.9859
347.9859
347.9859
347.9859
347.7932
347.7932
347.7932
346.8995
346.1912
346.1912
346.1912
345.255
345.255
344.188
342.821
342.821
342.821
342.821
341.9718
341.9718
341.9718
341.9718
340.9585
340.7209
339.5474
337.1545
337.1545
337.1545
337.1545
337.1545
336.7507
336.3848
334.1209
334.1209
332.6502
332.6502
332.6502
332.6502
332.5269
332.1985
332.1985
331.0452
331.0452
331.0452
329.7186
329.7186
329.4161
329.4139
328.9804
328.7952
328.5879
328.32
327.7275
327.7275
326.7886
326.4106
326.3942
326.3942
325.8231
325.3069
325.3069
325.3069
325.0587
324.8627
324.3098
324.1281
323.4615
323.4615
322.8501
322.8501
322.4698
322.4698
322.4698
322.4698
322.0133
321.8949
321.7758
321.6133
320.9883
320.2232
320.2232
320.2232
319.9439
319.6306
319.6306
318.0288
318.0288
318.0288
317.9284
317.9284
316.8362
316.8362
316.638
316.1784
315.39
314.6392
313.7324
313.7324
313.236
313.236
312.8523
311.6463
311.6463
311.5278
310.3064
310.3064
309.7282
309.7282
309.6991
309.5994
309.5313
309.2122
308.7791
308.3268
308.3268
308.1878
307.8704
307.5923
307.3672
307.3672
306.5287
306.4268
306.2547
306.1602
305.5931
305.5758
305.0677
305.0677
304.6138
304.6138
304.4165
303.8591
303.6295
303.5166
303.5166
303.0883
303.0202
302.4667
302.4667
302.2528
301.9304
301.7788
301.1562
301.0025
300.3346
300.3346
300.3346
300.0638
300.0638
299.4777
299.4777
299.3609
299.1859
299.1319
298.2885
298.1024
297.8559
297.3646
297.1587
297.1587
296.8466
296.0954
295.8746
295.1321
295.0948
294.8153
294.8153
294.4916
294.4916
294.2552
293.9852
293.6744
293.6744
293.3311
293.3311
293.1195
292.8619
292.8619
292.4043
292.2085
292.1103
291.7778
291.7778
291.5247
291.5247
290.1725
290.1725
290.1725
289.6894
289.5018
289.3707
289.3707
289.3707
289.3707
289.1225
289.1225
288.9987
288.4109
288.4109
288.2816
287.9229
287.919
287.1208
287.1208
287.1208
286.8543
286.8543
286.8543
286.4218
286.4218
286.2544
286.125
286.125
285.7837
285.1696
285.1696
285.0666
284.9459
284.7845
284.6825
284.6172
284.5276
284.5276
284.3004
284.3004
283.9396
283.8001
283.8001
283.728
283.3313
283.1841
282.7924
282.4608
282.4608
282.0439
281.836
281.835
281.3977
281.2927
280.9669
280.9669
280.8862
280.6261
280.1812
280.1812
279.6869
279.6869
279.6604
279.6604
279.5252
279.5194
278.6856
278.6856
278.6856
278.6856
278.1931
278.1931
278.1591
277.6938
277.2478
277.2478
277.0966
276.6864
276.6864
276.6224
275.9816
275.2327
275.2327
275.2327
275.2327
275.2327
275.2327
275.2327
275.2053
275.0187
274.9568
274.9293
274.4565
274.4565
274.4565
274.2872
274.2612
274.2612
274.2612
274.0148
273.6038
273.6038
273.6038
273.6038
273.6038
273.3639
273.3639
273.3116
273.3116
273.2607
272.9529
272.9529
272.9529
272.6821
272.4524
271.9444
271.9444
271.9444
271.9444
271.5354
271.5354
270.9334
270.9334
270.5451
270.5451
270.5451
270.5451
270.5451
270.5451
270.5451
270.5451
270.4364
269.715
269.715