-0.9989062092993322 -0.04675879621246519
-0.7679961316876696 0.6404544805938793
0.9285675476404808 0.3711634538433753
0.7987638346087135 0.6016446929219802
-0.8026637634037964 -0.5964317923438139
0.38576096589157644 -0.9225987628402706
-0.4370793327128819 0.8994229577430531
0.8223740266149534 -0.5689472386338719
-0.546129552019954 -0.837700729622748
0.9941902072878003 0.10763750151801553
0.9132259279312737 -0.40745356122393167
-0.26989913327364795 0.9628886009597027
0.5618816056796798 -0.8272176625283244
-0.9069062201246744 -0.42133253838171064
-0.393822248111776 -0.9191866170110325
0.33809153901402206 -0.9411132297694736
0.33593249676118286 -0.9418860640331175
0.9618651114184336 -0.2735242355551045
-0.008446399022851474 0.9999643285355467
-0.45766752278984124 -0.889123410209972
0.22975113125736676 -0.9732494118600639
-0.9429237951765078 0.33300858320759724
0.2691514481744484 0.963097865196262
-0.9678015079472242 -0.251714602705284
-0.5044817462674819 -0.8634223576459623
-0.34582357870836467 0.9382995536657467
-0.18481231557921277 -0.9827738336007168
-0.999350700081796 0.03603024071560206
-0.2621734274061291 -0.9650207738500365
-0.9109056315853099 -0.4126147480958087
0.9013365169438501 0.4331194791550349
0.6461021816565312 -0.7632509226058432
-0.3916927576566695 -0.9200960730267864
0.33651002791693146 -0.941679882503256
-0.6361383831463229 0.7715749850066305
0.09475725812440161 0.9955004078516219
0.638881480601694 -0.7693051759504724
0.5810448951618029 0.8138715069385397
-0.7230245053599903 -0.6908223828517293
-0.1796822382646048 0.9837247039961037
-0.873811985231061 -0.4862639349844403
0.9983204912747585 -0.05793269112448331
0.9133902815918317 -0.4070849954169208
-0.9919577189053742 -0.12656968003454286
-0.48430184149948213 -0.8749009808659552
0.6424639597513899 -0.7663159011925593
-0.8668299750035315 0.49860384518711537
0.2754278487746998 0.9613217464092556
0.451381812845977 -0.8923309134126641
-0.9674764058660971 0.2529612699454581
0.8471236110636245 0.5313958859254793
-0.509331165424867 0.8605706036851054
0.892070224888437 -0.45189679559330076
-0.3078152914749896 -0.9514461342262983
-0.44474928622555554 -0.8956551079527537
-0.7459876970521753 0.665959725393955
-0.9055559063509808 0.4242269445389504
0.9684370244068361 -0.24925835945466943
-0.5755462615359855 0.8177692222332356
0.6305192180417526 0.776173637583767
0.3545672136349862 0.9350305294561895
0.5059405607657861 0.8625683445223352
0.6001334985665122 0.7998998586687699
0.5794374683743221 0.8150166993650845
-0.6459158181132659 0.7634086428061123
0.25321146641153874 -0.9674109536684594
-0.3671543213747689 -0.9301600423023089
-0.9563803816154216 -0.29212422984261427
-0.9966743978158904 0.0814870832606748
0.14470133897766693 0.9894753774086904
-0.7760509505456838 0.630670216640314
-0.9093000963472929 -0.41614100348656324
0.20304119341749635 0.9791701965315319
-0.7494280148800825 0.662085833191512
-0.9074532811758185 0.42015299889830715
-0.2280822327989538 0.9736418720871879
-0.7610563812943174 0.6486857363093461
0.9977821828236291 0.06656362099310813
-0.5666797529294484 -0.8239381394375547
-0.3814395569620161 0.924393782099718
-0.5728274392991342 0.8196759876841561
-0.8617902538324466 -0.5072647813513248
0.5517958414445664 -0.8339792259789706
0.22219783014894742 -0.975001602192068
-0.4972453655984301 -0.8676099621321113
-0.8434434186586636 -0.5372180186119844
-0.42889946178725036 -0.9033522301287615
0.3996780511194339 0.9166555816954213
-0.9522016068348217 0.3054702930583982
-0.8652821729190578 -0.5012851097214774
0.01032904895652649 -0.9999466539509264
-0.2979151733842875 0.9545923472705037
0.3956993307260195 0.9183801171971115
0.1441936018735089 -0.9895494960732101
0.5377461929925325 -0.8431067737374893
0.970284486684327 0.2419669706793309
0.8244179565444828 0.5659814775476484
0.9995596924895999 -0.029671891582719385
-0.8902935666422217 0.4553870498767746
-0.5528809599188668 0.8332602499574743
0.22286230450096817 -0.974849933698781
0.42253702408951815 -0.9063456643431214
0.1942857357259014 0.9809449795444417
-0.876974023148689 -0.48053778490603916
0.820965909973098 0.5709772102825498
-0.40991653486126234 -0.9121230369020046
-0.9608073179542775 -0.2772170589366893
0.8211753457780938 0.5706759601439577
-0.5763000225994191 -0.8172382051470115
-0.7129383794391572 0.7012266874004928
0.8912461277332832 -0.453519944214616
0.7840446443472799 0.6207044350335733
-0.9970456273631283 -0.07681156785319478
0.23801184627792676 -0.971262251418932
-0.9817100294344057 0.19038229462819872
-0.7407325484580211 -0.6718000384451355
-0.9954331738595775 0.09546096783423137
-0.8340696437960204 -0.5516591604405564
0.8821987926384927 -0.47087714986733614
-0.9902902426708814 0.13901523395242316
-0.14007473275415655 0.9901409340310356
0.5149167424543756 0.8572401929098835
0.9399438586032196 -0.34132908266669965
-0.21717200872784362 0.97613335084153
0.6338827734995612 -0.7734291366767249
-0.981701446323632 0.19042654827016384
-0.8813640386871745 -0.47243775389889486
-0.9940035444067788 -0.10934785643422915
-0.8213265696382249 -0.570458294712511
-0.808876917153851 0.5879780037515707
0.043562238054548535 -0.9990507151369639
-0.5573075620528295 -0.8303061370836251
-0.3658602335886 -0.9306698069017255
0.9702418140506642 -0.24213802317619673
-0.47853928247150074 -0.8780661450777277
-0.45800728734220436 -0.8889484376168482
-0.57379422728399 -0.8189995022804158
0.4438724771146303 0.8960899642670495
0.41396940065342985 0.9102907971207004
-0.5203321479527282 0.8539639663398568
0.8737880012491327 0.48630703148632937
-0.25682096023775236 0.9664589977761906
-0.7513848235219391 -0.6598642640580745
-0.16821710260412293 0.9857499715401842
0.9535922439119653 0.3011010334604364
-0.45416854683041086 0.8909157822543907
0.469742958095187 -0.8828032359025331
-0.5953261784275197 -0.8034841263390865
0.20034002421892924 -0.9797264284972407
-0.8461847504422927 -0.5328896397181266
-0.9924193621096535 -0.12289755778642782
0.3488288621531055 0.9371864408584717
0.9567621542024674 -0.2908714153811855
0.8334558417111645 -0.5525860656201298
-0.9088532057114376 0.41711611149420164
0.48764211688975023 0.8730436219544149
-0.9949227453811081 -0.10064159539334916
0.5603740292754027 -0.8282396677977034
-0.9816378304009189 -0.19075421338931622
-0.5682604008240975 0.8228487812807624
-0.22781408390350186 0.9737046488413251
-0.7076265349860952 0.7065866450645474
-0.40857331049045553 0.9127255063571248
-0.9696298409141868 0.24457712813901641
0.9993813762129694 0.03516908981863473
-0.9984036123352188 0.05648209341008996
0.993682282925399 0.11222976699685021
0.997477552208933 0.07098262350234276
-0.6633012248536242 -0.7483525139315574
-0.918296073388945 0.395894331354271
-0.380901941609219 -0.9246154394548726
0.7208979438096679 0.693041235866231
-0.949883134242449 -0.3126052323326366
-0.9619527798589044 0.2732157559909865
-0.5492152684533561 -0.8356809133261976
-0.8446393147174747 -0.5353358086599428
-0.3553187863333823 -0.9347451845709461
0.030946382400921547 -0.9995210460096855
0.5233031597471708 -0.8521465853939844
-0.12921014934049446 0.9916172332646338
0.9654276768736076 0.2606710584749083
0.9242944870724908 0.3816801031851164
0.999521115998914 -0.030944121772727047
-0.9727048370585204 0.23204590055193258
-0.20047535847607 0.9796987448414392
-0.9951272795970086 0.09859866835742276
-0.8635930857139126 -0.5041894309752266
-0.6680972256280454 -0.7440739863132622
0.3439655968307689 0.9389822512682829
0.7903097260503911 -0.6127075459876072
-0.7193861142206143 0.6946104078305805
-0.06492004318390601 -0.9978904689358445
0.8964767787248915 0.44309071893579743
-0.6998048167462159 0.714334108424619
0.9121394619782961 -0.4098799847540064
0.9997612919889158 0.021848547792790097
-0.33329181298277993 0.9428237202142571
-0.2835686501193165 0.9589519386650766
0.7786158992715059 0.6275008218334253
0.9980276807704175 0.06277538065214477
-0.3048715523969751 -0.9523934777911168
0.8476431426838604 0.5305667749313263
-0.6532266890285626 0.757162395223628
-0.6185490279176261 0.7857462058846736
-0.2699132774510076 -0.9628846362133189
-0.2635658456188868 -0.96464140747907
0.19651548191346818 0.9805007217581828
-0.9310094787213246 -0.36499500069322516
0.7988820397971834 -0.601487727629992
-0.4764458892514834 -0.8792037958376677
0.8712813776712354 -0.49078382300490925
-0.6052765833355626 -0.7960152370813186
0.17282417284639223 -0.9849526918994437
0.958646856391407 0.2845983217288415
-0.35998936131252074 -0.9329564082752223
-0.9449859803885736 0.32711083269902025
-0.04874115274653646 0.9988114436814082
-0.2994149371255273 0.9541229980595356
0.41290321490875026 -0.9107749091394747
0.5899266743521323 0.8074568216863569
-0.9434094580641629 -0.3316302073621801
0.5197526440747279 -0.8543167966143058
0.9970420055273589 -0.07685856630189035
0.7249778062758683 0.6887722267973859
0.9754155991656684 -0.22037333982194837
-0.6707091352659844 0.7417204701710446
0.7200084180519026 -0.6939653290578691
0.7035682396308082 0.7106277029379067
-0.6622037388205494 0.7493238340611391
0.3717799178064216 0.9283208996440027
-0.8258395345788385 0.5639051898383339
-0.8531904057912217 0.5215995892116964
0.9756318770872693 0.21941385647030484
0.3060941651343576 -0.9520012405825429
0.7588480203945277 -0.6512677498105571
0.4921373632548828 -0.8705175562207413
0.5066074872543199 0.8621768112503746
0.9826524118190708 0.18545683472485774
0.8229018268258678 -0.5681835824860214
-0.29123353582758593 0.9566519887656965
0.8346080342208224 0.550844287629503
-0.86256287357739 -0.5059498879591886
0.9962374951972834 0.08666517849195599
0.12425170665475516 -0.9922507311125452
-0.9835683392801167 -0.18053620680005827
-0.24063290217891467 0.9706161993233746
0.9880507407034453 -0.15412895184024683
0.024570431024907517 0.9996981013882392
0.9018947762702044 -0.4319557992856652
0.8784906140370343 0.4777596059200008
-0.7159624748132799 0.6981387646157772
0.9989143505500274 0.046584549640592735
-0.0031962448720541208 -0.9999948919963131
0.1459480076000772 0.989292261709131
-0.7863090544842514 -0.6178333681795461
-0.9345145217505526 -0.35592500423170026
0.010176510553276544 -0.9999482179757905
-0.2646244834693463 -0.9643515348401649
-0.6917444055949811 -0.7221424217756816
-0.31849992481581096 0.9479228860473423
-0.5371663416377476 -0.8434763312693004
-0.9300405355366074 0.36745693932593043
0.3267883435270593 -0.9450975497454432
0.5400571118205378 -0.8416283716534627
0.843407299641573 -0.5372747220103602
-0.8016217180089484 0.597831599379275
0.28043323931931796 -0.9598735324431412
0.9998732383107988 -0.01592191288371632
0.9074420426807231 0.4201772711314079
0.018649617580731432 -0.9998260807580949
-0.6679071973529701 0.7442445671444976
0.8065954741585637 0.5911038327290069
0.7834877874489798 -0.621407182866679
0.9674405627412173 -0.2530983160018195
0.4678091126769421 -0.8838295277350786
-0.5172560819832537 0.855830675806455
0.2041580437498525 -0.9789379414305247
-0.44864738848422103 -0.8937088568467297
-0.8748187055018621 0.4844504438062228
-0.5393599047638482 0.8420753488454181
-0.8017683039679906 0.5976349945847313
-0.2949630879944306 0.9555086481664045
0.6272715771809276 0.7788005960841013
0.3686065688187035 0.9295854976405895
0.2991680641694893 -0.9542004345948918
0.19895704119097918 -0.9800082120883126
0.9992604255366148 -0.03845259362362422
0.3130368305661797 0.949740987169176
-0.5751272517401046 -0.8180639610115301
-0.9909281488403494 -0.1343927224065289
0.055110622676676116 0.9984802548213906
-0.8861645946195223 0.4633705981639509
-0.5038282440354033 0.8638038553469197
0.47174274770341496 0.8817362303938929
-0.9604797563034462 0.27834984772992527
0.3105700768837329 -0.9505504864784575
0.9993853826905131 -0.03505505476442144
0.2728330919375099 -0.9620613826278541
0.6884720519271348 -0.725262872147224
0.41421988340141247 -0.910176844462064
-0.9993518544498982 -0.03599820839360583
-0.5001648121335667 -0.8659302285423427
-0.7885770957552293 0.6149359023916622
-0.6917380988958086 -0.7221484629465139
-0.5644429386501099 0.8254720885699457
-0.4472741957548561 0.8943968883062187
0.7286400800630287 -0.6848968051653789
-0.6716164731564913 0.7408989897312831
0.8840313143871755 -0.4674276790936571
-0.4026144615147891 -0.9153696495837932
0.40885551871553794 -0.9125991260218521
-0.7993018479355396 -0.6009297428874955
0.9769871060651937 0.21329836985396303
-0.1586025526040842 -0.987342509115995
0.7298855205594084 -0.6835694016540833
0.8444618824339689 -0.5356156542858672
0.3928966275695116 -0.9195826444885226
0.29222413545010173 0.9563498599678052
-0.9788449044606344 -0.20460364857805294
-0.8396844196447074 -0.5430746499385981
0.8789581921178732 0.47689883257236004
0.53137130019762 -0.8471390330555492
0.25400469884040167 -0.9672029843662585
-0.5878966061800176 0.8089360793301392
-0.7736919456882291 -0.6335619726413213
0.08960043136241845 -0.995977792272332
-0.15316420581060386 -0.9882007519013568
-0.9092059000994671 0.4163467680003267
-0.9105342532993778 -0.4134336386514099
-0.30685504575836464 -0.9517562612836503
0.9427932026492304 -0.3333781292142711
-0.42818342023886946 0.9036918493781737
-0.7721104013096128 0.6354884170380359
0.9591543156970136 0.2828833658591356
0.3943467895498937 0.9189617019069357
-0.8421559816526138 0.539233996115529
-0.9891596499680154 0.14684409036509855
-0.9999999678232927 -0.0002536797459249762
0.9999971062707642 0.0024057119731592334
0.30299580061270137 -0.9529918912619709
-0.3687941557227408 0.9295110922978547
-0.9508024717663313 -0.309797772237043
-0.2513344454006886 -0.9679003030039449
0.6876030852074355 -0.7260867697549764
-0.9724708753980985 -0.2330244547305195
0.2806706681933271 0.959804134194009
-0.9860294244128983 0.16657122858395593
-0.48520433991876516 -0.8744007939863706
-0.8842491184861876 0.46701552057335327
0.6114164477465096 0.7913089961734542
0.8326487263229183 0.5538014974273923
0.9967901249401258 0.0800590208649128
-0.485097026677883 -0.8744603334104282
0.45699189042701427 -0.8894708607278508
0.18542055669075924 -0.9826592579101308
-0.020214423127833968 -0.9997956676729545
-0.7616155261007244 -0.6480291586050098
-0.9741472192309945 -0.22591413250286246
0.9983756631047824 0.05697398810058814
0.7277418016851883 0.6858512011216398
0.9992694397785117 0.03821762322200723
-0.8072136694612968 0.5902593428611089
-0.6591782444753239 0.7519867299430423
0.9997430009983251 0.022670067376670853
0.31338881209880276 -0.9496249009220964
-0.9995672286517514 0.029416923793242136
-0.31390710143433587 0.9494537016985576
-0.5980276105142776 0.8014754999765018
0.48068838862706775 0.876891483046285
-0.988401803868687 -0.15186136476775605
-0.9953664561263993 0.0961541367720221
0.58542868309024 0.8107239092411345
0.39026407652549155 0.9207029654420068
-0.32247749740475756 -0.9465771303320003
-0.9990563276664682 -0.04343332993900541
-0.6040401269616635 0.7969539039493673
-0.804912545749112 -0.5933934560607184
0.9927791631786899 -0.11995638023140046
0.1161187596846589 -0.9932353364884359
-0.4810880726254443 -0.8766722685117485
0.06310286019856279 -0.9980070285497796
-0.9373590268084339 -0.34836483011455943
0.19865016843857544 0.9800704620481762
-0.5257576535554414 -0.8506344042700581
0.19702987528120214 0.9803974848226988
0.7241545993964069 0.6896376702102557
-0.5553947941023079 0.8315868100709961
-0.9068634122636086 -0.42142466882896684
0.4598417902705971 -0.8880008603153109
-0.9995753546479277 0.029139498631061737
-0.9297539699796917 -0.3681814162977302
-0.023093736760720646 -0.9997333040978612
0.7995602753712296 -0.6005858523544186
-0.17343946519750728 0.9848445318485566
-0.9511193597308528 -0.30882351520759016
-0.3292825346673503 -0.9442314400416061
-0.5809022060884287 -0.8139733576485146
-0.4861096952396737 0.8738977996276175
0.8906541189106326 -0.4546814714363504
-0.13429311382604822 -0.9909416529639392
0.8467447923985724 0.5319993012644834
0.9999996317034523 0.0008582499401313285
0.9182167626561782 -0.3960782457762703
-0.9111166248284093 0.41214863333667356
-0.308162511452351 -0.9513337303677294
-0.9265764299507241 0.3761065267444462
-0.41131460097116057 0.911493444314294
0.5182869799139218 0.8552067623982553
0.7782544044070562 0.6279491078272333
0.929422244133314 -0.3690180105498843
0.11521806118379611 0.9933402228728317
-0.5849989021858618 0.8110340834029951
-0.5860572665221722 -0.8102696343542437
-0.06452843035973618 0.9979158690367183
0.2146604736436569 -0.9766887329416066
0.5519920485180512 -0.8338493739116468
0.8844197027741955 -0.46669239263652434
-0.4223814693617276 0.9064181674811179
0.3521337442460169 0.9359496921113233
0.9972923670597723 0.07353866061002422
0.45092425292703237 0.8925622208687738
0.8944959271683149 0.4470760967433806
-0.9442999863575082 -0.32908590939936905
-0.9787393982430553 -0.2051077529661467
0.7226326550059116 -0.6912322662601241
0.9523475192323749 -0.30501508587599613
0.8025849243782301 0.5965378773898524
0.20231272086050495 0.9793209703554905
0.895773213096369 -0.44451136172094313
0.7660927493507617 -0.6427300361677452
0.8673299410107411 0.4977336370251706
0.24796235543619033 -0.9687696683353254
0.8755228314207621 0.4831767499176379
0.13701195531582097 0.9905693938844141
0.4729362955202618 -0.8810966237476862
0.9487867241758952 0.31591731834069164
-0.8332724199158282 -0.5528626178424616
-0.7590689453639715 0.6510102427642963
0.6488433136914383 -0.7609220421816638
-0.9995920298293668 0.02856175592652402
-0.12253700134259495 0.9924639455929696
0.5070330755559267 -0.8619265979724131
0.9587355026639801 -0.28429955316821287
-0.6203526859550382 0.7843229851460237
0.9998255966440629 0.018675553414657455
-0.9034340602958929 -0.4287270678383591
-0.880212678273648 0.47457943592862456
-0.882970416189162 -0.4694286358273619
0.4695452102967743 -0.8829084298427318
0.17954159681452764 -0.9837503824717374
0.8642783611410543 0.5030138312843231
0.6435951093218946 -0.765366144571955
0.8588085573106151 -0.5122966541858924
-0.8044956722833321 0.5939585114108472
0.9818461551714718 -0.18967901195176598
0.9712204449153914 -0.23818238259440835
-0.9446284197210921 0.32814196417896974
-0.05453716602363518 -0.9985117413040823
-0.9737646506851806 -0.22755747642292112
-0.9837047156932223 0.17979163585360922
0.957883464977896 0.2871572174296509
0.9933167083512432 -0.11542060868948516
0.9729080639987933 -0.23119234201443592
-0.9588151380130654 0.28403086296560515
0.31556528435856335 -0.948903868317386
0.9873942784432015 -0.15827993839280277
-0.08075034659111417 -0.996734358555686
0.30425576173298785 -0.9525903796765319
-0.9941747251792432 0.10778040552334295
-0.022727848454172146 -0.999741689090059
-0.2902168449928346 -0.9569609097985168
0.7256221801109564 -0.688093345216347
0.980333964268869 -0.1973456827520785
-0.2116418327426213 0.9773472947900067
-0.04903869513417469 -0.9987968794402281
-0.2884266622529033 0.9575019898160263
-0.8685147987044892 -0.49566323691726477
-0.8307169167070552 -0.5566950729948341
0.29901974455291536 -0.9542469242117101
0.8372652566977967 -0.5467969366472095
0.5133003447328923 0.8582090398598082
0.382428673569881 -0.9239850159129105
0.9997185175152137 0.023725213111445112
-0.2938101753236548 0.9558637878255893
-0.9934174125374872 -0.11455061967237071
-0.5803765451420818 -0.814348246052597
0.7001971328155385 -0.7139495606812145
0.9361547326701156 -0.35158827696518025
-0.8316506512987228 0.5552991934033491
0.8942993114987402 0.44746926313756935
0.7816324214370897 -0.6237393347852865
-0.782305609478145 0.6228948012136786
0.82574332777403 0.5640460589674134
-0.9709519250292041 -0.23927465240196838
-0.8908868046971028 0.45422538592265654
0.810253258136928 -0.5860799072468641
0.7843705908819063 0.6202924924256049
0.7641018806622483 0.6450955866911626
0.17631094104650175 -0.9843345224400579
-0.4115708586056936 -0.9113777637986195
-0.7565658232575242 -0.653917544556395
-0.4347279117717995 0.9005618483627488
-0.9595987785772527 0.2813719676034636
-0.9567710216367625 -0.2908422461681686
-0.8931358878284923 0.4497869338618128
0.33501709817643516 0.942212048282891
-0.4404092435260534 0.8977971364494373
0.16515060968758097 -0.9862683590787146
0.1084653647354755 0.9941002286755598
-0.6111313712214871 -0.7915291827272984
0.9307777662182998 -0.3655854892000941
0.9275923007416975 -0.3735940625929756
-0.9485762506530925 0.3165487272078685
-0.2471677058913872 -0.9689727164189861
0.9995704292351669 0.029307968176318217
0.09009587328139823 -0.9959330969586573
-0.3231475920793354 -0.946348579400491
0.7677214399240598 -0.6407837315982111
0.9116932030934567 0.4108716386332758
-0.3925154343828853 0.9197454179125955
0.951158153130373 -0.30870401314789864
-0.7749007045986311 -0.6320829834859858
0.6774522069633117 -0.735566793214959
0.7663061916008768 0.6424755409462374
0.09535297120395712 -0.9954435247077442
-0.9222018285907272 0.38670891810755936
-0.20964850291455658 -0.9777768176970065
-0.6713702805977301 0.7411220859818747
0.9997974901320216 0.02012408322658045
-0.6891441496398023 -0.7246242757576051
0.639975092230883 -0.7683956541548584
0.4623859513355672 -0.8866787648339743
-0.41634228756817493 -0.9092079517813838
0.673801255130446 0.7389126258121698
-0.9452574079829853 -0.3263256542984142
0.5236054530122304 -0.851960873265819
0.572982720655311 0.8195674480056159
-0.6890774807543079 0.7246876744621068
-0.024975900903757856 -0.9996880535317233
-0.49357789980933015 0.869701590673382
0.8376122376686878 0.546265264599218
0.829373101088627 0.5586951397592734
0.8536215210542029 -0.5208937500038842
0.8957366630904838 0.4445850091889346
0.007829699797544314 -0.9999693474307502
-0.023175944855254094 -0.9997314017175144
-0.8859478770851839 -0.46378481981222275
0.6594474348708915 0.7517506771810726
-0.9315011412385057 -0.3637384003255106
-0.938039470973235 0.3465284272556196
-0.9958876896922345 -0.09059641008044263
-0.9796171962217394 -0.20087346481468935
0.5251645557265091 0.8510006988296651
0.9971275298618144 -0.0757409347161515
-0.6365221773065397 -0.7712583988501792
-0.18588508801318612 -0.9825714905564531
0.7666207585823951 0.642100157693917
-0.658079585422271 -0.7529483775468621
0.2593227234630502 0.9657907253104611
-0.8360057266300677 -0.5487207167965618
0.9983826168595519 0.05685200394597515
-0.8820449807137078 0.47116520669267886
-0.399742584019778 0.9166274415056483
-0.05371047755107328 0.9985565505274279
-0.932273315441294 0.36175470323977493
0.7126182586162901 0.7015520062594692
-0.9683527364707794 0.2495856121044507
-0.35187161928677674 -0.9360482698774149
0.037595417960857656 -0.9992930423796357
-0.8599754120814556 -0.5103354687020398
0.9248094382692994 0.380430680792208
-0.9724357163248633 -0.23317113375319423
-0.810136172161312 0.5862417441259341
-0.2991053957057245 -0.9542200806206721
-0.6470071282545439 -0.7624839512985229
0.9404596035230208 0.3399054782455301
0.8251517226121178 0.5649111741417889
0.1779148808088638 -0.9840458806309631
-0.9968636288757738 0.07913852048543388
-0.9957301361626932 -0.09231194905007929
0.8415518286813364 -0.5401763782720406
0.79826748464976 -0.6023030989053145
-0.7995624041756889 -0.600583018265412
-0.8114557571638329 0.5844138552136411
0.1005526007021879 -0.994931743634721
-0.5807550876688466 0.8140783304736408
-0.9679624203678026 -0.25109510699275983
0.663378175352084 0.7482843018977076
0.7832758885438535 0.6216742574900755
0.8597745005639562 0.5106738765396167
0.1230658084056402 0.9923985120915217
0.9899293952102068 -0.14156197405643256
-0.40863124826067604 0.9126995688313443
0.12357026986950102 -0.9923358244084403
-0.4877892341545609 -0.8729614327350934
-0.5672584192467497 0.823539850762353
-0.02818286549488107 -0.9996027841560353
-0.18693864522781628 -0.9823715910593042
0.9133923090499722 0.4070804463105052
0.1860523254285864 -0.9825398374634056
0.9991886570865077 -0.04027440315710937
-0.582972856951983 0.8124916295305711
0.4694694186714436 0.8829487329014617
-0.12074172248427939 0.9926839559756817
-0.7122806085716277 0.7018948173714006
-0.3987991591379979 0.9170382929141104
0.9903929022480403 0.13828195535464344
8.506357597250031e-05 -0.999999996382094
0.5576092804559379 -0.8301035419448656
-0.9999342790491116 -0.011464623087281309
0.7089098759374081 0.7052990768449996
-0.5481409604068411 -0.8363859680340565
0.9345052038301839 -0.35594946834390195
-0.6191422028638045 0.7852788884421606
0.6296583275174196 0.7768721842027593
-0.8023655303251941 0.5968329378862816
-0.9027781321698314 0.4301065496780425
-0.8939652725142991 -0.4481362421612816
-0.429839825432602 0.9029051580714722
-0.8448191985095495 0.5350518870443149
0.12077364919431184 -0.9926800721583411
-0.3317966030804059 -0.9433509496387352
-0.7283414753033662 -0.6852143426351465
0.9701253567600514 0.24260418828038188
0.9597566292512195 0.2808330689365786
0.11637299017028933 -0.9932055815181596
0.5970313274318484 -0.8022179218048953
0.41411442118118 0.9102248327582456
0.9471335741992294 0.32083951225588275
0.28606698076093945 0.9582096234740707
-0.17432632882331198 0.9846879358857742
0.5886634622884468 -0.8083782086168443
0.8825994578231892 -0.4701257247271336
0.8770350220454894 0.48042644609312235
-0.8252894914921564 0.5647098858994927
0.0038084068021525456 -0.9999927479925188
-0.693845654983536 -0.720123744269322
-0.8209022024620571 -0.5710687997018781
0.9932958334913093 0.11560011751207282
-0.9656707830531933 0.2597690103869831
-0.6893900165969898 -0.7243903678379511
0.5135294959056623 0.8580719415263945
0.8792029893644452 -0.47644737746431487
0.7566576008658483 0.6538113451538896
0.9950552736133533 -0.09932271872162238
-0.9295981498265481 0.36857465978965326
-0.5651192105013472 -0.8250092592949089
-0.9764734988263284 0.21563744129874216
-0.737961109936859 0.6748432412203289
0.998996868814399 0.044780085964929744
0.12463928915015407 -0.9922021203364485
-0.9916312026109574 -0.12910289697890778
0.9163006467008715 -0.4004911045898081
0.7868079120059607 0.6171979500977143
-0.2572256256936803 -0.9663513737179115
0.8365182112004867 0.5479391228320332
0.5642874733935581 0.8255783714288514
0.8112606603037348 -0.5846846509389042
-0.7288497902769198 0.6846736326260053
0.8851289527735812 0.4653458251257268
-0.0880045802515637 -0.9961200699989666
0.9148464769122733 0.40380183714441115
-0.1466856525066789 0.98918315763497
-0.9851559578509801 0.1716616984382885
0.9156310125776866 0.40201971196193875
0.9909356453150555 -0.13433743649494895
0.005029177788040739 -0.9999873536054225
0.7791888776634521 -0.6267891933701234
-0.9259789581798752 -0.3775751170404546
-0.9927614911933144 -0.12010254619959938
-0.6037868829066455 0.797145783423507
-0.02978613198341149 0.9995562947335517
-0.2213885894427235 -0.9751856707645786
0.6229425545179604 -0.7822675845071416
-0.873486246266473 -0.4868488241572599
0.4964687611541556 0.8680545888353208
-0.8609099843957599 0.5087573083187035
0.3743343876067906 -0.9272937863778927
0.841127802253983 -0.5408364080527349
-0.23386924108257376 0.9722680587551259
0.9969261517780827 0.07834697123018292
0.8867328118485736 -0.46228229513049945
0.12490416459269167 -0.9921688110737013
0.9448612296931757 -0.32747100119354083
-0.6202347997974957 0.7844162116632728
-0.9992702903617435 0.0381953766882437
0.8204020625673036 0.5717870720253422
-0.8308553139552539 0.5564884969811295
-0.8094875747030537 -0.5871370082028283
0.30901751189783727 -0.9510563481416178
-0.7113085740749588 0.7028798705664068
-0.38568711535526995 0.922629638072033
0.27287466029733176 -0.9620495931954941
-0.6614482649526026 -0.7499907951376414
-0.029725456710393373 0.9995581009743049
0.7290216325841832 0.6844906567837812
0.318355248269975 0.9479714847499172
-0.8267313867879529 0.5625968486400083
-0.9987310183532718 -0.05036221777321447
-0.7598606724845763 0.6500859623244355
-0.08841787609920874 -0.9960834699893905
-0.9684313681262692 0.24928033462165164
-0.8925655708262871 -0.4509176219394672
-0.998946017035795 0.04590049071983026
0.8929277687654771 0.4501999553170866
0.6032134942450498 0.7975797642622819
-0.9078167726520009 -0.4193670317176891
0.12168972289025826 0.9925681897697972
-0.6985996308414867 0.7155127921904252
-0.65551724933044 -0.7551802008992647
0.3140316590646847 0.949412511559165
-0.5509249784765399 0.8345547723730444
-0.7259107709034834 -0.6877888867132925
0.6210241190982917 -0.7837914540859646
0.7022801543837156 -0.7119006846174434
0.6561562813622118 0.7546250290236296
-0.7127426172389902 -0.7014256636104172
-0.6920387913423653 0.721860312856579
-0.8480153707453248 -0.5299716322405089
-0.7710739713099157 0.6367455777375728
0.055375788418981144 -0.998465583811969
0.9704904485991414 -0.24113956369255815
-0.8178050593420556 -0.5754953387426669
0.7614992378991279 -0.6481658049288372
0.09963564981978193 0.995023988296257
-0.07816660977174113 -0.9969403097060487
0.8675838837264865 0.4972908652871741
-0.8622973194065937 0.5064023429489667
0.09425386277383987 -0.99554819539398
-0.5130253143223431 -0.858373477493603
0.5931894393738831 -0.8050629099736853
-0.5574434487138359 -0.8302149128304219
-0.4848573739055206 -0.8745932351495993
0.9144945673015964 -0.4045981789082421
-0.9917616959806843 0.12809659786862676
-0.24918383078768774 0.9684562036942987
-0.533597483666407 0.8457385680131174
0.6435353705141654 -0.7654163748556702
-0.07250390137455594 0.9973681287696478
-0.31580424794289785 -0.9488243657185563
0.45280807449162314 0.8916080123435347
-0.5820169911132812 0.8131766241447443
0.43165143233124953 0.9020404874319006
-0.9126694434908689 0.4086985281574523
0.7554637531368184 0.6551904438378451
-0.9987363847849803 -0.05025568332664317
-0.9216106686298627 0.38811567279306997
0.06182197855279525 0.9980871920668143
-0.9836953799040405 -0.17984270781837491
0.5941159749665925 -0.8043793932526462
0.5723429807980671 -0.8200143366619778
-0.02753652654368568 -0.9996207979558593
-0.8360675566348945 0.5486265038644756
-0.9719805023098733 -0.23506148797590443
-0.9972419764290562 0.07421886854344885
-0.3282786719371211 -0.9445809195358543
-0.08388749533053032 0.9964752320691018
-0.7953716539710977 -0.6061220438651613
-0.6919727422582688 0.7219236275199555
-0.9692003000801054 0.24627378732750593
0.9960366823597976 0.08894339432294988
0.0016957709653156368 -0.9999985621793829
-0.23294992641522863 0.9724887309286105
-0.9889077828036457 0.14853079515836937
-0.5987277702180099 0.8009525935845204
-0.9833601825198331 -0.18166659416238456
0.9949226395232783 0.10064264187725235
-0.30565628717107596 0.9521419191028156
-0.47804941442335686 -0.8783329422089813
0.5678669760477035 -0.8231203420608902
-0.5275238184309328 -0.8495402409468596
0.9972350858455109 -0.07431139588714877
-0.8181961720643972 -0.5749391481010553
-0.03046073123032645 0.9995359642618737
0.9367008855509545 -0.3501306199235617
-0.6462515250154669 0.7631244763570249
-0.9529744259749643 -0.3030507274990233
0.6059278029044446 0.7955196400261859
0.4147366865924877 0.909941471081676
0.9869650993844105 0.1609344357094554
0.9994828510988751 -0.03215634244225886
0.3778608460996628 -0.9258623985154851
0.2001310991268909 0.9797691274796643
-0.999957177152966 0.0092543968075653
0.9994345658315518 0.033623631884400595
-0.09060302148588342 -0.9958870882271889
-0.6683067083060859 0.7438858404574483
-0.9377253188353893 -0.3473776423650021
0.43021584982765265 0.9027260506693437
0.9747866917026815 -0.22313875880120287
-0.0037542963611555086 0.9999929526045834
-0.9267096443220155 -0.37577817275696507
-0.7170975092152662 0.6969728561983324
0.9763397671729508 0.21624213057743458
0.987763082902565 0.1559618288390478
-0.9952029536199474 0.097831902292314
0.793588904808085 -0.6084543123074272
0.24443608638270106 0.9696654060416452
-0.571545516094708 -0.8205703644612288
-0.6091081351049832 0.7930871829432938
0.07454318464632806 0.9972177864552876
-0.5434312784553506 -0.8394536589927899
-0.8997653586955916 -0.43637403599594843
0.8419629238776654 0.5395353879175793
-0.14558772490172317 -0.9893453463568422
0.6926913102875791 -0.7212341843341016
-0.9904845825643904 -0.13762373233656053
-0.2562488493803416 0.9666108457860645
-0.7943274064597471 0.6074898940286428
-0.15750447029102396 -0.9875182741794422
-0.8184896649176212 -0.5745212514981843
-0.9290911048092791 0.36985094154844744
0.353294529665423 0.9355121459973075
-0.7998506005544638 -0.6001991476107439
-0.8922266989961579 -0.45158777396915817
0.6859349972900854 0.7276628199191233
-0.8604523641945906 -0.509530891067401
0.7022047229707746 -0.711975088775961
-0.23799700357606268 -0.9712658885644114
0.5768795072416181 -0.8168292564083806
0.10945345345692219 -0.9939919222641366
0.9441240425979014 0.3295903399503634
-0.6464183331211701 -0.7629831836972869
-0.781150839058384 -0.6243423473050524
0.23427042514321234 0.9721714704223832
0.09895187971893381 0.9950922195957969
-0.7770856288648764 0.6293948882948444
-0.4956094106546395 0.8685455152555684
0.3104330714574285 0.9505952388611607
-0.06755682701074645 0.9977154279273425
-0.46306709734619766 -0.8863232273586015
-0.7833178942898854 -0.6216213288532335
-0.7893353936477469 -0.6139622434115607
0.9251064819961622 -0.3797077783884397
-0.10792283896648111 -0.9941592733709297
0.6807122081554996 -0.7325509468071582
-0.5699871448886161 0.8216536099000136
-0.9887498613174825 0.14957844679183882
0.8812089002368136 0.47272706093836586
-0.7217423278624878 0.6921618395806267
-0.18488874686026072 0.9827594574891877
0.9679286071813658 -0.25122541949400995
0.9042721412527628 -0.4269565487893862
-0.7910234850616219 0.6117857844711383
0.9993513062417031 0.03601342406661358
0.7562616063350587 0.6542693503317397
0.26226248318407336 0.9649965750789604
0.9999119096759174 0.013273013533484621
0.030701361922393346 -0.9995286020800557
0.971258201715528 0.23802837141886843
0.9533490386131872 0.30187018828514944
-0.8135598014350891 0.5814812546324243
-0.6367506769074225 -0.7710697604354221
0.945640587993504 0.3252135887986539
0.2987053210590184 0.9543453940639253
-0.8425628833569854 0.538597983276175
0.628413104016473 0.777879791934706
-0.9962078297071288 0.08700551724007041
-0.9126165191408024 -0.4088166936309296
-0.06357544753351141 -0.9979770350418459
0.3601163467030444 0.9329073999263018
-0.21857490799547477 -0.9758201727750712
0.8204800754966646 0.5716751225241374
0.44044775540397657 0.8977782436434951
0.34419648217911014 0.9388976417349899
0.7594902676943033 -0.6505186648188009
0.36599595902288357 -0.9306164397746902
0.04484266995265862 -0.9989940615196453
0.9829207720968883 0.18402922534330515
-0.63441503103276 0.7729926056565497
-0.9988312105471656 0.048334385657456125
-0.30650138680799976 -0.9518702116805489
-0.524972979742483 0.8511188933047477
-0.9498191178107762 -0.31279968580732104
0.2858628503094526 -0.9582705415554396
-0.8892180721790982 -0.457483573595914
0.7551472352489166 0.6555552250542417
0.20269088269597565 0.9792427717741532
0.7257968452414871 -0.6879091069592732
-0.47278355755713963 0.8811785901300683
0.9416887853756507 0.33648511333747244
0.22710352530206093 0.9738706222057303
0.9118678659346179 -0.41048385482969457
-0.38023641422689936 -0.9248893281338421
-0.9275221143294355 -0.3737682803955595
-0.09163390899727446 -0.9957927629390962
0.5829903508482849 0.8124790771569406
-0.04514560798278261 -0.9989804172654562
-0.14070138586744763 -0.9900520794458136
-0.1386295055993932 -0.9903443139521062
0.9985762982495646 0.05334207133395317
-0.2870492930802314 0.95791581224142
-0.9377753231733638 -0.34724262878726897
-0.7330764684932918 -0.6801462279108836
-0.49555442006014183 -0.8685768916790594
0.9735087779778971 0.22864964290368195
-0.3944870209487129 0.9189015128418332
0.8635970707518466 0.5041826052025499
-0.9959485298193186 0.0899251130148747
0.9994554148766475 0.03299808591037528
0.976899977161003 0.21369706273796069
0.9992291065183962 -0.03925802703202921
0.9433637447183358 0.3317602223760385
0.9994677595169396 0.03262204294934724
0.3812848911917991 0.9244575878583386
0.8744539281087145 0.48510857301766913
0.7312818371152081 -0.6820754171683702
0.2624393312703192 -0.964948494688907
0.3650187504766619 0.9310001674545803
0.4976623062217119 -0.8673708716380133
-0.6530954016865557 0.7572756408969434
0.9185029920582409 0.39541402805168524
-0.5025701552344258 -0.8645364301564424
-0.4916832680199953 0.8707741176385397
-0.9726530694319875 -0.23226279625573548
-0.395952276674852 0.918271089927153
0.1340577860546871 0.9909735162950197
0.943296674804268 0.3319508748342306
0.5763511068912547 0.8172021791363662
0.09709488793036339 -0.9952751291666994
-0.5263480557490336 0.8502692069040323
-0.3793036463944444 0.9252722538971317
0.4162663732054506 0.909242710467552
0.9510028728001659 0.3091820433431274
-0.9999446173951481 -0.010524359480318938
0.9367918170860433 -0.3498872553275256
-0.43419124866209696 -0.9008207144516877
-0.019446962260205942 0.9998108899481192
-0.9999806612907317 0.006219087115559423
-0.7000674756700398 -0.7140766972174476
-0.5067211158387889 -0.8621100340229736
-0.6141331717652084 0.7892024121463422
0.6564289583063533 0.7543878463342553
-0.9055696831177393 -0.42419753537477944
-0.996975550331146 0.07771584164061021
0.7472563620024498 0.6645358752143211
-0.6627154081519016 0.7488713426203852
-0.7935502261825154 -0.6085047563706291
-0.8981821868722554 -0.43962342884038025
0.3791484335990041 0.9253358662125993
-0.13335899256824837 0.9910677974292081
0.9898087318807017 0.14240321026127564
0.9149705465992934 0.40352063002502137
-0.9345069193296256 -0.3559449644608737
-0.9446961136858675 0.3279470274096392
0.11238052898252529 -0.9936652437846499
-0.46474200933999693 -0.8854461388219061
0.7219610208111915 -0.6919337283506726
-0.92561344691264 -0.37847027214102485
-0.7099036664034601 -0.7042987891704235
-0.2717185415786527 0.9623767631039155
0.6713196793435724 0.7411679216790505
-0.5419545008794293 0.8404078289595646
0.9169768464673491 0.3989404254306595
-0.8388929307042446 0.5442964732702604
0.9917400062321504 -0.12826441454532214
-0.3017221330001764 0.9533959064616461
-0.9999989380598808 0.001457353461122872
0.672820061182868 -0.7398061673640479
-0.9382208935301931 0.34603692713842854
0.9151106453945399 0.40320281086022774
-0.7186946505253661 0.6953258224071804
0.7982147875844106 0.602372935050683
-0.10714812132111882 0.9942430689209529
-0.7190022550832988 0.6950077389390213
0.37507373288589496 -0.9269949810538568
-0.9985520682926167 -0.0537937441394195
0.8013673128934902 -0.598172575287322
0.6211755397676378 0.7836714546252045
0.8491173913075873 0.5282041800090165
0.9049732877513853 -0.42546838714109925
0.9178224922869981 0.3969910233898033
0.9996661857869705 -0.025836350247862197
-0.5670861466774183 -0.8236584864168872
0.6874783725456033 -0.7262048521471395
0.5609910311269231 0.8278218787850148
-0.8363009875773622 -0.5482706067054194
-0.12136059373936879 -0.992608485903293
-0.980584096649204 0.19609902957094047
-0.8934523703361092 -0.4491579476540383
-0.8299125330627817 -0.5578935269971479
0.992204724439309 -0.1246185572068423
-0.295896677483177 0.9552199517673491
-0.9080468799725813 0.41886855190150124
-0.48921651483698936 0.8721623711275038
-0.8984041682240453 -0.43916961474772037
-0.43042887594996143 0.9026244970908184
-0.907155405849305 0.4207957576287844
-0.7112110000361433 0.7029786009741612
0.9492115944284998 0.3146384417112843
-0.8875028679481188 0.4608021911665176
0.7622228125184174 0.6473147488482813
0.6319556477838895 -0.775004554331163
-0.09717377760438639 0.9952674298629958
0.19359015177423694 -0.9810824904848867
-0.6982824205209958 -0.7158223670655585
-0.6972992939661553 0.7167800880565122
0.9940464418359578 -0.10895720019012849
-0.045585197136401856 -0.998960454573671
0.2814846301938275 -0.959565736656246
