513.9057
510.3325
507.6126
505.8227
503.077
501.0379
499.3664
498.2541
498.019
496.2474
494.8199
495.2061
493.8913
492.2644
490.7117
489.9102
489.0414
486.8113
485.2618
483.0135
481.2816
481.3795
480.1413
479.1064
478.8047
477.6892
475.345
473.4772
470.8278
468.905
466.9135
464.8673
463.1252
461.2912
460.1222
458.8323
457.7625
456.9546
456.0109
454.9883
453.5403
451.8779
451.0737
450.2827
450.2367
449.6144
449.3449
448.7685
447.5748
446.7045
445.8783
444.9692
444.3656
443.4805
441.8587
440.2956
439.3819
437.5738
436.9787
435.5508
435.0807
433.8732
432.7791
432.1693
431.3514
429.7731
428.8544
428.7486
427.9825
426.5455
425.5719
424.5312
424.1877
424.0496
423.4094
422.475
421.7405
421.0705
420.3829
419.4572
418.8216
418.3279
417.1638
416.5663
416.2096
415.3217
415.1799
414.1972
413.6732
413.4499
412.9096
412.8388
412.1153
411.7423
411.2307
410.5523
409.646
408.4287
407.3291
406.5228
405.9117
405.2968
404.6865
404.2306
403.2502
403.0514
402.5178
402.1238
401.5515
400.994
400.5286
400.4586
399.4394
398.7548
397.549
397.5856
396.8238
396.1154
395.7487
395.5056
396.1924
396.2011
395.4807
394.6708
393.688
393.157
392.4876
391.7061
390.7634
390.1669
389.9903
389.6025
389.3914
388.8034
387.9053
387.1862
386.9138
386.2688
385.6017
385.6224
385.2002
384.869
384.5168
384.1509
384.065
383.569
382.9706
382.5312
382.0158
381.6552
381.1522
381.2084
380.3995
380.1812
379.9966
379.7447
379.2374
378.664
378.2784
378.5873
378.1292
377.6481
377.0374
376.9918
376.5491
376.4156
375.9852
375.3882
375.3091
375.2914
374.8435
374.4013
374.2924
374.2365
374.1646
374.378
374.3059
374.701
374.5192
374.6428
374.9109
374.8023
374.4337
373.8261
374.1832
373.7032
373.5802
373.2859
372.6158
372.4736
372.3926
371.9388
371.5576
371.1248
370.682
370.7701
370.061
369.1548
367.6432
366.6785
365.9579
365.0639
364.2694
363.5354
363.0748
362.1355
361.5586
361.1179
360.8272
360.2898
359.6223
359.5351
358.947
358.8266
358.3677
358.0021
357.7007
357.0467
356.6357
356.1455
355.6483
354.8357
354.244
353.9588
353.4458
352.9306
352.7026
352.375
352.0395
351.4618
350.9612
350.3942
349.8344
349.3864
349.2314
349.0457
348.6903
348.2737
347.8983
347.5418
347.3115
347.1066
346.7168
346.3409
346.08
345.8476
345.4908
345.1213
344.8849
344.49
344.2424
343.9958
343.9704
343.514
343.2903
342.8842
342.4291
342.0395
341.5116
340.9395
340.5691
340.2621
340.2703
340.2548
339.9898
339.9092
339.4778
339.3708
339.2785
338.7114
338.5565
337.9741
337.427
336.5122
335.9335
335.9028
335.5366
335.3449
334.9375
334.587
334.0197
333.5861
332.82
332.6468
331.9666
331.6013
331.3983
330.8792
330.8128
330.4262
330.352
329.8745
329.3695
328.989
328.4217
328.0268
327.2883
326.7329
326.0502
325.6862
325.2103
324.8367
324.437
324.1508
324.005
323.5504
323.1487
322.6341
322.2026
321.8945
321.6218
321.2061
320.959
320.7371
320.4576
320.0757
319.6573
319.2375
318.8509
318.442
318.034
317.7678
317.529
317.0868
316.694
316.3639
316.0703
315.7671
315.3832
315.0333
314.7724
314.6231
314.2659
314.0481
313.7689
313.3075
312.9887
312.5803
312.2119
311.8044
311.5818
311.2809
311.0757
310.8293
310.5446
310.3043
310.0156
309.6823
309.2469
309.0056
308.8591
308.739
308.538
308.3283
308.1387
308.0431
307.9516
307.8741
307.626
307.398
307.2503
307.1716
307.0826
307.024
306.8487
306.7241
306.6996
306.6496
306.51
306.5259
306.3327
306.2133
306.1094
305.9383
305.7188
305.4866
305.3475
305.2389
304.9613
304.7361
304.4492
304.118
303.9279
303.5694
303.3937
303.1267
302.82
302.7372
302.4463
302.1946
301.8941
301.6254
301.4087
301.1627
300.9866
300.697
300.55
300.3606
300.096
299.9242
299.7774
299.6154
299.4002
299.19
298.8993
298.6451
298.3643
298.1562
297.8022
297.518
297.2081
296.8554
296.5781
296.3722
296.0156
295.8586
295.657
295.5986
295.4124
295.2272
295.188
294.9727
294.8007
294.7293
294.6663
294.583
294.5043
294.1894
293.9731
293.6184
293.5803
293.5108
293.3146
293.3008
293.0674
292.8489
292.6354
292.3899
291.9846
291.9456
291.6872
291.4336
291.4038
291.2116
291.1336
290.9937
290.7094
290.4771
290.3121
290.1365
290.0206
289.7567
289.3947
289.1234
288.8464
288.6456
288.3105
288.1752
287.8914
287.7088
287.5254
287.459
287.2992
286.9765
286.7639
286.577
286.381
286.3092
286.211
286.0502
286.0261
285.819
285.7934
285.6017
285.6393
285.4817
285.3657
285.1192
285.0972
284.9713
284.7912
284.7908
284.7859
284.735
284.5266
284.2495
284.1141
283.9308
283.9223
283.7099
283.3849
283.1529
282.9411
282.8395
282.8513
282.7027
282.5186
282.1665
282.1548
282.1739
282.1935
282.1537
282.1578
282.0798
282.1273
281.8795
281.7413
281.447
281.36
281.1374
281.0769
280.8585
280.9059
280.8005
280.7888
280.6629
280.7328
280.6008
280.3771
280.4315
280.1285
279.9931
279.8238
279.644
279.36
279.2331
278.9824
278.89
278.6701
278.7477
278.7017
278.6061
278.4618
278.2953
278.0649
277.601
277.3474
277.2714
277.1028
276.9836
276.8796
276.6403
276.526
276.4684
276.366
276.3803
276.1398
275.923
275.6814
275.5865
275.6017
275.3091
275.1662
274.8276
274.5984
274.2859
274.0464
273.7892
273.5271
273.3614
273.1097
273.0812
272.8759
272.7651
272.6171
272.4291
272.2708
272.1075
272.0777
272.153
272.1045
272.0103
271.9258
271.6653
271.4565
271.2692
271.0384
270.8866
270.7467
270.667
270.6473
270.631
270.5977
270.564
270.507
270.4045
270.2404
269.9434
269.6973
269.3737
269.0022
268.8108
268.7434
268.5315
268.2401
268.2363
268.2475
268.2474
268.2295
268.1794
268.2444
268.1744
268.1611
268.0874
267.9069
267.7146
267.6331
267.8339
267.737
267.6257
267.4544
267.398
267.191
267.1072
266.8874
266.5735
266.4245
266.1967
266.0706
265.9682
265.8863
265.8147
265.622
265.4667
265.4033
265.1679
264.7814
264.4591
264.2582
264.014
263.6911
263.5377
263.4291
263.2163
263.0064
262.8869
262.6587
262.5712
262.4133
262.2213
262.1602
262.0988
262.0275
261.9835
261.8785
261.8324
261.784
261.7285
261.679
261.6209
261.4844
261.2387
261.1674
261.2253
261.2669
261.1247
261.0387
261.0518
260.9584
260.8033
260.6076
260.4644
260.2728
260.1389
260.038
259.7573
259.5081
259.359
259.1367
258.9348
258.7796
258.519
258.2079
258.0035
257.7801
257.5258
257.2843
257.1617
257.0107
256.9255
256.8658
256.7243
256.472
256.018
256.0142
255.9696
255.9662
255.9079
255.978
255.9053
255.9245
255.9442
255.7902
255.5745
255.5123
255.3253
255.0351
254.8395
254.5554
254.4334
254.1879
254.0919
253.938
253.8751
253.6687
253.5469
253.4625
253.2876
253.0879
252.8261
252.6343
252.4313
252.249
252.0954
251.9498
251.8812
251.741
251.5464
251.4279
251.3594
251.2401
251.1929
251.2882
251.1126
251.2365
251.1799
251.2234
251.2383
251.0493
250.8877
250.5003
250.2814
250.1923
250.1106
250.015
250.0223
249.9043
249.8678
249.591
249.5399
249.3069
248.9812
248.8792
248.7608
248.6301
248.5226
248.5047
248.4101
248.2763
248.0589
247.8632
247.7514
247.7183
247.6808
247.587
247.5694
247.4023
247.3668
247.2203
247.1449
246.9116
246.6657
246.5639
246.4944
246.5043
246.3174
246.2224
246.231
246.2224
246.2313
246.2402
246.2277
246.2224
246.2266
246.2249
246.2091
246.2039
246.2181
246.206
246.1701
246.0112
245.8241
245.4408
245.3559
245.4146
245.2994
245.3065
245.1129
244.9777
244.6362
244.483
244.1997
244.0104
244.0339
243.974
243.9483
243.7495
243.5693
243.5514
243.3178
243.1385
243.005
242.79
242.6538
242.5383
242.3772
242.3161
242.1393
241.9824
241.8016
241.6041
241.5625
241.399
241.2298
241.0417
240.9641
240.8726
240.7797
240.7172
240.629
240.4765
240.4754
240.3092
240.1108
239.9856
239.9184
239.7985
239.7608
239.6277
239.4349
239.3513
239.2608
239.1202
239.0115
239.0062
239.0062
239.0104
239.0079
239.0112
239.0083
238.9945
239.0082
239.0469
239.0286
239.037
238.9558
238.8937
238.6949
238.5712
238.4468
238.3824
238.1739
238.181
238.1728
238.0984
238.0429
237.9386
237.6973
237.5998
237.4335
237.1703
236.982
236.8576
236.7239
236.5265
236.4087
236.3887
236.2875
236.1266
235.9048
235.7355
235.716
235.5892
235.5318
235.3452
235.1989
235.1377
235.0489
234.9774
234.9338
234.8958
234.7962
234.7615
234.7648
234.7932
234.7952
234.8176
234.7731
234.6957
234.6538
234.562
234.4064
234.4332
234.3561
234.2633
234.1296
233.9053
233.7943
233.8135
233.7573
233.7993
233.6793
233.678
233.5255
233.4826
233.4152
233.1631
233.0181
232.8047
232.5775
232.4082
232.3152
232.2543
232.2291
232.3097
232.1973
232.1504
232.1157
231.9545
231.842
231.8472
231.6852
231.5838
231.5463
231.6307
231.6451
231.6148
231.4815
231.2249
231.1751
231.1749
231.1896
231.188
231.2272
231.3742
231.4105
231.1932
231.28
231.178
231.2
231.0676
230.9725
230.8835
230.8431
230.6225
230.4064
230.3118
230.1751
230.0847
229.8264
229.6928
229.5472
229.3316
229.2138
229.2282
229.1263
228.9127
228.6911
228.6041
228.5619
228.5592
228.4952
228.4541
228.3927
228.3106
228.2886
228.2398
228.1839
228.0704
227.9898
227.8746
227.7738
227.6345
227.5842
227.5935
227.5526
227.5313
227.5202
227.5141
227.508
227.4943
227.4631
227.4026
227.3773
227.3709
227.3709
227.3709
227.3772
227.3823
227.394
227.4142
227.3555
227.2717
227.2141
227.0092
226.9617
226.8444
226.8195
226.6844
226.6187
226.4765
226.341
226.2467
226.0321
225.9399
225.8808
225.7376
225.7476
225.6487
225.658
225.6691
225.6577
225.6885
225.6844
225.7093
225.6944
225.6973
225.5976
225.437
225.4342
225.4649
225.4444
225.5574
225.3414
225.2893
225.1134
224.9555
224.9626
224.6856
224.5535
224.5457
224.5253
224.4098
224.3866
224.1851
223.9875
223.9111
223.8852
223.7827
223.7241
223.6918
223.6809
223.5913
223.5855
223.5264
223.5111
223.4717
223.4141
223.3436
223.211
223.1244
222.9438
222.7323
222.5919
222.4859
222.3822
222.4782
222.3857
222.257
222.2312
222.2433
222.2235
222.1725
222.0519
222.0442
222.0742
222.1097
222.0562
222.0737
222.0562
222.1566
222.1659
222.0325
221.9946
221.9758
221.9519
221.9081
221.8075
221.6317
221.527
221.4462
221.4141
221.3606
221.2251
221.1679
221.1635
221.1672
221.1848
221.2644
221.1682
221.1247
221.0477
220.9431
220.8889
220.8326
220.8282
220.8327
220.8269
220.8269
220.8269
220.8269
220.8229
220.8269
220.8343
220.8379
220.8899
220.844
220.8451
220.8204
220.911
220.9579
220.8417
220.633
220.3477
220.344
220.3445
220.3451
220.371
220.3708
220.2889
220.3162
220.2905
220.2701
220.1644
220.1448
220.1486
220.1417
220.1753
220.1626
220.1884
220.2151
220.1923
220.1908
220.243
220.054
219.8766
219.7283
219.5292
219.4229
219.2798
219.0406
218.9874
218.9548
218.9146
218.7881
218.6971
218.7073
218.6197
218.6168
218.4513
218.3444
218.3079
218.2858
218.2416
218.176
218.1364
218.1197
218.1322
218.209
218.1144
218.1276
218.1456
218.0629
217.9777
217.8607
217.7176
217.6732
217.729
217.689
217.7393
217.7584
217.7585
217.8139
217.6962
217.6537
217.6005
217.6995
217.6042
217.6463
217.7148
217.7273
217.6685
217.6918
217.7137
217.551
217.3505
217.3885
217.1883
216.9124
216.8185
216.7304
216.6899
216.6476
216.5676
216.4906
216.3871
216.3529
216.3581
216.2895
216.2515
216.2436
216.2965
216.2165
216.1598
216.106
216.0742
216.0002
216.0245
215.967
215.8408
215.6535
215.4811
215.4807
215.4365
215.3155
215.2644
215.1459
214.9487
214.8831
214.8928
214.7947
214.6925
214.6556
214.5189
214.4758
214.51
214.4745
214.5129
214.4081
214.3038
214.1589
213.938
214.0375
213.94
213.8159
213.7043
213.6248
213.4954
213.4066
213.5235
213.3765
213.3673
213.3489
213.2782
213.149
213.1913
213.0627
212.9428
212.7755
212.8124
212.7659
212.8212
212.6338
212.5079
212.228
212.1393
212.138
212.1577
212.1293
212.1232
212.1402
212.1195
212.1157
212.1153
212.0756
212.0556
211.9623
211.815
211.7442
211.7949
211.7969
211.7371
211.6967
211.5018
211.4038
211.2087
211.1425
211.1238
211.1087
211.1272
211.033
210.9798
210.8366
210.8382
210.8367
210.8126
210.8048
210.7758
210.6867
210.6041
210.5351
210.4075
210.3031
210.3427
210.2537
210.1652
210.1577
210.1571
210.1507
210.1015
210.0795
210.068
210.0585
210.0784
210.0424
210.0224
209.9999
209.8763
209.7704
209.8299
209.8282
209.86
209.8419
209.737
209.667
209.494
209.1991
209.2699
209.2184
209.1754
209.1929
209.1786
208.9268
208.9111
208.7712
208.5577
208.4411
208.41
208.3305
208.255
208.2257
208.1467
208.1683
208.1335
208.1424
208.1354
208.0977
207.9377
207.8365
207.84
207.8097
207.7644
207.7853
207.8127
207.855
207.8622
207.7986
207.8757
207.7959
207.7039
207.8519
207.6758
207.4897
207.4924
207.5488
207.5484
207.5567
207.5622
207.4185
207.4478
207.4863
207.447
207.3271
207.2123
207.1971
207.1709
207.154
207.1535
207.1531
207.1522
207.1537
207.1433
207.1362
207.2216
207.2798
207.1749
207.1631
207.2263
207.3408
207.2844
207.3166
207.2186
207.2596
207.2887
207.233
207.2736
207.3006
207.145
207.1608
207.1271
207.1156
207.0615
206.8272
206.6809
206.4552
206.4469
206.2986
206.2326
206.2023
206.1091
206.0853
205.9918
205.848
205.6679
205.6224
205.6104
205.6104
205.6149
205.6076
205.6091
205.5863
205.5939
205.5987
205.5624
205.5466
205.3911
205.0945
205.0219
205.0349
204.8984
204.8773
204.805
204.7811
204.669
204.6923
204.6597
204.663
204.6374
204.6273
204.533
204.4582
204.4768
204.4299
204.4536
204.4419
204.5481
204.3597
204.267
204.2341
203.9702
204.0487
203.7489
203.5993
203.3382
203.0921
202.7162
202.4082
202.2978
202.2074
202.163
202.1829
202.1844
202.1564
201.943
201.9907
201.9773
201.931
201.9456
201.9025
201.8495
201.9187
201.8884
201.8591
201.8554
201.9084
201.9933
201.9962
201.9908
202.0421
202.0247
202.0536
201.9444
201.875
201.7274
201.5723
201.5041
201.3701
201.2052
201.0709
200.9807
200.9153
200.9107
200.8771
200.8283
200.8406
200.8262
200.7003
200.8013
200.6033
200.5356
200.4262
200.4257
200.4267
200.4725
200.495
200.592
200.4239
200.5265
200.612
200.4971
200.3552
200.3425
200.4367
200.3448
200.2286
200.0702
199.9627
199.8169
199.64
199.6025
199.3722
199.1302
198.9211
198.828
198.7006
198.5707
198.3853
198.3079
198.245
198.1293
198.0301
198.0332
197.9492
197.8821
197.8396
197.8284
197.7597
197.6908
197.6458
197.6201
197.6139
197.6081
197.6081
197.6081
197.6081
197.6116
197.6192
197.6068
197.6169
197.6805
197.6709
197.7471
197.6708
197.7066
197.7372
197.7321
197.7035
197.6756
197.6818
197.6885
197.7112
197.8847
197.7956
197.7119
197.7525
197.6845
197.7825
197.6889
197.7897
197.7931
197.7686
197.6259
197.5119
197.3221
197.3507
197.3416
197.502
197.2781
197.0103
196.9228
197.0179
196.9542
196.8975
196.8525
196.7724
196.5135
196.3757
196.3481
196.278
196.1425
196.1176
196.1458
196.1242
196.1016
196.1426
196.2109
196.0774
196.13
196.1152
196.0318
196.0155
196.0844
196.0585
195.9982
196.0309
196.011
196.0469
195.981
196.0041
196.0142
196.008
195.9765
195.9129
195.6481
195.363
195.3242
195.2569
195.2934
195.2662
195.2403
195.2958
195.2327
195.2286
195.2057
195.1558
195.2946
195.2187
195.2851
195.2062
195.1648
195.1177
195.0389
195.0381
194.7591
194.7169
194.6264
194.6277
194.622
194.622
194.622
194.622
194.622
194.6342
194.6214
194.6313
194.6852
194.677
194.5772
194.6368
194.3977
194.2208
194.2986
194.2812
194.3052
194.27
194.2827
194.3124
194.2849
194.3178
194.3075
194.3321
194.2803
194.2467
194.2973
194.2821
194.2889
194.1345
193.9664
193.9235
193.9235
193.9235
193.9346
193.9266
193.9235
193.9235
193.9358
193.9235
193.9235
193.9338
193.9235
193.9235
193.9235
193.9235
193.9316
193.9235
193.932
193.9272
193.9578
193.924
193.9402
193.9279
193.9235
193.9235
193.9235
193.9235
193.9235
193.9433
193.9188
193.9234
193.9606
194.007
193.9069
193.9325
193.8829
193.8031
193.8079
193.8334
193.8533
193.8085
193.859
193.825
193.7603
193.7643
193.7373
193.7583
193.6199
193.4331
193.403
193.3192
193.0267
193.014
193.1631
193.1333
193.0516
192.9649
192.8995
192.6793
192.5878
192.5729
192.5034
192.4062
192.2847
192.1035
192.0507
192.0516
191.9375
191.8555
191.8076
191.6688
191.5777
191.5315
191.4848
191.3767
191.2172
191.1795
191.1731
191.1609
191.1657
191.1114
191.0957
191.0912
191.0912
191.0912
191.0974
191.0912
191.117
191.0912
191.0912
191.1057
191.0912
191.0912
191.0981
191.0877
191.0711
191.0628
191.0323
190.9212
190.7448
190.7529
190.7238
190.7449
190.7383
190.6693
190.5795
190.5952
190.5795
190.5962
190.5795
190.5795
190.5795
190.5795
190.5862
190.5795
190.5795
190.5795
190.5791
190.5936
190.5754
190.6519
190.7191
190.6667
190.7145
190.8242
190.8569
190.8089
190.8593
190.8573
190.592
190.5378
190.4305
190.4774
190.4369
190.285
190.1979
189.9839
189.9839
189.9839
189.987
189.9882
189.9839
189.9905
189.9839
189.992
189.9937
189.9839
189.9839
189.9839
189.9839
189.9839
190.0087
189.9839
189.9839
189.9828
189.9777
189.9988
189.9615
190.069
190.0026
190.0286
189.9503
189.7391
189.6298
189.5147
189.1736
189.0635
189.0921
189.0834
189.111
189.0683
189.1042
189.127
189.1331
189.2121
189.2191
189.1186
189.1708
189.1618
189.1931
189.2094
189.2257
189.2621
189.187
189.2491
189.2449
189.0807
189.1969
189.1965
189.0044
188.9076
188.7085
188.541
188.3642
188.2253
188.1912
188.0011
187.808
187.7938
187.8111
187.7486
187.6879
187.6491
187.5447
187.5001
187.3686
187.2776
187.2713
187.3082
187.3378
187.2639
187.3214
187.2182
187.1209
187.1659
187.2397
187.1555
187.1582
187.0868
187.1
187.0785
186.9124
186.9047
186.7914
186.7508
186.6366
186.5516
186.5667
186.5083
186.4402
186.3544
186.254
186.2406
186.2189
186.2121
186.1974
186.2227
186.2004
186.1904
186.2338
186.3101
186.385
186.4781
186.349
186.3949
186.3493
186.2633
186.1949
186.2139
186.1514
186.1176
186.1261
186.0277
186.0731
185.8896
185.6674
185.4339
185.4123
185.4315
185.4581
185.4965
185.2685
185.0994
185.0335
184.9122
184.923
184.8305
184.8448
184.9095
184.7874
184.8758
184.6709
184.51
184.3469
184.3154
184.2961
184.2662
184.0801
184.0473
184.168
184.0585
183.9602
183.9319
183.9855
183.7966
183.7887
183.6351
183.6387
183.5725
183.5649
183.4414
183.3651
183.2596
183.1424
183.0727
182.9675
183.0175
182.9481
182.906
182.7882
182.5952
182.5832
182.6146
182.6354
182.5864
182.6105
182.6364
182.5649
182.4948
182.3295
182.3287
182.3892
182.327
182.3789
182.2374
182.1814
182.183
182.0586
182.0314
181.9432
181.9653
181.8679
181.8378
181.816
181.6519
181.6019
181.5798
181.497
181.492
181.4118
181.3126
181.3126
181.3126
181.3188
181.3126
181.3175
181.3185
181.3126
181.3126
181.3126
181.3126
181.3126
181.3199
181.3126
181.3204
181.3213
181.3126
181.324
181.3126
181.3218
181.3126
181.3126
181.3107
181.3088
181.3053
181.3982
181.404
181.3866
181.3485
181.1739
181.1075
181.1015
181.0689
181.0616
180.9978
180.983
180.9099
180.8466
180.8161
180.8118
180.8099
180.832
180.8041
180.8286
180.7963
180.7973
180.8338
180.8115
180.8269
180.8034
180.8719
180.7534
180.6758
180.6453
180.6419
180.6417
180.5946
180.5529
180.4434
180.4731
180.4849
180.5036
180.4044
180.3503
180.3992
180.352
180.4293
180.4153
180.2814
180.2301
180.2212
180.1107
180.1765
180.113
179.9928
179.9098
179.8056
179.7512
179.6167
179.4618
179.2611
179.1181
179.0303
179.0202
179.115
179.0061
178.9506
179.0152
178.8395
178.6909
178.6358
178.5203
178.4096
178.4082
178.3655
178.2997
178.1779
178.1384
178.123
178.0826
178.0165
178.0274
178.0248
178.0161
177.9752
177.9736
177.9492
177.93
177.8888
177.7949
177.7987
177.7822
177.7822
177.7857
177.7822
177.7822
177.7822
177.7991
177.7816
177.7949
177.7799
177.787
177.7933
177.8398
177.7357
177.7475
177.7575
177.778
177.737
177.7262
177.781
177.7983
177.8185
177.8755
177.8005
177.832
177.7944
177.9286
177.9078
177.7985
177.8614
177.8141
177.7566
177.7641
177.6017
177.5519
177.5742
177.6267
177.5137
177.3477
177.2916
177.2442
177.2833
177.2442
177.278
177.2442
177.2509
177.2442
177.2442
177.2442
177.2442
177.2442
177.2442
177.2442
177.2442
177.2442
177.2442
177.2509
177.2554
177.2442
177.2442
177.2442
177.2478
177.2442
177.2442
177.2434
177.2743
177.253
177.3361
177.3427
177.3601
177.3575
177.3551
177.2951
177.3366
177.2979
177.2713
177.348
177.3207
177.2961
177.3286
177.3245
177.3017
177.295
177.3274
177.2147
177.151
177.0712
176.9707
177.0387
177.0704
176.9884
176.9509
176.9222
176.8647
176.9221
176.8484
176.8347
176.7677
176.6937
176.7503
176.5191
176.4839
176.4461
176.37
176.2754
176.1804
176.0053
175.6854
175.5224
175.4978
175.3588
175.1483
175.1475
175.147
175.1412
175.1412
175.1783
175.1412
175.1615
175.1412
175.1412
175.1658
175.1412
175.1449
175.1412
175.1412
175.1412
175.1412
175.1412
175.1475
175.1434
175.1423
175.1412
175.1494
175.1412
175.1412
175.151
175.1772
175.1412
175.1412
175.1412
175.1513
175.1412
175.1412
175.1439
175.1722
175.1559
175.1412
175.1412
175.1467
175.1412
175.138
175.165
175.1362
175.17
175.1627
175.1411
175.1868
175.1063
175.0164
174.8513
174.932
174.9502
174.9907
174.8309
174.6458
174.6323
174.6286
174.6061
174.5688
174.4257
174.34
174.341
174.3185
174.3185
174.3241
174.3259
174.3185
174.3185
174.3185
174.3179
174.3294
174.3273
174.327
174.3779
174.345
174.308
174.3539
174.2074
174.1777
174.0935
174.1005
174.1005
174.1532
174.1137
174.0647
174.031
174.031
174.0373
174.031
174.0481
174.031
174.0522
174.0353
174.031
174.031
174.031
174.031
174.031
174.031
174.0417
174.031
174.0422
174.0331
174.0651
174.0395
174.0697
174.0789
174.1231
174.1042
174.2092
174.1103
174.0533
174.0865
174.0109
173.8751
173.7154
173.5186
173.3156
173.2162
173.1611
173.1583
173.1627
173.1483
173.0443
173.0918
172.9977
173.0132
173.07
173.016
172.8759
172.6711
172.4037
172.1894
172.129
172.1252
172.1178
172.1022
172.0961
172.1026
172.133
172.1015
172.0614
172.0298
171.953
171.9048
171.8382
171.8074
171.8478
171.7897
171.7722
171.7241
171.5859
171.3634
171.2917
171.3529
171.3418
171.3023
171.2838
171.3136
171.417
171.4707
171.5285
171.3087
171.3922
171.3799
171.1346
171.1018
171.2422
171.085
171.0812
170.8997
170.7625
170.7134
170.6904
170.6738
170.614
170.5879
170.5427
170.5296
170.502
170.396
170.3776
170.3083
170.2903
170.3969
170.3516
170.3208
170.3301
170.1931
170.101
169.9276
170.0142
170.0771
170.1578
169.8617
169.7468
169.7422
169.7899
169.846
169.8016
169.744
169.47
169.3849
169.4419
169.5004
169.4233
169.4209
169.4502
169.4545
169.4687
169.4468
169.3647
169.0847
168.9034
168.7734
168.7738
168.749
168.7237
168.6805
168.6786
168.6835
168.6786
168.6829
168.7023
168.6786
168.6786
168.6748
168.671
168.6633
168.6799
168.6212
168.6228
168.5325
168.4307
168.2636
168.178
168.1693
168.1678
168.1742
168.1964
168.1656
168.1484
168.1343
168.0363
168.0216
168.0281
168.0216
168.0315
168.0216
168.0216
168.039
168.0216
168.0216
168.0216
168.0301
168.0287
168.031
168.0247
168.0276
168.0367
168.0559
168.1213
168.2424
168.1696
168.3283
168.0866
168.0211
168.0422
168.0211
168.0211
168.03
168.0211
168.0211
168.0383
168.0315
168.0209
168.0448
168.0383
168.0836
168.0511
168.1357
168.0888
168.2171
168.2284
168.2278
168.0317
168.1201
168.0722
168.0932
168.1539
168.1509
168.0686
168.2266
168.1099
168.1204
167.9736
167.9486
167.9188
167.7636
167.8167
167.7065
167.6903
167.7023
167.623
167.7347
167.6858
167.62
167.5479
167.6467
167.5624
167.6139
167.6077
167.5596
167.5171
167.2605
167.3381
167.3788
167.2416
167.1722
167.0558
166.8128
166.8085
166.8904
166.82
166.5946
166.6296
166.526
166.7311
166.5162
166.5284
166.3062
166.0767
166.015
166.0069
165.9989
166.0249
166.0008
166.0156
165.9677
165.9763
165.8719
165.8125
165.8104
165.8205
165.822
165.8327
165.846
165.817
165.8284
165.8749
165.9341
165.8809
165.8372
165.8118
165.801
165.696
165.6266
165.6188
165.6383
165.7211
165.6386
165.6467
165.6183
165.6077
165.7526
165.7355
165.6858
165.587
165.4264
165.239
165.0748
165.0174
164.8893
164.845
164.7433
164.7016
164.67
164.6746
164.6408
164.6406
164.6401
164.6632
164.6375
164.6368
164.6431
164.6906
164.764
164.712
164.7408
164.7861
164.6985
164.6074
164.6245
164.6337
164.5428
164.4893
164.3029
164.1365
164.0226
163.9404
163.8884
163.8193
163.8037
163.6695
163.5723
163.5688
163.5614
163.5866
163.5452
163.5678
163.4712
163.4427
163.4357
163.4608
163.3955
163.3816
163.4375
163.4451
163.3669
163.1191
163.1267
163.1185
163.1114
163.0792
163.0792
163.0792
163.0792
163.0792
163.0792
163.0874
163.0792
163.1265
163.1377
163.0987
163.1722
163.2519
163.1093
163.191
163.1237
163.1793
163.0892
163.1981
163.0935
163.0796
163.1567
163.089
163.0397
163.0018
162.9832
162.9513
162.92
162.9248
162.8902
162.8653
162.8438
162.871
162.8438
162.8438
162.8438
162.8649
162.8542
162.8438
162.8438
162.8521
162.8438
162.8558
162.8629
162.8438
162.8438
162.8628
162.8438
162.8499
162.841
162.8712
162.8849
162.9615
162.8388
162.9485
162.8181
162.5224
162.5224
162.5222
162.5251
162.5218
162.5887
162.6235
162.6164
162.5929
162.6685
162.6332
162.6171
162.6559
162.5674
162.5507
162.6171
162.713
162.7303
162.6314
162.6157
162.6141
162.5697
162.5907
162.5258
162.4163
162.298
162.2178
162.1139
162.1217
162.0962
162.0923
162.0801
162.0801
162.0801
162.0801
162.0844
162.0838
162.0801
162.0923
162.0801
162.0801
162.0801
162.0801
162.0801
162.0801
162.0801
162.0801
162.0801
162.0801
162.0801
162.0801
162.0801
162.0801
162.0801
162.0801
162.0801
162.0801
162.0801
162.1085
162.0801
162.083
162.0934
162.0877
162.0792
162.1342
162.1308
162.1106
162.1575
162.1536
162.2279
162.0795
161.9831
161.9491
161.9311
161.8854
161.7645
161.7319
161.5022
161.4869
161.4869
161.4869
161.4856
161.4831
161.481
161.4791
161.4945
161.446
161.3578
161.3578
161.3578
161.3578
161.3638
161.3785
161.3578
161.3578
161.3578
161.3578
161.3683
161.3578
161.3663
161.3779
161.3578
161.3578
161.3578
161.3661
161.3578
161.3691
161.3578
161.3553
161.3865
161.4483
161.4163
161.391
161.4714
161.4871
161.572
161.4588
161.5003
161.5308
161.4655
161.502
161.495
161.4222
161.4221
161.5131
161.4952
161.4101
161.4371
161.4253
161.4265
161.4177
161.4483
161.4799
161.4635
161.4574
161.4264
161.4681
161.4744
161.421
161.5138
161.3855
161.3948
161.4371
161.1827
161.0771
161.0944
161.1228
161.1969
161.1691
161.1595
161.1577
161.0221
161.1224
161.0187
160.9225
160.7393
160.7359
160.6928
160.6007
160.4119
160.3092
160.2987
160.2985
160.313
160.3483
160.3812
160.3403
160.3219
160.3869
160.4866
160.506
160.604
160.5715
160.2971
160.3131
160.3277
160.3069
160.2983
160.3395
160.3142
160.3154
160.3041
160.3178
160.3467
160.3188
160.3382
160.2762
160.2843
160.2954
160.3624
160.2959
160.2762
160.2998
160.2977
160.2762
160.317
160.2742
160.298
160.2898
160.406
160.2691
160.2623
160.3154
160.2622
160.0945
160.1321
160.2238
160.2003
160.1206
160.0518
160.0153
160.0876
159.8481
159.7334
159.6308
159.6868
159.5991
159.5247
159.351
159.146
159.0967
159.0595
159.0266
158.8939
158.8504
158.8412
158.8412
158.8484
158.8616
158.8412
158.8412
158.8558
158.8412
158.8412
158.852
158.855
158.8405
158.8399
158.8672
158.9046
158.9857
159.0163
159.0633
159.0486
158.9402
158.9045
158.7831
158.6041
158.5607
158.2943
158.229
158.2315
158.232
158.2503
158.2233
158.2233
158.2363
158.2233
158.2233
158.2233
158.2233
158.2273
158.2233
158.2333
158.2191
158.2066
158.2195
158.1836
158.1082
157.9984
157.9238
157.7928
157.6947
157.6719
157.6441
157.6322
157.6007
157.5694
157.5831
157.5614
157.5309
157.5336
157.4248
157.292
157.2885
157.3071
157.285
157.2909
157.2902
157.2942
157.2982
157.2888
157.285
157.285
157.285
157.2963
157.2926
157.2906
157.3003
157.285
157.285
157.285
157.285
157.285
157.285
157.3022
157.285
157.285
157.3204
157.285
157.285
157.2885
157.285
157.2938
157.285
157.2934
157.285
157.296
157.285
157.285
157.285
157.2811
157.2809
157.315
157.3353
157.3475
157.4124
157.2926
157.0314
157.0188
157.1078
157.1166
157.0573
156.9397
156.9344
156.9488
156.7723
156.6923
156.6254
156.6177
156.6025
156.5692
156.5775
156.5658
156.5658
156.5677
156.5658
156.5658
156.5688
156.5658
156.5657
156.5811
156.6212
156.5992
156.676
156.6635
156.7517
156.5515
156.5309
156.3954
156.3503
156.3586
156.3381
156.3327
156.3049
156.223
156.1137
156.1104
156.1034
156.1037
156.1015
156.0958
156.0958
156.0958
156.1041
156.0958
156.1039
156.0958
156.0958
156.0958
156.1013
156.102
156.0958
156.0958
156.0993
156.0983
156.1011
156.0958
156.0958
156.0958
156.0958
156.105
156.1129
156.0958
156.0958
156.0958
156.0958
156.1065
156.0958
156.0958
156.0958
156.0958
156.0958
156.1024
156.0958
156.0958
156.0958
156.0958
156.1115
156.0958
156.0958
156.0958
156.0958
156.0958
156.0958
156.0958
156.1037
156.0958
156.0958
156.0958
156.0958
156.0958
156.0958
156.0958
156.0958
156.1058
156.0958
156.0958
156.0958
156.0958
156.1046
156.0958
156.0958
156.0958
156.1028
156.0958
156.0958
156.0958
156.0958
156.0958
156.106
156.1059
156.0958
156.0941
156.0941
156.1181
156.1083
156.1521
156.0925
156.1278
156.1314
156.1186
156.1165
156.2109
156.2113
156.0988
156.2344
156.1946
156.2168
156.1737
156.2099
156.2107
156.1772
156.1829
156.3393
156.3662
156.4519
156.2417
156.4526
156.2289
156.3181
156.2336
156.5073
156.3713
156.2263
156.0919
155.8726
155.9263
155.8619
155.8594
155.8498
155.8477
155.7995
155.8272
155.6879
155.5216
155.6338
155.5362
155.4867
155.4444
155.5086
155.4398
155.3838
155.3825
155.3593
155.2548
155.1933
155.1084
155.0216
155.0376
155
154.9274
154.8271
154.8638
154.8738
154.7801
154.7801
154.7801
154.7801
154.7801
154.7801
154.7859
154.7801
154.7975
154.7801
154.7801
154.7801
154.7801
154.7801
154.7801
154.7801
154.7801
154.7801
154.7801
154.7801
154.7801
154.7801
154.7801
154.7801
154.7801
154.7801
154.7904
154.7801
154.7801
154.7801
154.7801
154.7801
154.7807
154.7801
154.7801
154.7957
154.7787
154.7773
154.7732
154.7593
154.7689
154.7171
154.6429
154.6429
154.6429
154.6429
154.6429
154.6534
154.6429
154.6429
154.6631
154.6429
154.6429
154.6429
154.6429
154.6429
154.6519
154.6454
154.6429
154.6429
154.6429
154.6429
154.658
154.6429
154.6429
154.6429
154.6475
154.6429
154.6429
154.6761
154.6429
154.6429
154.6429
154.6429
154.647
154.6429
154.6429
154.6429
154.6429
154.6429
154.6429
154.6429
154.6429
154.6429
154.6429
154.6429
154.6429
154.6429
154.6511
154.6429
154.6429
154.651
154.6429
154.6568
154.6429
154.6643
154.6557
154.6429
154.6429
154.6429
154.6687
154.6429
154.6429
154.6429
154.6429
154.6429
154.6429
154.6429
154.6429
154.6414
154.6384
154.6388
154.6674
154.6987
154.5747
154.471
154.38
154.3109
154.3152
154.3109
154.3109
154.3109
154.3194
154.3212
154.3109
154.3185
154.3109
154.3196
154.3109
154.3109
154.3232
154.3109
154.3195
154.3109
154.3109
154.3109
154.3109
154.3109
154.3109
154.3209
154.3109
154.3172
154.3109
154.3109
154.3109
154.3109
154.3109
154.3109
154.3109
154.3247
154.3784
154.3675
154.3703
154.3373
154.3286
154.3455
154.3164
154.3261
154.3134
154.326
154.3331
154.3145
154.3497
154.3952
154.3098
154.341
154.3315
154.3929
154.3316
154.371
154.402
154.3078
154.3694
154.4038
154.4254
154.4707
154.4859
154.4905
154.3632
154.5206
154.5121
154.5521
154.6569
154.514
154.4093
154.2254
154.2124
154.1639
154.1058
154.0645
154.0506
153.8874
153.8689
153.8689
153.8689
153.8689
153.9023
153.8689
153.8689
153.8689
153.8689
153.8689
153.8689
153.8689
153.8689
153.8689
153.8664
153.8734
153.8808
153.9189
153.9221
153.9387
153.9116
154.0429
154.0536
154.1067
154.0104
154.0254
153.9823
153.8316
153.6778
153.4506
153.4506
153.4568
153.4506
153.4506
153.4546
153.4506
153.4506
153.4506
153.457
153.4737
153.4619
153.4555
153.4604
153.5275
153.5435
153.547
153.5283
153.5564
153.5386
153.4648
153.3943
153.2585
153.1764
153.1603
153.1657
153.1538
153.1424
153.1268
153.0978
153.0472
152.9885
152.8316
152.7728
152.7898
152.7899
152.7721
152.7713
152.7675
152.8434
152.8361
152.9026
152.9406
152.8699
152.7012
152.8162
152.7115
152.6217
152.464
152.4565
152.48
152.4565
152.4699
152.4565
152.4565
152.4565
152.4565
152.4565
152.4565
152.4565
152.4565
152.4565
152.4628
152.4565
152.4565
152.4787
152.4565
152.4565
152.4565
152.4643
152.4558
152.4857
152.4544
152.46
152.5413
152.5453
152.5425
152.384
152.3808
152.395
152.3687
152.3586
152.3203
152.2828
152.284
152.2828
152.2828
152.2828
152.2828
152.2828
152.303
152.2828
152.2828
152.2828
152.2828
152.2828
152.2876
152.2828
152.2828
152.2828
152.2828
152.2828
152.2828
152.2828
152.2828
152.2929
152.2828
152.3133
152.2828
152.2828
152.2943
152.2828
152.2828
152.2828
152.2828
152.2834
152.2828
152.2828
152.2828
152.2828
152.2828
152.2828
152.2828
152.3166
152.2828
152.2809
152.3189
152.3443
152.3706
152.3129
152.3323
152.345
152.3826
152.3793
152.3619
152.397
152.3726
152.3283
152.3093
152.398
152.3779
152.4048
152.3021
152.2945
152.318
152.3081
152.3976
152.3129
152.3692
152.2901
152.1935
152.095
151.9043
151.8123
151.8369
151.8123
151.8123
151.8123
151.8123
151.8197
151.8123
151.8261
151.8123
151.8123
151.8123
151.8123
151.8123
151.8202
151.8123
151.8123
151.8117
151.8808
151.8155
151.856
151.8953
151.9304
151.908
152.14
152.0197
151.8365
151.6993
151.5108
151.3534
151.2466
151.2466
151.2466
151.2466
151.2466
151.2466
151.2466
151.2466
151.2463
151.282
151.3081
151.2836
151.3054
151.3477
151.2923
151.378
151.3165
151.3273
151.4031
151.3508
151.3628
151.2657
151.2131
151.0611
151.0032
150.8564
150.7384
150.5543
150.5543
150.5733
150.5543
150.5543
150.5589
150.5543
150.5771
150.5543
150.5778
150.5543
150.5543
150.5543
150.5543
150.5543
150.5887
150.5543
150.5543
150.5792
150.5704
150.5543
150.5543
150.5543
150.5543
150.5543
150.5543
150.5543
150.5541
150.5605
150.5587
150.5541
150.5539
150.6015
150.5837
150.5664
150.6066
150.5834
150.6245
150.5357
150.4947
150.3516
150.2609
150.2604
150.2591
150.1987
150.1957
150.1796
150.1699
150.1562
150.1331
150.1285
150.1285
150.1285
150.1285
150.1285
150.1334
150.1285
150.1285
150.1285
150.1285
150.1285
150.1285
150.1285
150.1285
150.1362
150.1365
150.1497
150.1285
150.1285
150.1285
150.1285
150.1285
150.1285
150.1554
150.1285
150.1285
150.1285
150.1285
150.1457
150.1285
150.1285
150.1285
150.1285
150.1285
150.1285
150.1406
150.1285
150.1285
150.1285
150.1285
150.1285
150.1285
150.1285
150.1311
150.1285
150.1285
150.1367
150.1285
150.1262
150.123
150.1473
150.1398
150.1328
150.1408
150.1159
150.0202
149.8155
149.7636
149.7636
149.7636
149.7636
149.7636
149.7636
149.7636
149.7636
149.7908
149.7805
149.7632
149.7685
149.7964
149.837
149.8827
149.8918
149.8691
149.8684
149.8383
149.9254
149.9945
149.9115
149.9075
149.7641
149.5724
149.4722
149.5186
149.4645
149.4044
149.36
149.36
149.3724
149.36
149.3694
149.3676
149.36
149.368
149.36
149.36
149.3667
149.3711
149.36
149.36
149.36
149.36
149.36
149.36
149.36
149.3723
149.36
149.36
149.36
149.36
149.3629
149.36
149.3607
149.36
149.36
149.3651
149.3811
149.36
149.3884
149.36
149.3616
149.3639
149.36
149.3587
149.3872
149.391
149.3813
149.3731
149.3692
149.4205
149.472
149.4364
149.5255
149.4528
149.4809
149.4349
149.4722
149.3888
149.1608
149.231
149.1854
149.1093
149.0079
148.9447
148.8904
148.9356
148.9107
148.9629
148.8869
148.9009
148.9187
148.8392
148.657
148.657
148.657
148.657
148.6663
148.657
148.657
148.6748
148.657
148.6617
148.6768
148.657
148.657
148.657
148.657
148.657
148.664
148.6729
148.657
148.6786
148.657
148.657
148.657
148.657
148.6655
148.6556
148.6699
148.6723
148.691
148.6765
148.6693
148.5867
148.5867
148.5867
148.5923
148.5983
148.5867
148.6043
148.5867
148.5867
148.5866
148.5866
148.5859
148.5867
148.5813
148.6078
148.5714
148.577
148.5812
148.5781
148.5693
148.5806
148.5839
148.5882
148.5693
148.576
148.5756
148.5909
148.5682
148.5761
148.5714
148.567
148.6534
148.6765
148.689
148.6769
148.636
148.6444
148.5922
148.4937
148.4457
148.4317
148.4685
148.5018
148.421
148.3929
148.3929
148.3929
148.4005
148.4152
148.3929
148.3958
148.3929
148.4013
148.3994
148.412
148.3922
148.3916
148.4006
148.4146
148.4134
148.4497
148.408
148.3866
148.3282
148.3428
148.365
148.4745
148.4961
148.461
148.5316
148.466
148.4955
148.4845
148.5145
148.5038
148.4947
148.5407
148.5624
148.5656
148.5501
148.4165
148.4567
148.3904
148.433
148.4556
148.498
148.4439
148.5298
148.4511
148.5758
148.4419
148.6051
148.4887
148.3874
148.3994
148.3692
148.5092
148.4182
148.3851
148.3665
148.3917
148.2925
148.4341
148.277
148.2896
148.3171
148.4411
148.3861
148.229
148.108
148.1645
148.095
148.1309
148.059
148.151
148.0365
147.9583
147.9409
147.9398
147.9378
147.939
147.9397
147.994
147.9801
148.0647
148.0284
148.0118
148.0047
147.9908
148.0207
147.9731
148.0115
147.9005
147.8606
147.7582
147.7528
147.7707
147.7646
147.7461
147.8773
147.8609
147.7648
147.7937
147.8192
147.9097
147.8558
148.0501
147.9277
147.941
147.9276
147.932
147.9194
147.9299
148.0751
148.0273
148.0202
148.1708
148.1669
148.2238
148.0687
147.9352
147.952
148.0226
148.0032
147.9597
147.8508
147.6581
147.6461
147.3934
147.2925
147.2504
147.2683
147.264
147.2639
147.2432
147.2249
147.2439
147.1718
147.1898
147.1792
146.9726
146.8847
146.7492
146.683
146.6527
146.608
146.5915
146.5136
146.459
146.4569
146.4638
146.4666
146.4765
146.4784
146.4338
146.3947
146.3901
146.3853
146.3361
146.3391
146.3447
146.3726
146.4683
146.4261
146.3987
146.4076
146.4347
146.3938
146.386
146.4836
146.479
146.4986
146.7021
146.74
146.5547
146.4502
146.4936
146.3764
146.4047
146.3245
146.4166
146.403
146.3823
146.4493
146.3466
146.4086
146.4124
146.4186
146.4765
146.4427
146.6244
146.6629
146.5943
146.7602
146.7326
146.6707
146.6879
146.5002
146.2626
146.3663
146.2189
146.3812
146.305
146.2714
146.1178
145.9863
145.9863
145.9863
145.9863
146.0011
145.9863
146.0006
145.9863
145.9863
145.9863
145.9921
145.9863
146.0125
145.9863
145.9863
146.0142
145.9863
145.9863