501.1536
497.5531
496.5145
491.9459
491.9459
488.3597
488.3597
485.6479
485.6479
480.4842
480.4842
480.4842
480.4842
479.7151
478.9818
474.9584
472.9818
472.9818
472.9818
472.9818
472.9818
472.9818
470.6228
466.2267
462.9052
462.9052
462.9052
462.764
460.4402
459.0198
459.0198
457.4272
457.3658
455.352
452.6817
452.6817
450.2535
449.4488
447.7876
447.7876
446.4925
445.0706
444.785
444.785
444.785
443.204
442.9253
442.7745
440.9669
439.3188
438.9296
438.4762
436.1875
436.1875
435.1057
432.3963
432.3963
430.1033
428.4339
428.0604
428.0604
425.7853
425.6094
425.6094
425.6094
422.8906
422.8906
422.8906
422.1325
420.6654
419.8324
418.5034
418.5034
415.9724
415.6284
415.6284
415.6284
414.5692
413.5276
413.3513
411.6036
411.6036
408.2893
408.2893
408.2893
408.2893
407.8817
407.3846
407.1158
407.1158
407.1158
406.8248
406.8248
405.9195
405.8751
404.2583
401.3766
400.7063
400.7063
400.5296
399.9587
399.0881
399.0272
398.4508
397.6231
396.5938
395.3613
393.4193
393.4193
393.4193
393.4193
393.4193
391.8801
391.8801
391.0177
391.0177
391.0177
390.8968
390.1373
390.1373
390.1373
388.4596
388.4596
388.4596
387.7319
387.3525
387.3525
387.1819
386.909
385.4933
385.4933
384.4977
383.142
383.142
383.142
382.196
381.1915
381.1915
381.1915
381.1915
380.8371
378.7728
378.7728
378.7728
378.2692
377.9008
377.9008
376.9912
376.8399
375.478
375.478
373.9595
373.8696
373.693
373.693
373.3669
373.3669
372.0123
372.0123
371.0361
370.9258
370.7351
369.9465
369.9465
369.9465
369.9465
369.9465
369.631
369.631
369.0625
369.0625
369.0577
369.0577
368.4002
368.4002
368.4002
368.0782
368.0782
368.0782
368.0782
368.0782
368.0782
368.0782
367.4388
366.7707
366.7707
366.7707
365.2484
365.2484
365.2484
365.2484
365.2484
364.3593
364.3593
363.9859
363.9859
363.9859
363.0123
363.0123
363.0123
362.3583
361.5372
360.2082
359.7921
359.7921
358.8799
358.2798
357.8529
357.2862
356.6518
355.4692
354.2566
353.2201
353.2201
352.4218
352.4218
352.4218
352.4218
351.9825
351.2581
350.2093
349.4627
349.4627
349.4627
349.4627
349.4627
349.0876
349.0876
349.0876
348.9037
348.5562
347.8297
346.9826
346.9826
346.9826
346.9048
346.6021
346.0902
345.8975
344.9105
344.609
344.5873
344.5873
344.4015
342.9772
342.9772
342.9772
342.5098
341.8825
341.8825
341.3826
340.974
339.9205
339.9097
339.9097
338.4007
338.4007
338.09
337.8919
337.5203
337.5203
337.5203
336.0212
336.0212
336.0212
335.7757
335.4485
335.4485
335.2907
335.2907
334.3508
334.3508
334.0832
334.0832
333.2778
333.154
333.154
332.687
332.1236
329.4161
329.4161
329.4161
329.4161
329.4161
329.4161
328.8545
328.1674
328.0944
327.7165
327.7165
326.5084
326.5084
325.5164
325.5164
325.2574
325.2574
324.8231
324.4503
324.2487
323.8873
323.6722
323.1405
323.1391
322.6513
321.9639
321.5119
321.5119
321.0813
320.7752
320.7534
320.5233
319.77
319.7674
319.2498
318.7519
318.3919
318.3366
317.7736
317.6377
316.7555
316.6812
316.5995
316.3912
315.4335
315.2755
315.2755
314.4029
314.4029
313.8939
313.8912
313.5842
313.3387
313.0252
312.4612
312.0899
311.6629
311.6629
311.3142
310.9669
310.3059
310.3059
310.1603
310.082
309.6212
308.9953
308.9953
308.8089
308.639
308.2349
308.0081
308.0081
308.0081
307.9405
307.6154
307.5139
307.429
307.2992
307.071
307.0423
306.8806
306.7208
306.7208
306.7127
306.2079
306.1931
306.1621
306.1422
305.9996
305.9022
305.7051
305.7051
305.4424
305.3952
304.3909
304.3909
303.9322
303.9322
303.8266
303.7187
303.3947
302.8342
302.8342
302.7292
302.7292
301.6572
301.6572
301.6572
301.6572
301.5876
301.2865
300.9867
300.554
300.2887
299.9417
299.9417
299.0245
299.0245
299.0245
299.0245
298.2252
298.2252
298.2252
298.2252
297.8849
297.4868
297.3269
296.6206
296.3581
296.3581
295.7834
295.7834
295.7834
295.2714
294.9857
294.9857
294.9857
294.7679
294.069
293.8897
293.8897
293.3514
293.3514
293.1625
293.1625
293.033
292.8071
292.8041
292.2322
291.9193
291.9193
291.5286
291.4379
290.7568
290.7568
290.7568
290.7568
290.444
290.444
290.444
290.3929
289.9509
289.7549
289.7549
289.7069
289.7069
289.0441
289.0441
288.9255
288.8114
288.8114
288.5423
288.1566
288.1566
287.6367
287.6367
287.3906
287.3906
287.2862
286.9101
286.8118
286.3618
286.3618
286.2763
286.1504
286.1504
286.1259
285.9144
285.651
285.651
285.5202
285.2692
284.577
284.577
284.577
284.3763
284.0306
284.0306
284.0306
284.0306
284.0306
283.9815
283.9815
283.9815
283.5688
283.0049
283.0049
282.9718
282.9545
282.9073
282.6434
282.1663
282.1663
282.1663
282.1663
282.1663
282.1663
281.421
281.421
281.421
281.421
281.2014
280.9452
280.6104
280.6104
280.6104
280.098
280.098
280.098
280.098
280.098
280.0626
280.0581
279.737
279.737
279.737
278.8722
278.8722
278.8722
278.8722
278.7968
278.3696
277.8755
277.8755
277.8755
277.8755
277.8595
277.4682
277.0645
277.0645
277.0645
277.0645
277.0645
276.8773
276.8773
276.2487
276.2431
276.2431
276.2431
276.1469
275.6327
275.6327
275.6327
275.3929
275.0005
275.0005
274.8313
274.8313
274.5226
274.5074
274.4368
274.4168
274.1496
274.1496
273.8232
273.8232
273.641
273.0412
273.0412
272.9547
272.7166
272.6682
272.5168
272.42
272.1594
272.0625
272.0625
271.8446
271.745
271.4871
271.4187
271.308
270.9177
270.6611
270.6611
270.6611
270.6611
270.6611
270.6611
270.5026
270.5026
270.5026
269.9208
269.9208
269.8631
268.9078
268.9078
268.8967
268.8967
268.2114
268.2114
268.2114
268.2114
268.2114
268.0794
268.0794
268.0794
267.6351
267.6351
267.6351
267.2596
267.2596
267.2596
267.2596
267.2596
266.7249
266.7249
266.6506
266.6506
266.4543
266.4543
266.4543
266.2329
266.0613
265.7237
265.4542
265.1949
265.0188
265.0188
264.9893
264.9893
264.74
264.3208
264.3208
264.3208
263.6645
263.6645
263.6248
263.4547
263.0704
263.0704
263.0704
263.0704
262.6812
262.6568
262.5133
262.0997
262.0997
262.0997
262.0997
261.8309
261.8309
261.8309
261.66
261.66
261.5869
261.5869
261.1494
261.1494
261.0928
261.0448
260.8491
260.8491
260.8491
260.8491
260.5229
260.5229
260.2036
260.0326
259.8229
259.6695
259.439
259.1425
259.1425
259.1268
258.9351
258.3657
258.3657
258.1555
257.6682
257.6682
257.6564
257.2653
257.2653
257.0579
256.9786
256.9734
256.9734
256.2569
256.0495
255.9156
255.9156
255.9156
255.4992
255.4992
255.4992
255.4992
255.4992
255.3645
255.3645
254.8698
254.2374
254.2374
254.2374
254.2374
254.0859
253.784
253.784
253.6047
253.5969
253.3451
253.3451
253.3451
253.2117
253.0252
252.857
252.5911
252.5911
252.56
252.1679
251.9049
251.9049
251.8848
251.6555
251.6054
251.1121
251.1121
251.1121
250.7369
250.7369
250.7369
250.7369
250.7369
250.4338
250.2815
250.2815
250.2815
249.9266
249.9266
249.9266
249.9266
249.6654
249.6654
249.6654
249.6654
249.5227
249.2705
249.1476
249.0069
248.9171
248.5364
248.4905
248.4905
248.4905
247.9442
247.9442
247.7066
247.7066
247.7066
247.6364
247.6364
247.6364
247.3432
247.3432
247.3432
247.1826
246.7726
246.6643
246.5053
246.2224
246.2224
246.2224
246.2224
246.2224
246.2224
246.2224
246.2224
246.2224
246.2224
246.2224
246.2224
246.2224
246.2224
246.2224
246.2224
246.2224
245.3705
245.3705
245.3705
245.347
245.2509
245.168
245.168
244.9162
244.4669
244.4669
244.4669
244.2162
243.9324
243.9324
243.4075
243.4075
243.1951
243.1951
243.1951
243.1951
242.9837
242.7114
242.7114
242.5759
242.4802
242.1014
242.1014
241.849
241.7276
241.7276
241.5971
241.4824
241.1599
241.1534
241.0181
240.8864
240.8864
240.6609
240.6609
240.4683
240.3614
240.2381
240.1112
239.6986
239.6986
239.6986
239.6986
239.6986
239.6986
239.4528
239.3972
239.3071
239.3071
239.0062
239.0062
239.0062
239.0062
239.0062
239.0062
239.0062
239.0062
239.0062
238.6086
238.6086
238.6086
238.6086
238.6086
238.6086
238.3424
238.3424
238.3424
238.1172
237.8877
237.8877
237.8877
237.2953
237.2953
237.1719
237.094
237.0811
236.901
236.8318
236.8318
236.8318
236.4395
236.4395
236.3533
236.183
236.183
235.7907
235.7907
235.7907
235.6971
235.2442
235.2442
235.2442
235.2063
235.042
234.9125
234.7634
234.7634
234.7634
234.7634
234.7634
234.7634
234.7634
234.7071
234.6864
234.5232
234.5232
234.4296
234.418
234.418
234.418
234.3285
233.8014
233.8014
233.8014
233.8014
233.7868
233.7868
233.7003
233.4153
233.4153
233.2301
233.0278
233.0278
232.5346
232.5346
232.5346
232.5346
232.1583
232.1013
232.0418
232.0418
232.0418
232.0418
231.9295
231.8802
231.8192
231.8192
231.7792
231.6089
231.5588
231.5588
231.5588
231.2251
231.2251
231.1751
231.1751
231.1751
231.1751
231.1751
231.1751
231.1751
231.1636
231.1392
231.0394
230.854
230.8189
230.8189
230.8189
230.5265
230.5265
230.5265
230.3118
230.3118
230.1462
229.5548
229.537
229.537
229.4249
229.3827
229.2479
229.1989
229.1908
228.5955
228.5955
228.4872
228.4872
228.4872
228.3987
228.3987
228.2904
228.2904
228.2325
228.2325
228.2325
227.9136
227.9136
227.9136
227.9136
227.7128
227.7128
227.6332
227.5506
227.5232
227.5232
227.5232
227.5232
227.5232
227.3709
227.3709
227.3709
227.3709
227.3709
227.3709
227.3709
227.3709
227.3709
227.3709
227.3709
227.2542
227.2542
226.8566
226.8566
226.6872
226.6662
226.663
226.5463
226.2896
226.2896
225.9793
225.7581
225.7581
225.7581
225.7581
225.7581
225.6434
225.6434
225.6434
225.6434
225.6434
225.6434
225.5654
225.5654
225.3917
225.3917
225.3917
225.3917
225.3917
225.2926
225.2926
225.2926
225.0285
225.0285
224.5321
224.5321
224.5321
224.5321
224.5321
224.3903
224.3903
224.3241
224.3241
223.9894
223.9894
223.8183
223.7734
223.7734
223.7562
223.5807
223.5647
223.5647
223.5054
223.4437
223.4437
223.2293
223.2293
223.2293
222.9488
222.6134
222.3751
222.3751
222.3751
222.3751
222.3405
222.2449
222.2449
222.1889
222.1889
222.1889
221.6935
221.6935
221.6935
221.6935
221.6935
221.6935
221.6935
221.6935
221.6935
221.6935
221.6565
221.4808
221.4808
221.4808
221.4808
221.452
221.452
221.452
221.452
221.1404
221.1404
221.1404
221.1404
221.1404
221.1404
221.1299
221.1299
221.1299
221.1146
220.8269
220.8269
220.8269
220.8269
220.8269
220.8269
220.8269
220.8269
220.8269
220.8269
220.8269
220.8269
220.8269
220.8269
220.8269
220.4229
220.4229
220.4229
220.3501
220.3501
220.3501
220.3501
220.3501
220.3501
220.3501
220.3501
220.2294
220.2294
220.2294
220.2294
220.2294
220.1436
220.1436
220.1436
220.1436
220.1436
220.0907
220.0907
219.6646
219.6646
219.6646
219.6646
219.6646
219.5258
219.004
219.004
219.004
219.004
219.004
218.9912
218.9912
218.6808
218.6808
218.6808
218.6733
218.668
218.61
218.6023
218.3438
218.3438
218.2804
218.2804
218.1833
218.1833
218.12
218.12
218.12
218.12
217.9098
217.9098
217.9098
217.9098
217.5888
217.5888
217.5888
217.5888
217.5888
217.1438
217.046
217.046
217.046
217.046
217.046
217.046
216.9661
216.9661
216.9661
216.9661
216.9661
216.9661
216.9661
216.9661
216.9661
216.9661
216.9661
216.9661
216.9661
216.9661
216.9661
216.7158
216.7158
216.7158
216.7158
216.4819
216.3731
216.3731
216.2618
216.2618
216.2618
216.2618
216.2618
216.059
216.059
216.059
216.0187
216.0187
215.5846
215.5846
215.5846
215.5846
215.478
215.478
215.3242
215.3242
215.2319
214.9397
214.9397
214.8673
214.8435
214.6684
214.4424
214.4424
214.437
214.2038
214.2038
214.2038
214.1386
213.9038
213.9038
213.9038
213.648
213.648
213.5758
213.5758
213.3674
213.3674
213.3674
213.3512
213.2456
213.2456
213.2456
213.0378
213.0378
212.8928
212.8928
212.748
212.748
212.748
212.4737
212.4737
212.4627
212.4627
212.4627
212.132
212.132
212.132
212.1232
212.1232
212.1232
212.1232
212.1232
212.1232
212.1232
212.1232
211.7489
211.7489
211.7489
211.7489
211.7489
211.7489
211.7323
211.5118
211.5004
211.3738
211.3738
211.1367
211.1367
211.0942
210.8428
210.8428
210.8428
210.8428
210.8428
210.8428
210.8003
210.6431
210.6431
210.6431
210.6431
210.5518
210.329
210.329
210.329
210.1863
210.1633
210.1633
210.1633
210.1633
210.0743
210.0743
210.0743
210.0743
210.0743
209.7576
209.7576
209.7576
209.7576
209.7576
209.7576
209.6464
209.6464
209.6464
209.1966
209.1966
209.1966
209.1966
209.1966
209.1966
208.9251
208.9251
208.9079
208.9079
208.9079
208.9079
208.4462
208.4462
208.3665
208.3665
208.2341
208.2341
208.1576
208.1576
208.1018
208.1018
208.0957
207.8886
207.8886
207.8328
207.8328
207.8268
207.771
207.771
207.771
207.7229
207.569
207.569
207.569
207.5133
207.5133
207.4652
207.4652
207.4652
207.4652
207.4652
207.4652
207.4063
207.4063
207.4063
207.4063
207.4063
207.2339
207.2339
207.1545
207.1545
207.1545
207.1545
207.1545
207.1381
207.1381
207.1381
207.1381
207.1381
207.1381
207.1381
207.1236
207.1073
206.8757
206.8757
206.8757
206.8757
206.8757
206.8757
206.8757
206.8757
206.8757
206.8757
206.8757
206.8757
206.8757
206.5119
206.5119
206.5119
206.5119
206.1816
206.1816
206.1816
206.1816
206.1816
206.1816
206.1242
205.7162
205.7162
205.6104
205.6104
205.6104
205.6104
205.6104
205.6104
205.6104
205.6104
205.6104
205.6104
205.3283
205.0062
205.0062
205.0062
205.0062
204.9712
204.8533
204.8184
204.7238
204.6662
204.6662
204.6662
204.5885
204.5368
204.5368
204.4043
204.3825
204.3825
204.2378
204.2378
204.2378
204.2378
204.1343
204.1343
203.7333
203.7333
203.7333
203.7333
202.9938
202.9938
202.9441
202.513
202.489
202.3446
202.3446
202.1817
202.1817
202.1817
201.9485
201.9485
201.9485
201.9244
201.9244
201.8498
201.8498
201.8498
201.8498
201.8498
201.8498
201.8498
201.8498
201.8178
201.8178
201.8178
201.8178
201.798
201.798
201.7744
201.6586
201.5219
201.5219
201.3239
201.3239
201.3239
201.157
201.157
200.9179
200.9179
200.8959
200.8959
200.8959
200.7667
200.7667
200.7447
200.7447
200.5475
200.4112
200.4112
200.4112
200.4112
200.3456
200.3113
200.3093
200.1469
200.107
200.107
200.107
200.107
200.0842
199.9041
199.9041
199.8246
199.8246
199.6855
199.6855
199.5643
199.2733
199.1494
199.1494
199.1494
198.9506
198.8518
198.5343
198.5343
198.3659
198.264
198.0553
198.0346
198.0093
197.8183
197.8183
197.8183
197.6941
197.6941
197.6941
197.673
197.6246
197.6246
197.6081
197.6081
197.6081
197.6081
197.6081
197.6081
197.6081
197.6081
197.6081
197.6081
197.6081
197.4851
197.4851
197.4851
197.4851
197.4851
197.4851
197.4851
197.4851
197.4851
197.4851
197.4851
197.4851
197.4851
197.3838
197.3838
197.3838
197.3838
197.3838
197.3838
197.2883
197.2883
197.2883
197.2883
197.2156
197.1018
196.9309
196.9309
196.8573
196.7501
196.7501
196.7501
196.5421
196.3974
196.3974
196.3974
196.3974
196.2634
196.1216
196.1216
196.1186
196.0411
196.0411
196.0411
195.875
195.875
195.875
195.875
195.875
195.7863
195.7863
195.7863
195.7863
195.7863
195.7863
195.7863
195.6951
195.6951
195.5127
195.395
195.395
195.395
195.395
195.395
195.2583
195.2583
195.146
195.146
195.146
195.0818
195.0818
195.0818
195.0818
195.0104
195.0104
195.0104
195.0104
195.0104
194.8339
194.8339
194.8339
194.7642
194.7642
194.622
194.622
194.622
194.622
194.622
194.622
194.622
194.622
194.622
194.622
194.622
194.622
194.622
194.4862
194.2211
194.2211
194.2211
194.2211
194.2211
194.2211
194.2023
194.2023
194.2023
193.9235
193.9235
193.9235
193.9235
193.9235
193.9235
193.9235
193.9235
193.9235
193.9235
193.9235
193.9235
193.9235
193.9235
193.9235
193.9235
193.9235
193.9235
193.9235
193.9235
193.9235
193.9235
193.9235
193.9235
193.9235
193.9235
193.9235
193.9235
193.9235
193.9235
193.9235
193.9235
193.9235
193.9235
193.9235
193.9235
193.9235
193.9235
193.9235
193.9235
193.9235
193.9235
193.9235
193.9235
193.9235
193.4531
193.4531
193.4531
193.4531
193.4531
193.4531
193.4531
193.4531
193.4531
193.2271
193.2271
193.2271
193.2271
193.2271
193.2271
192.9644
192.9644
192.9644
192.9563
192.9004
192.8178
192.5047
192.5047
192.5047
192.5047
192.5047
192.4471
192.3079
192.25
192.0574
192.0574
192.0574
192.0574
191.8644
191.8644
191.5888
191.5888
191.5888
191.5888
191.5888
191.1832
191.1832
191.1832
191.1832
191.1832
191.1832
191.0912
191.0912
191.0912
191.0912
191.0912
191.0912
191.0912
191.0912
191.0912
191.0912
191.0912
191.0912
191.0912
191.0912
191.0912
191.0912
191.0912
191.0912
191.0912
190.7417
190.7417
190.7417
190.7417
190.7417
190.5795
190.5795
190.5795
190.5795
190.5795
190.5795
190.5795
190.5795
190.5795
190.5795
190.5795
190.5795
190.5795
190.5795
190.5795
190.5795
190.5795
190.5795
190.5403
190.5403
190.3278
190.3278
190.3278
190.3278
190.3278
190.3278
190.3278
190.3278
190.3274
190.3274
189.9839
189.9839
189.9839
189.9839
189.9839
189.9839
189.9839
189.9839
189.9839
189.9839
189.9839
189.9839
189.9839
189.9839
189.9839
189.9839
189.9839
189.9839
189.9839
189.9839
189.9839
189.9839
189.9839
189.9839
189.9839
189.8694
189.5882
189.5882
189.1788
189.1788
189.1788
189.0638
189.0638
189.0638
189.0638
189.0638
189.0638
189.0352
189.0352
189.0352
189.0352
189.0352
189.0352
189.0352
188.9877
188.7039
188.5293
188.5293
188.5151
188.5151
188.5151
188.5151
188.5151
188.2651
188.2651
188.2651
188.2651
188.2651
188.2651
188.2651
188.2651
188.1678
187.771
187.771
187.771
187.771
187.6794
187.6794
187.3388
187.3388
187.2763
187.2763
187.1306
187.1306
187.1306
187.0201
187.0201
187.0201
187.0201
187.0136
187.0136
187.0136
187.0136
187.0136
187.0136
186.9568
186.9568
186.9568
186.9568
186.7381
186.5605
186.5605
186.4944
186.4944
186.4045
186.4045
186.3396
186.3146
186.2247
186.2247
186.2247
186.2247
186.133
186.133
186.133
186.133
186.1073
186.1005
186.1005
186.0898
185.8726
185.8726
185.8726
185.8401
185.8401
185.8401
185.4399
185.4399
185.4399
185.4399
185.4399
185.4399
185.4399
185.4359
185.4359
185.0239
185.0239
185.0239
185.0239
184.7667
184.7354
184.7354
184.6357
184.6357
184.6357
184.3223
184.3223
184.3223
184.3223
184.3223
184.1207
184.1207
184.1207
184.0276
183.8914
183.8914
183.8914
183.8566
183.8566
183.6897
183.6897
183.6897
183.5855
183.485
183.485
183.485
183.2265
183.17
183.17
182.9582
182.9103
182.6674
182.6674
182.6674
182.6674
182.5356
182.5356
182.5356
182.5356
182.5356
182.5356
182.3262
182.3262
182.3262
182.3262
182.3262
182.3262
182.3058
182.1867
182.1867
182.1867
182.166
182.166
182.166
181.9009
181.9009
181.9009
181.8273
181.8273
181.6776
181.6776
181.6776
181.6136
181.3766
181.3126
181.3126
181.3126
181.3126
181.3126
181.3126
181.3126
181.3126
181.3126
181.3126
181.3126
181.3126
181.3126
181.3126
181.3126
181.3126
181.3126
181.3126
181.3126
181.3126
181.3126
181.3126
181.3126
181.3126
181.3126
181.3126
181.3126
181.3126
181.3126
181.1223
181.1223
181.078
181.078
181.0511
181.0511
181.0511
181.0511
180.9272
180.9272
180.8828
180.856
180.8116
180.8116
180.8116
180.7923
180.7923
180.7923
180.7923
180.7923
180.7923
180.7923
180.6514
180.6514
180.6514
180.6514
180.6514
180.6514
180.6514
180.4483
180.4483
180.4483
180.4483
180.4483
180.4483
180.3551
180.1472
180.1472
180.0473
180.0473
180.0473
180.0107
179.8514
179.8514
179.8514
179.8514
179.59
179.59
179.5244
179.4413
179.0174
179.0174
179.0174
179.0174
179.0174
178.7742
178.7168
178.7168
178.7168
178.6665
178.5479
178.5479
178.5479
178.5479
178.3599
178.3488
178.3488
178.3488
178.1556
178.1556
178.1556
178.1556
178.0181
178.0181
178.0181
178.0181
178.0181
177.9678
177.9678
177.9678
177.9678
177.7822
177.7822
177.7822
177.7822
177.7822
177.7822
177.7822
177.7822
177.7822
177.7822
177.7822
177.7822
177.7822
177.7822
177.7822
177.7195
177.7195
177.7195
177.7195
177.7195
177.7195
177.6608
177.6608
177.6581
177.6581
177.6118
177.6118
177.6118
177.6118
177.6118
177.5531
177.5531
177.5531
177.5504
177.5504
177.5154
177.5154
177.3869
177.3869
177.3869
177.3869
177.3869
177.2442
177.2442
177.2442
177.2442
177.2442
177.2442
177.2442
177.2442
177.2442
177.2442
177.2442
177.2442
177.2442
177.2442
177.2442
177.2442
177.2442
177.2442
177.2442
177.2442
177.2442
177.2442
177.2442
177.2442
177.2442
177.2442
177.2442
177.2442
177.2442
177.2442
177.1627
177.0681
177.0681
177.0681
177.0681
177.0681
176.9816
176.9816
176.9816
176.9816
176.9816
176.9816
176.9816
176.9816
176.9816
176.9816
176.9301
176.9157
176.9157
176.8766
176.8766
176.8766
176.7885
176.6472
176.6472
176.6472
176.6472
176.5485
176.5485
176.3474
176.3474
176.0155
176.0155
176.0155
176.0155
176.0155
175.7157
175.7042
175.5585
175.5585
175.5585
175.2984
175.1412
175.1412
175.1412
175.1412
175.1412
175.1412
175.1412
175.1412
175.1412
175.1412
175.1412
175.1412
175.1412
175.1412
175.1412
175.1412
175.1412
175.1412
175.1412
175.1412
175.1412
175.1412
175.1412
175.1412
175.1412
175.1412
175.1412
175.1412
175.1412
175.1412
175.1412
175.1412
175.1412
175.1412
175.1412
175.1412
175.1412
175.1412
175.1412
175.1412
175.1412
175.1412
175.1412
175.1412
175.1412
174.82
174.82
174.82
174.82
174.7863
174.7863
174.7863
174.7863
174.6456
174.6456
174.6456
174.6456
174.3185
174.3185
174.3185
174.3185
174.3185
174.3185
174.3185
174.3185
174.3185
174.3185
174.3185
174.3185
174.3185
174.3185
174.3185
174.3185
174.3185
174.2667
174.1197
174.0942
174.0942
174.0942
174.0942
174.0942
174.0942
174.0584
174.0584
174.0584
174.031
174.031
174.031
174.031
174.031
174.031
174.031
174.031
174.031
174.031
174.031
174.031
174.031
174.031
174.031
174.031
174.031
174.031
174.031
174.031
174.031
174.031
173.922
173.922
173.922
173.922
173.9148
173.8847
173.8847
173.5193
173.1165
173.1165
173.1165
173.1165
173.1165
173.1165
173.1165
172.5892
172.5892
172.5892
172.3175
172.1323
172.1323
172.1323
172.1323
172.1323
172.1323
172.1323
172.1323
172.1323
172.1323
172.0985
172.0985
172.0985
172.0985
172.0985
172.0985
171.8598
171.8042
171.8042
171.8042
171.8042
171.8042
171.8042
171.8042
171.2859
171.2859
171.2859
171.2859
171.2859
171.2859
171.2859
171.2859
171.072
171.072
170.983
170.983
170.983
170.983
170.983
170.983
170.983
170.9736
170.9736
170.8732
170.8732
170.6931
170.6931
170.5858
170.5858
170.5858
170.5098
170.5098
170.4977
170.4607
170.4294
170.4055
170.2643
170.2643
170.2643
170.2643
170.1599
170.1163
170.1163
170.1163
169.8619
169.6718
169.6718
169.6718
169.6718
169.6718
169.6718
169.6134
169.6134
169.3741
169.3741
169.3741
169.3741
169.2633
169.2633
169.2633
169.2633
169.2633
169.1524
169.1524
168.7788
168.7788
168.7788
168.7788
168.7788
168.7788
168.7788
168.7788
168.6786
168.6786
168.6786
168.6786
168.6786
168.6786
168.6786
168.6786
168.6786
168.6786
168.6786
168.6786
168.6786
168.2966
168.2966
168.2966
168.1693
168.1693
168.1693
168.1693
168.1693
168.1693
168.1693
168.1693
168.0216
168.0216
168.0216
168.0216
168.0216
168.0216
168.0216
168.0216
168.0216
168.0216
168.0216
168.0216
168.0216
168.0216
168.0216
168.0216
168.0216
168.0216
168.0216
168.0216
168.0216
168.0211
168.0211
168.0211
168.0211
168.0211
168.0211
168.0211
168.0211
168.0211
168.0211
168.0211
168.0211
168.0211
168.0211
168.0211
168.0211
168.0211
167.9962
167.9962
167.9962
167.9962
167.8465
167.8465
167.8465
167.6327
167.6327
167.6327
167.6327
167.6327
167.6327
167.6327
167.6327
167.6327
167.6327
167.632
167.4345
167.4293
167.3111
167.3111
167.3111
167.2746
167.2746
167.2251
167.0569
166.7987
166.7987
166.7987
166.7987
166.7987
166.6771
166.6771
166.6771
166.5503
166.5503
166.5503
166.5503
166.5332
166.5332
166.5332
166.5332
166.345
166.345
166.345
166.345
166.345
166.0122
166.0122
166.0122
166.0122
166.0122
166.0122
165.9961
165.9961
165.9961
165.9961
165.9961
165.8104
165.8104
165.8104
165.8104
165.8104
165.8104
165.8104
165.8104
165.8104
165.8104
165.8104
165.8104
165.8046
165.8046
165.8046
165.62
165.62
165.62
165.62
165.62
165.62
165.62
165.5045
165.5045
165.3589
165.3589
165.3589
165.1629
165.1629
165.0698
165.0698
165.0698
164.932
164.932
164.888
164.685
164.685
164.685
164.685
164.6411
164.6411
164.6411
164.6371
164.6371
164.6371
164.6371
164.6371
164.6371
164.6273
164.6167
164.5988
164.5988
164.5988
164.5018
164.4678
164.3514
164.2548
164.2548
164.034
164.034
163.85
163.8112
163.8112
163.5615
163.5615
163.5615
163.4975
163.4975
163.4975
163.4975
163.4496
163.4496
163.4496
163.4496
163.4496
163.3776
163.3776
163.3776
163.3711
163.3711
163.1003
163.1003
163.1003
163.1003
163.0792
163.0792
163.0792
163.0792
163.0792
163.0792
163.0792
163.0792
163.0792
163.0792
163.0792
163.0792
163.0771
163.0771
163.0771
163.0771
163.0771
163.0771
163.0771
163.0771
163.0771
163.0771
163.0102
163.0102
163.0102
162.9806
162.9806
162.9364
162.9135
162.8438
162.8438
162.8438
162.8438
162.8438
162.8438
162.8438
162.8438
162.8438
162.8438
162.8438
162.8438
162.8438
162.8438
162.8438
162.8438
162.8438
162.8438
162.8438
162.8438
162.8438
162.8438
162.8438
162.8438
162.5224
162.5224
162.5224
162.5224
162.5224
162.5224
162.5224
162.5224
162.5224
162.5224
162.5006
162.5006
162.5006
162.5006
162.5006
162.5006
162.4179
162.4179
162.4179
162.4179
162.4179
162.4179
162.4179
162.4179
162.2195
162.2195
162.2195
162.2195
162.2195
162.2195
162.1143
162.0979
162.0979
162.0801
162.0801
162.0801
162.0801
162.0801
162.0801
162.0801
162.0801
162.0801
162.0801
162.0801
162.0801
162.0801
162.0801
162.0801
162.0801
162.0801
162.0801
162.0801
162.0801
162.0801
162.0801
162.0801
162.0801
162.0801
162.0801
162.0801
162.0801
162.0801
162.0801
162.0801
162.0801
162.0801
162.0801
162.0801
162.0801
162.0056
162.0056
162.0056
162.0056
162.0056
161.9938
161.8631
161.8631
161.8631
161.4869
161.4869
161.4869
161.4869
161.4869
161.4869
161.4869
161.4869
161.4869
161.4869
161.4869
161.3578
161.3578
161.3578
161.3578
161.3578
161.3578
161.3578
161.3578
161.3578
161.3578
161.3578
161.3578
161.3578
161.3578
161.3578
161.3578
161.3578
161.3578
161.3578
161.3578
161.3578
161.3578
161.3578
161.3578
161.3578
161.3578
161.3578
161.1149
161.1149
161.1149
161.1149
161.1149
161.1149
161.1149
161.1149
161.1149
161.1149
161.1149
161.1149
161.1149
161.1149
161.1149
161.1149
161.1149
161.1149
161.1149
161.1149
161.1149
161.1149
161.1149
161.1149
161.1149
161.1149
161.1149
161.0742
161.0742
161.0742
161.0742
161.0742
161.0742
161.0742
161.0742
161.0321
161.0321
161.0123
161.0123
160.9735
160.9735
160.8928
160.7528
160.7528
160.7528
160.6317
160.2987
160.2987
160.2987
160.2987
160.2987
160.2987
160.2987
160.2987
160.2766
160.2766
160.2766
160.2766
160.2766
160.2766
160.2766
160.2766
160.2766
160.2376
160.2376
160.2376
160.2376
160.2376
160.2376
160.2376
160.2376
160.2376
160.2376
160.2376
160.2376
160.2376
160.2376
160.2376
160.2376
160.2376
160.2376
160.2376
160.2376
160.2376
160.2376
160.2376
160.2376
160.2376
160.0756
160.0756
160.0756
159.9909
159.9909
159.9909
159.9491
159.9491
159.9491
159.8644
159.8644
159.8644
159.6565
159.597
159.509
159.509
159.509
159.4011
159.3011
159.1569
159.1569
158.9491
158.8412
158.8412
158.8412
158.8412
158.8412
158.8412
158.8412
158.8412
158.8412
158.8412
158.8412
158.8412
158.8412
158.8412
158.8412
158.8412
158.8412
158.8412
158.7745
158.7745
158.7745
158.6464
158.5741
158.5741
158.2233
158.2233
158.2233
158.2233
158.2233
158.2233
158.2233
158.2233
158.2233
158.2233
158.2233
158.2233
158.2233
158.2233
158.2233
158.2233
158.2233
158.2233
158.2233
158.2233
158.2233
158.0752
158.0491
157.8625
157.8625
157.8392
157.6187
157.6187
157.6187
157.6187
157.5568
157.5568
157.5267
157.285
157.285
157.285
157.285
157.285
157.285
157.285
157.285
157.285
157.285
157.285
157.285
157.285
157.285
157.285
157.285
157.285
157.285
157.285
157.285
157.285
157.285
157.285
157.285
157.285
157.285
157.285
157.285
157.285
157.285
157.285
157.285
157.285
157.285
157.285
157.285
157.285
157.285
157.285
157.285
157.285
157.285
157.285
157.285
157.285
157.285
156.9798
156.9798
156.9798
156.9589
156.9589
156.9589
156.9589
156.9589
156.9182
156.8532
156.7617
156.7617
156.7617
156.6351
156.6351
156.5658
156.5658
156.5658
156.5658
156.5658
156.5658
156.5658
156.5658
156.5658
156.5658
156.5658
156.5658
156.5658
156.5658
156.5586
156.5586
156.5586
156.5586
156.3575
156.3575
156.3575
156.3575
156.3575
156.1176
156.1176
156.1176
156.0958
156.0958
156.0958
156.0958
156.0958
156.0958
156.0958
156.0958
156.0958
156.0958
156.0958
156.0958
156.0958
156.0958
156.0958
156.0958
156.0958
156.0958
156.0958
156.0958
156.0958
156.0958
156.0958
156.0958
156.0958
156.0958
156.0958
156.0958
156.0958
156.0958
156.0958
156.0958
156.0958
156.0958
156.0958
156.0958
156.0958
156.0958
156.0958
156.0958
156.0958
156.0958
156.0958
156.0958
156.0958
156.0958
156.0958
156.0958
156.0958
156.0958
156.0958
156.0958
156.0958
156.0958
156.0958
156.0958
156.0958
156.0958
156.0958
156.0958
156.0958
156.0958
156.0958
156.0958
156.0958
156.0958
156.0958
156.0958
156.0958
156.0958
156.0958
156.0958
156.0958
156.0958
156.0958
156.0958
156.0958
156.0958
156.0958
156.0958
156.0958
155.9269
155.9269
155.9269
155.9269
155.9269
155.9269
155.9269
155.9269
155.9269
155.9269
155.9269
155.9269
155.9269
155.9269
155.9269
155.9269
155.9269
155.9269
155.9269
155.9269
155.9269
155.9269
155.8695
155.8043
155.8043
155.8043
155.8043
155.8043
155.8043
155.8043
155.8043
155.6398
155.6398
155.6242
155.4832
155.4832
155.3263
155.3263
155.3263
155.3263
155.3263
155.3065
155.2101
155.2101
155.2101
155.2101
155.2101
155.1936
155.0787
154.9624
154.9624
154.9624
154.9156
154.9156
154.8245
154.8245
154.7801
154.7801
154.7801
154.7801
154.7801
154.7801
154.7801
154.7801
154.7801
154.7801
154.7801
154.7801
154.7801
154.7801
154.7801
154.7801
154.7801
154.7801
154.7801
154.7801
154.7801
154.7801
154.7801
154.7801
154.7801
154.7801
154.7801
154.7801
154.7801
154.7801
154.7801
154.7801
154.7801
154.7801
154.7801
154.7801
154.7801
154.7801
154.7801
154.7801
154.7801
154.7801
154.6429
154.6429
154.6429
154.6429
154.6429
154.6429
154.6429
154.6429
154.6429
154.6429
154.6429
154.6429
154.6429
154.6429
154.6429
154.6429
154.6429
154.6429
154.6429
154.6429
154.6429
154.6429
154.6429
154.6429
154.6429
154.6429
154.6429
154.6429
154.6429
154.6429
154.6429
154.6429
154.6429
154.6429
154.6429
154.6429
154.6429
154.6429
154.6429
154.6429
154.6429
154.6429
154.6429
154.6429
154.6429
154.6429
154.6429
154.6429
154.6429
154.6429
154.6429
154.6429
154.6429
154.6429
154.6429
154.6429
154.6429
154.6429
154.6429
154.6429
154.6429
154.6429
154.6429
154.6429
154.6429
154.6429
154.6429
154.6429
154.6429
154.6429
154.6429
154.6429
154.6429
154.4942
154.4893
154.3109
154.3109
154.3109
154.3109
154.3109
154.3109
154.3109
154.3109
154.3109
154.3109
154.3109
154.3109
154.3109
154.3109
154.3109
154.3109
154.3109
154.3109
154.3109
154.3109
154.3109
154.3109
154.3109
154.3109
154.3109
154.3109
154.3109
154.3109
154.3109
154.3109
154.3109
154.3109
154.3109
154.3109
154.3109
154.3109
154.3109
154.3109
154.2591
154.2591
154.2591
154.2591
154.2591
154.2591
154.2591
154.2591
154.2591
154.2591
154.2591
154.2591
154.2591
154.2591
154.2591
154.2591
154.2591
154.2482
154.2482
154.2482
154.2179
154.2179
154.2179
154.2179
154.2179
154.2179
154.2179
154.2179
154.2179
154.2179
154.2179
154.2179
154.2179
154.1368
154.1368
154.1368
154.1368
153.8689
153.8689
153.8689
153.8689
153.8689
153.8689
153.8689
153.8689
153.8689
153.8689
153.8689
153.8689
153.8689
153.8689
153.8689
153.8689
153.8689
153.8689
153.8689
153.8689
153.6196
153.6196
153.6196
153.6196
153.6196
153.6196
153.4506
153.4506
153.4506
153.4506
153.4506
153.4506
153.4506
153.4506
153.4506
153.4506
153.4506
153.4506
153.4506
153.4506
153.4506
153.4506
153.4506
153.4506
153.4506
153.4369
153.4369
153.3168
153.3168
153.3168
153.3168
153.1627
153.1627
153.1627
153.1627
153.1627
153.1227
153.1227
153.1227
153.1227
153.1227
152.8462
152.8462
152.7721
152.7721
152.7721
152.7721
152.7721
152.7721
152.7721
152.7721
152.7721
152.6955
152.6955
152.4565
152.4565
152.4565
152.4565
152.4565
152.4565
152.4565
152.4565
152.4565
152.4565
152.4565
152.4565
152.4565
152.4565
152.4565
152.4565
152.4565
152.4565
152.4565
152.4565
152.4565
152.4565
152.4565
152.4565
152.4565
152.4565
152.4565
152.4565
152.4565
152.4565
152.3871
152.3871
152.3871
152.3871
152.3871
152.3871
152.3871
152.2828
152.2828
152.2828
152.2828
152.2828
152.2828
152.2828
152.2828
152.2828
152.2828
152.2828
152.2828
152.2828
152.2828
152.2828
152.2828
152.2828
152.2828
152.2828
152.2828
152.2828
152.2828
152.2828
152.2828
152.2828
152.2828
152.2828
152.2828
152.2828
152.2828
152.2828
152.2828
152.2828
152.2828
152.2828
152.2828
152.2828
152.2828
152.2828
152.2828
152.2828
152.2828
152.2828
152.2828
152.2828
152.2828
152.2828
152.2828
152.2828
152.0978
152.0978
152.0978
152.0978
152.0978
152.0978
152.0978
152.0978
151.9831
151.9831
151.9831
151.9831
151.9831
151.9831
151.9831
151.9831
151.9831
151.9831
151.9831
151.9831
151.9831
151.9831
151.8123
151.8123
151.8123
151.8123
151.8123
151.8123
151.8123
151.8123
151.8123
151.8123
151.8123
151.8123
151.8123
151.8123
151.8123
151.8123
151.8123
151.8123
151.8123
151.8123
151.8123
151.8123
151.8123
151.7541
151.7541
151.7218
151.7218
151.3857
151.3857
151.2466
151.2466
151.2466
151.2466
151.2466
151.2466
151.2466
151.2466
151.2466
151.2466
151.2466
151.2466
151.2466
151.2466
151.2466
151.218
151.0818
151.0818
151.0818
151.0818
151.0818
151.0818
150.972
150.972
150.972
150.972
150.972
150.8993
150.5543
150.5543
150.5543
150.5543
150.5543
150.5543
150.5543
150.5543
150.5543
150.5543
150.5543
150.5543
150.5543
150.5543
150.5543
150.5543
150.5543
150.5543
150.5543
150.5543
150.5543
150.5543
150.5543
150.5543
150.5543
150.5543
150.5543
150.5543
150.5543
150.5543
150.5543
150.5543
150.5543
150.5338
150.5338
150.5338
150.5338
150.5338
150.5338
150.5338
150.2576
150.2576
150.2576
150.2576
150.2092
150.2092
150.1747
150.1747
150.1747
150.1747
150.1285
150.1285
150.1285
150.1285
150.1285
150.1285
150.1285
150.1285
150.1285
150.1285
150.1285
150.1285
150.1285
150.1285
150.1285
150.1285
150.1285
150.1285
150.1285
150.1285
150.1285
150.1285
150.1285
150.1285
150.1285
150.1285
150.1285
150.1285
150.1285
150.1285
150.1285
150.1285
150.1285
150.1285
150.1285
150.1285
150.1285
150.1285
150.1285
150.1285
150.1285
150.1285
150.1285
150.1285
150.1285
150.1285
150.1285
150.1285
150.1285
150.1285
150.1285
150.1285
150.1285
150.1285
149.8935
149.8935
149.8935
149.7636
149.7636
149.7636
149.7636
149.7636
149.7636
149.7636
149.7636
149.7636
149.7636
149.7636
149.7636
149.7636
149.7636
149.7636
149.7636
149.7236
149.7236
149.7236
149.7236
149.7236
149.7236
149.7091
149.4826
149.4826
149.4826
149.4826
149.4826
149.4826
149.4826
149.36
149.36
149.36
149.36
149.36
149.36
149.36
149.36
149.36
149.36
149.36
149.36
149.36
149.36
149.36
149.36
149.36
149.36
149.36
149.36
149.36
149.36
149.36
149.36
149.36
149.36
149.36
149.36
149.36
149.36
149.36
149.36
149.36
149.36
149.36
149.36
149.36
149.36
149.36
149.36
149.36
149.36
149.2277
149.2277
149.2277
149.1995
149.1995
149.1995
149.1995
148.9442
148.9442
148.9442
148.9013
148.8603
148.8603
148.7408
148.7408
148.7408
148.7408
148.7408
148.7408
148.7408
148.657
148.657
148.657
148.657
148.657
148.657
148.657
148.657
148.657
148.657
148.657
148.657
148.657
148.657
148.657
148.657
148.657
148.657
148.657
148.657
148.657
148.657
148.657
148.657
148.657
148.657
148.657
148.657
148.657
148.657
148.657
148.657
148.657
148.5867
148.5867
148.5867
148.5867
148.5867
148.5867
148.5867
148.5867
148.5867
148.5867
148.5867
148.5867
148.5867
148.5867
148.5867
148.5867
148.5693
148.5693
148.5693
148.5693
148.5693
148.5693
148.5693
148.5693
148.5693
148.5693
148.5693
148.5693
148.5693
148.5693
148.5693
148.5693
148.5693
148.5417
148.5417
148.5417
148.5417
148.5417
148.5249
148.5249
148.4346
148.4346
148.4346
148.4346
148.4346
148.3929
148.3929
148.3929
148.3929
148.3929
148.3929
148.3929
148.3929
148.3929
148.3929
148.3929
148.3929
148.3929
148.3929
148.3929
148.3929
148.3929
148.3283
148.3283
148.3283
148.3283
148.3283
148.3283
148.3283
148.3283
148.3158
148.3158
148.3158
148.1552
148.1552
148.1552
148.1552
148.1552
148.1552
148.0761
148.0761
148.0761
148.0761
148.0761
148.0761
148.0761
148.0761
148.0761
148.0402
148.0402
148.0402
148.0402
148.0402
148.0402
148.0402
148.0402
148.0402
148.0402
148.0402
148.0402
148.0402
148.0402
148.0402
148.0402
148.0402
148.0402
148.0351
148.0351
148.0351
148.0351
148.0351
148.0351
148.0351
148.0248
148.0248
148.0178
147.9543
147.9543
147.9417
147.9417
147.9417
147.9417
147.9366
147.9366
147.9366
147.9366
147.914
147.914
147.914
147.914
147.8649
147.8233
147.7684
147.741
147.741
147.741
147.741
147.741
147.741
147.741
147.6974
147.6974
147.6974
147.611
147.5428
147.5428
147.4993
147.4993
147.4993
147.4993
147.4993
147.4993
147.4993
147.4993
147.4993
147.4993
147.4993
147.4993
147.4993
147.4993
147.4993
147.4993
147.4993
147.4993
147.4866
147.4866
147.462
147.2885
147.2885
147.2885
147.2511
147.1885
147.1885
147.1723
147.1723
147.1723
147.1411
147.1411
147.0626
147.0626
146.95
146.95
146.7331
146.6836
146.6836
146.6836
146.5886
146.5886
146.5886
146.5886
146.3539
146.3447
146.3447
146.3447
146.3447
146.3269
146.3269
146.3269
146.3269
146.3269
146.3269
146.3046
146.3046
146.3046
146.3046
146.3046
146.3046
146.3046
146.3046
146.3046
146.3046
146.3046
146.3046
146.3046
146.3046
146.3046
146.3046
146.3046
146.3046
146.3046
146.3046
146.3046
146.3046
146.237
146.237
146.237
146.237
146.237
146.237
146.237
146.237
146.237
146.237
146.237
146.237
146.237
146.237
146.237
146.237
146.1464
146.1464
146.1464
145.9863
145.9863
145.9863
145.9863
145.9863
145.9863
145.9863
145.9863
145.9863
145.9863
145.9863
145.9863
145.9863
145.9863
145.9863
145.9863
145.9863
145.9863
145.9863
145.9863
145.9863
145.9863
145.9863
145.9863
145.9863
145.9863
145.9863
145.9863