305
510
715
917
1122
1325
1535
1742
1948
2154
2359
2565
2770
2971
3175
3379
3585
3789
3994
4198
4402
4606
4811
5016
5221
5424
5630
5834
6039
6242
6444
6653
6856
7058
7262
7467
7675
7878
8085
8289
8494
8697
8903
9107
9310
9512
9719
9923
10125
10332
10538
10739
10945
11148
11352
11562
11770
11979
12183
12384
12589
12795
13001
13209
13413
13619
13825
14026
14230
14432
14638
14844
15052
15255
15457
15662
15866
16070
16279
16488
16691
16894
17099
17305
17510
17714
17918
18125
18329
18536
18739
18945
19148
19352
19559
19769
19978
20187
20392
20599
20806
21008
21215
21422
21625
21831
22035
22241
22446
22649
22856
23065
23270
23475
23679
23883
24088
24293
24497
24703
24907
25112
25314
25520
25726
25932
26136
26343
26545
26749
26953
27158
27365
27569
27771
27975
28178
28385
28590
28797
29000
29205
29411
29616
29819
30025
30231
30437
30638
30842
31048
31254
31457
31663
31868
32072
32277
32485
32691
32899
33102
33308
33515
33719
33924
34128
34335
34537
34740
34943
35153
35355
35563
35770
35973
36180
36385
36589
36794
37002
37207
37411
37619
37826
38033
38235
38437
38644
38847
39050
39259
39466
39672
39879
40082
40285
40487
40693
40898
41101
41307
41514
41721
41926
42127
42333
42539
42744
42950
43153
43359
43564
43771
43976
44181
44384
44589
44793
44998
45202
45408
45611
45817
46023
46226
46433
46640
46843
47046
47253
47458
47662
47864
48069
48285
48490
48695
48900
49105
49312
49515
49720
49930
50132
50339
50543
50748
50956
51162
51367
51573
51777
51982
52186
52389
52592
52794
52998
53205
53413
53617
53822
54028
54232
54437
54641
54847
55054
55257
55464
55667
55874
56083
56290
56496
56699
56901
57109
57317
57523
57726
57932
58138
58343
58548
58751
58954
59159
59363
59568
59770
59980
60186
60391
60599
60803
61009
61217
61422
61625
61830
62033
62241
62450
62654
62859
63060
63268
63470
63676
63879
64083
64287
64494
64703
64906
65108
65314
65518
65724
65927
66129
66336
66538
66745
66952
67158
67364
67569
67771
67979
68189
68392
68594
68800
69002
69209
69413
69619
69826
70031
70235
70441
70649
70858
71061
71268
71470
71674
71880
72083
72287
72490
72698
72910
73111
73317
73519
73722
73923
74132
74339
74545
74751
74954
75159
75365
75568
75771
75978
76183
76389
76594
76799
77005
77208
77414
77618
77824
78028
78235
78438
78644
78846
79053
79256
79458
79665
79870
80074
80276
80485
80690
80895
81102
81307
81513
81718
81925
82130
82339
82547
82751
82959
83164
83373
83577
83783
83988
84193
84398
84604
84809
85021
85230
85434
85643
85847
86052
86254
86459
86663
86867
87073
87278
87483
87688
87889
88095
88298
88501
88711
88917
89126
89332
89539
89744
89947
90156
90363
90571
90773
90974
91178
91382
91584
91787
91992
92194
92402
92606
92812
93018
93228
93433
93637
93843
94046
94248
94453
94658
94867
95071
95274
95477
95680
95885
96090
96299
96502
96707
96912
97115
97321
97528
97731
97934
98139
98345
98551
98753
98959
99167
99371
99577
99782
99989
100193
100401
100606
100809
101014
101220
101424
101633
101839
102046
102250
102454
102663
102866
103070
103275
103478
103684
103884
104094
104295
104498
104700
104904
105109
105314
105518
105724
105928
106134
106340
106544
106749
106950
107153
107355
107556
107763
107968
108173
108376
108582
108785
108996
109199
109408
109611
109811
110019
110221
110427
110632
110840
111044
111250
111455
111658
111866
112071
112276
112481
112687
112899
113101
113302
113505
113708
113908
114118
114320
114522
114727
114929
115136
115342
115550
115752
115957
116162
116368
116572
116775
116976
117182
117386
117591
117793
118000
118207
118410
118615
118818
119022
119229
119439
119646
119854
120056
120257
120460
120663
120865
121072
121276
121481
121687
121894
122098
122301
122505
122710
122916
123119
123322
123531
123741
123942
124148
124356
124563
124766
124969
125176
125383
125586
125791
125996
126202
126405
126607
126808
127014
127216
127419
127622
127824
128031
128237
128445
128653
128860
129060
129266
129471
129677
129881
130085
130289
130494
130701
130907
131115
131323
131533
131737
131943
132147
132351
132556
132761
132966
133169
133376
133581
133784
133987
134194
134401
134608
134811
135013
135217
135425
135633
135838
136046
136253
136460
136667
136873
137073
137275
137479
137682
137889
138093
138298
138507
138708
138914
139118
139321
139526
139733
139942
140147
140357
140563
140768
140976
141180
141385
141590
141794
141996
142202
142404
142605
142810
143022
143226
143435
143641
143846
144050
144258
144467
144673
144878
145084
145290
145497
145706
145908
146117
146319
146524
146734
146938
147144
147353
147561
147765
147970
148182
148385
148596
148801
149003
149208
149415
149622
149825
150027
150234
150440
150646
150853
151059
151269
151472
151676
151881
152086
152294
152499
152701
152909
153112
153316
153522
153727
153928
154135
154346
154550
154753
154959
155165
155374
155580
155781
155984
156189
156393
156598
156804
157010
157215
157421
157628
157832
158042
158248
158450
158656
158858
159065
159273
159477
159681
159884
160089
160292
160497
160703
160906
161111
161317
161522
161728
161933
162135
162338
162545
162748
162951
163156
163365
163573
163778
163982
164185
164391
164594
164800
165001
165211
165417
165623
165834
166043
166246
166450
166659
166861
167067
167276
167483
167688
167891
168098
168307
168510
168712
168917
169126
169326
169528
169735
169937
170142
170345
170549
170756
170961
171166
171370
171580
171787
171989
172195
172400
172611
172817
173021
173228
173435
173637
173846
174052
174257
174460
174667
174871
175079
175282
175489
175692
175895
176096
176301
176506
176709
176915
177117
177324
177530
177734
177936
178142
178348
178549
178754
178960
179164
179372
179577
179783
179989
180193
180397
180603
180808
181011
181217
181421
181625
181828
182032
182236
182439
182644
182847
183052
183255
183461
183666
183873
184076
184283
184486
184689
184898
185107
185311
185513
185721
185930
186134
186339
186540
186746
186952
187155
187361
187565
187772
187975
188182
188388
188594
188800
189004
189207
189409
189617
189820
190023
190225
190427
190633
190838
191046
191251
191457
191663
191872
192081
192286
192491
192696
192900
193103
193308
193512
193717
193921
194124
194328
194535
194740
194943
195148
195356
195559
195763
195971
196178
196380
196585
196791
196996
197203
197407
197613
197818
198024
198230
198436
198640
198844
199049
199257
199462
199669
199872
200076
200278
200481
200688
200895
201099
201303
201511
201717
201922
202126
202330
202534
202737
202945
203148
203353
203559
203764
203968
204172
204377
204580
204785
204989
205195
205401
205608
205814
206017
206221
206427
206629
206836
207036
207240
207444
207647
207854
208059
208266
208475
208679
208885
209088
209291
209494
209698
209903
210106
210309
210515
210720
210925
211132
211338
211540
211743
211949
212153
212357
212561
212765
212972
213178
213384
213597
213803
214005
214209
214411
214619
214823
215026
215227
215432
215633
215836
216041
216247
216449
216653
216856
217060
217266
217470
217673
217877
218085
218294
218498
218704
218912
219119
219322
219524
219729
219933
220141
220342
220547
220751
220958
221161
221363
221570
221774
221981
222185
222395
222602
222809
223012
223217
223424
223628
223833
224041
224242
224444
224647
224852
225056
225261
225467
225671
225879
226085
226295
226499
226701
226905
227110
227312
227518
227723
227926
228129
228333
228539
228744
228945
229152
229353
229555
229762
229968
230176
230377
230582
230789
230995
231202
231403
231608
231810
232014
232221
232422
232629
232835
233040
233244
233448
233653
233857
234060
234264
234468
234673
234882
235086
235289
235498
235704
235909
236112
236318
236525
236730
236934
237139
237342
237549
237753
237961
238163
238369
238572
238775
238981
239183
239389
239596
239799
240004
240207
240411
240615
240819
241022
241230
241432
241641
241846
242053
242257
242459
242661
242866
243067
243278
243483
243689
243895
244106
244315
244517
244722
244929
245132
245334
245538
245747
245952
246158
246360
246565
246766
246975
247180
247387
247594
247796
248000
248201
248406
248616
248819
249023
249231
249433
249639
249844
250051
250256
250466
250670
250874
251078
251284
251487
251695
251901
252106
252314
252515
252720
252928
253134
253341
253546
253750
253951
254156
254361
254564
254769
254973
255177
255383
255590
255794
255997
256211
256416
256622
256826
257030
257238
257446
257652
257861
258064
258266
258472
258677
258884
259088
259294
259499
259708
259913
260120
260322
260528
260733
260939
261147
261350
261553
261757
261965
262171
262374
262583
262787
262994
263203
263406
263610
263815
264022
264226
264430
264635
264840
265045
265249
265458
265662
265868
266073
266277
266485
266689
266892
267095
267297
267502
267712
267919
268127
268334
268540
268747
268951
269157
269359
269565
269774
269978
270178
270383
270588
270792
270995
271203
271407
271611
271814
272018
272225
272430
272641
272846
273052
273258
273460
273662
273867
274074
274280
274486
274692
274898
275104
275305
275509
275714
275923
276131
276336
276541
276744
276948
277155
277361
277564
277769
277971
278172
278378
278584
278788
278993
279194
279399
279604
279809
280017
280224
280431
280638
280841
281043
281248
281452
281655
281858
282064
282268
282477
282683
282888
283094
283300
283503
283708
283918
284123
284328
284533
284736
284944
285149
285353
285554
285763
285969
286176
286381
286584
286792
286998
287205
287414
287616
287822
288026
288230
288434
288637
288842
289047
289254
289459
289662
289868
290072
290273
290475
290680
290883
291088
291295
291495
291697
291901
292112
292317
292522
292729
292934
293134
293338
293544
293755
293960
294161
294366
294572
294773
294973
295177
295380
295583
295787
295990
296196
296399
296606
296811
297016
297219
297425
297630
297833
298035
298242
298443
298652
298856
299061
299265
299473
299678
299882
300091
300298
300503
300705
300907
301111
301316
301520
301724
301929
302136
302340
302548
302751
302958
303164
303371
303574
303780
303983
304188
304393
304605
304812
305020
305224
305426
305631
305838
306039
306244
306449
306650
306851
307052
307260
307464
307667
307872
308079
308282
308486
308689
308893
309097
309302
309508
309711
309918
310124
310327
310533
310735
310937
311140
311345
311549
311756
311962
312171
312375
312580
312784
312987
313191
313396
313601
313811
314015
314224
314426
314630
314834
315036
315241
315447
315652
315858
316063
316267
316473
316679
316886
317089
317296
317501
317703
317908
318110
318315
318519
318722
318923
319124
319327
319530
319737
319942
320144
320347
320552
320759
320967
321171
321375
321577
321779
321982
322189
322396
322600
322803
323010
323214
323423
323631
323832
324038
324244
324451
324657
324864
325067
325273
325480
325683
325889
326096
326300
326505
326712
326917
327122
327327
327532
327741
327946
328150
328353
328561
328764
328967
329172
329377
329582
329785
329991
330196
330406
330610
330816
331019
331226
331427
331629
331836
332040
332244
332447
332655
332860
333068
333274
333479
333687
333894
334101
334308
334511
334715
334922
335125
335328
335536
335741
335948
336155
336360
336568
336772
336976
337181
337386
337591
337800
338005
338213
338419
338624
338832
339045
339246
339450
339657
339861
340068
340272
340481
340684
340888
341093
341296
341501
341703
341907
342113
342318
342523
342731
342934
343136
343339
343553
343757
343968
344177
344384
344591
344796
344999
345207
345413
345614
345816
346022
346226
346431
346635
346841
347046
347251
347455
347662
347867
348073
348276
348480
348688
348893
349096
349301
349508
349710
349919
350122
350328
350530
350737
350943
351150
351357
351563
351768
351973
352180
352388
352592
352798
353002
353207
353411
353618
353819
354023
354227
354435
354643
354848
355053
355260
355463
355672
355879
356087
356293
356497
356707
356912
357117
357323
357530
357734
357936
358141
358346
358554
358758
358965
359170
359374
359582
359787
359993
360195
360401
360605
360809
361014
361217
361421
361630
361836
362043
362251
362458
362665
362866
363068
363273
363474
363679
363886
364089
364294
364500
364703
364906
365110
365313
365517
365723
365930
366132
366338
366544
366753
366959
367164
367368
367574
367774
367976
368183
368386
368591
368795
369001
369201
369406
369611
369816
370022
370230
370436
370644
370850
371055
371259
371466
371671
371877
372079
372283
372492
372695
372899
373102
373304
373510
373714
373921
374125
374330
374539
374744
374948
375150
375354
375557
375764
375969
376174
376376
376577
376782
376985
377193
377399
377605
377813
378022
378228
378434
378638
378842
379048
379253
379458
379662
379868
380073
380281
380490
380696
380900
381103
381304
381509
381717
381925
382129
382336
382545
382755
382960
383168
383373
383579
383787
383991
384196
384404
384610
384818
385023
385229
385431
385633
385837
386045
386245
386450
386653
386855
387060
387266
387471
387679
387883
388094
388304
388507
388712
388917
389119
389322
389527
389731
389935
390139
390341
390543
390746
390949
391154
391364
391574
391778
391984
392187
392392
392599
392802
393008
393218
393425
393630
393832
394036
394238
394441
394646
394852
395060
395264
395471
395674
395878
396082
396286
396489
396700
396903
397109
397313
397518
397727
397933
398136
398338
398544
398746
398952
399155
399360
399571
399775
399977
400186
400393
400596
400799
401004
401207
401410
401613
401819
402026
402230
402435
402639
402842
403047
403255
403459
403665
403873
404078
404283
404487
404692
404896
405104
405309
405513
405717
405922
406124
406331
406535
406739
406944
407152
407354
407554
407760
407968
408173
408379
408587
408791
408995
409199
409404
409608
409811
410014
410217
410427
410632
410835
411039
411244
411454
411660
411866
412068
412274
412476
412682
412888
413092
413301
413504
413711
413919
414126
414327
414534
414740
414945
415149
415353
415556
415759
415966
416170
416374
416578
416782
416988
417194
417396
417601
417803
418010
418216
418421
418625
418834
419038
419241
419448
419650
419861
420064
420270
420475
420684
420891
421093
421293
421499
421706
421911
422121
422328
422531
422740
422946
423150
423353
423561
423770
423976
424182
424386
424591
424799
425001
425204
425409
425613
425819
426025
426232
426437
426641
426845
427049
427258
427464
427672
427875
428080
428288
428490
428695
428903
429110
429317
429520
429722
429928
430133
430336
430539
430739
430942
431149
431354
431558
431763
431965
432166
432369
432575
432779
432984
433189
433390
433596
433798
434001
434209
434418
434626
434830
435035
435243
435449
435653
435859
436066
436270
436475
436679
436885
437091
437293
437496
437704
437914
438119
438324
438526
438739
438944
439148
439353
439564
439770
439976
440181
440389
440594
440797
441003
441209
441413
441620
441822
442027
442235
442442
442645
442852
443056
443260
443464
443673
443877
444081
444286
444491
444696
444897
445101
445306
445511
445716
445918
446126
446331
446535
446742
446951
447156
447358
447563
447765
447974
448178
448385
448588
448791
448996
449204
449410
449615
449817
450020
450225
450429
450633
450839
451045
451249
451456
451664
451869
452074
452278
452483
452688
452895
453100
453302
453511
453713
453918
454125
454336
454544
454749
454953
455156
455358
455565
455769
455974
456181
456385
456589
456794
456996
457199
457406
457612
457818
458020
458225
458428
458632
458834
459039
459246
459452
459655
459861
460064
460269
460473
460677
460885
461090
461296
461499
461702
461907
462113
462319
462524
462729
462936
463140
463341
463544
463750
463958
464165
464367
464574
464782
464992
465198
465404
465610
465816
466021
466226
466434
466638
466843
467046
467250
467457
467666
467869
468073
468278
468484
468691
468897
469104
469310
469513
469717
469921
470127
470330
470537
470741
470941
471146
471350
471562
471771
471979
472186
472389
472591
472797
472998
473206
473411
473618
473820
474024
474231
474433
474637
474842
475049
475252
475456
475664
475867
476069
476276
476481
476687
476894
477100
477306
477508
477715
477920
478126
478331
478536
478743
478950
479154
479362
479569
479772
479981
480183
480388
480593
480797
481004
481209
481416
481622
481828
482035
482244
482451
482656
482860
483069
483279
483483
483687
483888
484092
484297
484504
484711
484918
485121
485329
485534
485739
485942
486148
486356
486560
486765
486975
487178
487384
487586
487793
487999
488202
488408
488612
488817
489018
489223
489427
489633
489835
490041
490246
490451
490655
490861
491063
491267
491470
491677
491881
492090
492294
492502
492705
492911
493116
493323
493529
493734
493939
494143
494350
494555
494758
494963
495167
495371
495578
495779
495987
496191
496393
496596
496800
497005
497213
497419
497625
497828
498039
498247
498448
498654
498861
499065
499272
499476
499681
499884
500087
500293
500501
500709
500913
501116
501323
501528
501736
501940
502143
502349
502551
502756
502967
503170
503371
503578
503788
503993
504197
504407
504611
504817
505019
505225
505430
505637
505840
506042
506246
506452
506658
506862
507064
507266
507469
507670
507873
508078
508280
508486
508688
508892
509095
509300
509507
509715
509922
510131
510336
510542
510743
510950
511156
511362
511567
511773
511976
512186
512390
512595
512797
512999
513211
513415
513621
513823
514029
514233
514436
514641
514846
515052
515258
515462
515671
515876
516080
516283
516486
516692
516895
517098
517305
517511
517716
517921
518124
518328
518533
518739
518944
519153
519356
519562
519765
519970
520173
520378
520582
520788
520997
521203
521409
521614
521820
522030
522231
522436
522642
522849
523053
523260
523464
523668
523874
524077
524280
524488
524691
524896
525106
525314
525516
525724
525929
526134
526342
526544
526752
526956
527164
527372
527577
527788
527993
528198
528402
528606
528811
529017
529221
529427
529628
529831
530036
530239
530445
530649
530856
531060
531265
531470
531675
531877
532079
532283
532490
532693
532896
533101
533305
533510
533716
533924
534126
534337
534542
534749
534954
535159
535362
535566
535772
535976
536184
536389
536591
536795
537003
537210
537416
537621
537829
538032
538233
538436
538642
538844
539046
539250
539454
539659
539864
540069
540278
540485
540694
540896
541101
541309
541512
541713
541921
542126
542332
542537
542740
542948
543150
543356
543561
543768
543973
544178
544382
544584
544793
544998
545204
545415
545625
545833
546040
546247
546452
546655
546859
547063
547268
547474
547676
547882
548088
548291
548495
548700
548902
549107
549311
549514
549718
549922
550128
550334
550536
550743
550947
551149
551354
551558
551767
551974
552178
552382
552586
552790
552997
553202
553404
553607
553815
554017
554222
554429
554635
554840
555044
555245
555448
555656
555859
556064
556268
556474
556679
556885
557088
557292
557493
557699
557903
558106
558312
558516
558720
558927
559135
559342
559544
559753
559958
560161
560366
560573
560778
560982
561186
561392
561597
561800
562007
562212
562416
562622
562828
563033
563234
563440
563644
563847
564054
564257
564461
564666
564869
565070
565276
565481
565690
565897
566098
566308
566509
566713
566916
567122
567327
567531
567737
567943
568144
568350
568554
568756
568960
569167
569378
569586
569788
569997
570208
570416
570624
570830
571040
571244
571452
571654
571860
572062
572267
572474
572681
572883
573086
573294
573496
573706
573912
574117
574320
574523
574728
574934
575141
575347
575554
575760
575961
576165
576372
576576
576779
576982
577186
577393
577598
577802
578005
578211
578414
578618
578824
579027
579227
579430
579637
579842
580047
580252
580456
580660
580864
581068
581277
581480
581687
581893
582098
582301
582505
582710
582914
583122
583331
583539
583749
583954
584159
584364
584572
584776
584977
585180
585384
585587
585792
585993
586196
586397
586599
586805
587007
587210
587412
587617
587823
588028
588236
588440
588647
588850
589051
589261
589465
589669
589874
590077
590283
590486
590688
590893
591102
591309
591514
591717
591926
592132
592335
592541
592746
592952
593156
593362
593569
593776
593981
594187
594389
594592
594799
595004
595209
595415
595619
595823
596030
596232
596434
596640
596843
597049
597252
597459
597662
597866
598070
598279
598485
598688
598896
599103
599310
599518
599722
599927
600129
600336
600543
600753
600961
601166
601369
601573
601780
601985
602193
602396
602598
602803
603010
603214
603417
603622
603829
604033
604241
604443
604646
604848
605055
605259
605464
605669
605874
606078
606284
606489
606696
606901
607105
607312
607516
607724
607929
608139
608342
608547
608747
608954
609156
609362
609569
609775
609980
610189
610392
610597
610804
611013
611220
611424
611627
611832
612038
612244
612451
612655
612858
613063
613268
613472
613680
613884
614088
614290
614497
614704
614908
615115
615318
615527
615730
615932
616134
616340
616546
616752
616957
617163
617370
617573
617779
617984
618190
618396
618601
618802
619009
619213
619420
619627
619832
620034
620242
620449
620658
620860
621065
621272
621473
621676
621885
622087
622292
622495
622701
622906
623112
623316
623519
623720
623928
624133
624335
624539
624742
624946
625153
625361
625567
625773
625981
626183
626389
626594
626795
627000
627206
627410
627616
627820
628022
628226
628431
628635
628840
629044
629248
629458
629659
629867
630073
630277
630483
630688
630889
631094
631302
631507
631716
631924
632128
632336
632541
632748
632952
633161
633364
633568
633772
633977
634179
634381
634588
634789
634993
635205
635410
635620
635828
636034
636241
636446
636650
636855
637059
637267
637471
637678
637883
638084
638288
638492
638696
638903
639109
639314
639521
639726
639931
640138
640341
640544
640754
640958
641164
641368
641573
641777
641982
642186
642393
642594
642800
643006
643212
643420
643624
643827
644033
644237
644444
644649
644855
645062
645265
645468
645673
645877
646081
646282
646489
646694
646895
647102
647304
647506
647712
647914
648118
648323
648528
648733
648938
649141
649347
649557
649763
649966
650169
650371
650575
650779
650984
651191
651393
651596
651799
652003
652206
652410
652615
652820
653025
653233
653435
653639
653841
654045
654248
654455
654663
654874
655079
655287
655490
655697
655900
656106
656309
656515
656717
656925
657128
657332
657535
657744
657947
658150
658354
658559
658765
658970
659177
659378
659585
659790
659995
660200
660407
660612
660819
661023
661228
661436
661642
661848
662056
662260
662466
662671
662875
663083
663286
663492
663700
663904
664110
664316
664523
664727
664929
665133
665338
665546
665749
665958
666161
666366
666571
666776
666979
667182
667386
667590
667792
667996
668198
668401
668604
668808
669013
669217
669424
669628
669833
670039
670244
670445
670650
670854
671060
671265
671471
671678
671885
672089
672291
672496
672703
672907
673110
673320
673524
673727
673932
674138
674345
674550
674752
674959
675160
675364
675568
675773
675978
676185
676392
676597
676799
677004
677208
677413
677616
677820
678027
678228
678433
678639
678843
679048
679255
679459
679665
679866
680071
680275
680478
680685
680889
681091
681294
681498
681704
681905
682107
682309
682513
682720
682923
683127
683331
683536
683741
683948
684150
684358
684563
684765
684969
685176