513.1431
517.7073
520.9073
525.9586
524.0637
530.4548
529.9774
531.977
536.2831
537.6594
537.6813
540.8054
543.8525
544.35
546.0692
548.4145
547.6878
552.6907
552.574
552.9769
554.207
555.4818
558.6604
555.5754
562.2369
561.6746
563.9557
563.6976
566.1
568.5428
568.4456
569.0374
570.6089
573.1978
572.8141
573.2996
575.8909
579.353
577.4366
580.5014
582.0051
583.0469
586.3253
585.268
587.4618
588.9886
589.5035
590.8231
592.5819
591.7047
593.9834
594.428
592.9568
594.8956
595.3819
595.1213
595.9518
598.0577
596.3705
597.4575
599.4492
597.6525
601.1591
599.5349
600.8927
601.0071
603.0908
602.5528
604.3357
603.5826
605.5197
605.0316
604.6396
607.7697
606.3451
604.204
608.1453
606.7039
608.7848
610.1667
611.6373
611.1476
612.9441
613.4913
612.6582
613.6927
614.4678
613.2394
614.6169
616.4205
617.4943
616.882
617.6827
619.4632
617.9017
616.9918
619.7643
620.8962
621.6033
622.2
622.138
622.0916
622.6529
624.118
622.1401
622.5203
624.0646
624.5644
625.7418
624.3528
626.1124
625.7897
625.9669
625.2034
624.2025
624.9218
626.4067
626.7466
626.9759
626.856
628.1643
627.985
628.9117
629.2847
628.1844
629.5827
630.7286
629.9759
629.4407
630.9378
631.7818
631.3962
631.2468
632.7169
632.6556
633.7382
633.3027
634.4258
635.4225
635.2238
635.1233
637.3284
638.2445
638.5345
638.9664
639.3005
638.8672
640.0865
641.0538
640.2446
641.2733
642.155
642.6241
643.149
643.2804
644.1561
645.2693
644.9288
645.1133
645.6398
645.59
646.1662
646.336
646.2905
646.7835
646.6589
647.8735
648.5679
649.3092
649.3187
649.8085
649.7114
650.238
650.9293
651.3318
652.5767
653.2949
653.2347
654.4403
655.1586
654.985
655.825
656.0546
656.6382
656.4272
656.7053
657.0313
657.4811
657.5331
658.0745
657.9426
658.4169
656.9816
658.2265
657.9029
658.4184
658.2031
658.8156
657.9429
657.761
658.7473
659.1358
659.931
657.8676
659.4067
659.9019
660.3198
661.0958
660.5023
660.9887
662.7313
662.1208
663.0749
663.6277
664.0352
664.7161
664.9088
665.6195
665.6895
666.361
666.5855
666.455
667.0089
666.5175
666.9344
666.71
667.4913
667.6955
667.8069
667.7353
668.5825
668.3072
668.61
668.8676
669.0369
668.8094
668.6996
669.4064
670.0569
670.8133
670.7776
670.525
671.0847
671.739
671.9672
672.7343
672.8665
673.0086
672.2599
672.6986
672.7799
672.8101
673.2158
672.6694
672.9561
673.1625
673.42
673.4216
673.7686
673.7373
673.9761
674.1932
674.7045
674.649
674.5452
674.6251
674.683
674.7479
674.9147
675.2895
675.7567
675.7553
676.3048
676.7814
676.9188
676.9515
677.7806
677.8054
678.0128
678.2079
678.5056
678.6334
678.4985
679.2322
679.6458
679.4456
679.7822
679.875
680.0112
680.5222
681.172
681.1662
681.6013
681.5336
681.2509
681.7902
681.697
681.6392
682.0749
682.0887
682.2923
682.4277
682.3535
682.6106
682.9083
683.0244
683.2762
683.0643
683.07
683.3246
683.4201
683.7311
683.4246
683.5986
683.6476
683.6451
683.6255
682.9424
683.3961
683.0475
682.9146
683.2865
683.5264
683.0569
683.6278
684.2491
683.8782
685.0029
685.4117
685.5424
685.635
685.4775
685.5991
685.4945
685.8642
685.7379
685.9861
685.7025
685.884
686.4125
686.6682
687.0682
686.8004
686.7874
686.4005
686.8949
687.1788
687.1767
686.8829
686.9051
687.2767
687.8698
687.3604
688.1239
687.6683
688.0193
688.6251
688.2966
688.3355
688.5757
688.4621
688.6958
688.523
688.7528
688.6802
688.9225
688.9376
688.7868
689.2888
689.2332
689.1227
689.512
689.9771
690.0703
689.9124
690.2418
691.0989
690.9961
690.7827
690.7003
690.6984
690.6417
691.176
690.4872
691.0968
690.3544
690.7779
691.2625
690.3717
691.0956
692.3013
691.9343
692.0851
691.7874
691.4964
691.7351
691.4407
691.7878
691.7707
691.9742
691.8502
691.7941
691.9031
691.6692
691.7457
691.8634
691.954
692.0092
692.3321
692.1638
691.9007
692.1136
692.1287
691.6348
692.686
692.9581
692.7244
693.2599
693.806
693.7242
693.9792
693.4128
694.0662
693.8914
694.5955
694.7646
694.72
694.6353
695.1324
694.9772
695.1815
695.0264
695.7728
695.3894
696.2154
696.3664
696.5049
697.1506
696.6533
696.4067
696.6807
696.8333
696.8253
696.8973
696.9548
696.7538
697.2999
696.9884
697.7519
697.2356
697.3307
697.0657
697.4024
697.2015
697.4276
697.4929
697.353
697.9329
698.0047
697.8922
697.756
698.2268
698.1163
698.0032
698.2843
698.3096
698.2377
698.5959
698.2725
698.5571
698.8073
698.8488
698.9431
698.8937
699.5787
699.5453
699.6683
699.77
700.2197
700.0658
700.2322
700.6343
700.5303
700.3605
700.3755
699.9661
700.3205
700.6425
700.6008
700.7098
700.4312
700.8321
700.6412
701.1384
700.8267
701.1653
701.7552
701.4976
701.9513
702.0904
701.9114
702.1235
702.1982
702.4061
702.8084
702.3367
702.6163
702.6142
702.6027
702.5195
702.6364
702.9348
702.7542
703.1411
702.8054
702.7168
703.009
702.7975
702.594
703.2076
702.9717
704.2553
704.0247
703.9211
704.035
704.0034
704.1
704.2925
704.0798
704.34
704.582
704.6332
704.2556
704.499
704.7644
705.2027
705.3693
705.3889
705.6323
705.68
705.7329
705.9257
705.7565
706.0241
705.9289
705.8344
706.3425
706.5479
706.3207
706.323
706.8535
706.3607
706.7721
706.7119
706.587
706.3088
706.4673
706.6666
706.6543
706.6426
706.9111
707.3208
707.134
706.8234
706.4001
706.6778
706.2883
707.1707
707.2513
706.9008
707.415
707.3727
707.5204
707.4557
707.4655
707.3067
707.4897
707.6096
707.8949
707.5234
707.2661
707.6935
707.6862
707.6698
707.9073
707.4207
708.2087
708.3677
708.6251
708.6865
708.7366
708.1957
708.6986
708.7662
708.5983
709.116
709.0087
709.3043
709.2188
709.1441
708.9626
709.2892
709.3923
709.2469
709.226
709.7444
710.1346
710.6318
710.4791
709.5617
710.1168
710.0164
710.4238
709.723
709.9225
710.0634
710.403
710.353
709.958
710.0849
710.0486
710.1666
710.3256
710.1884
710.4127
710.3118
710.489
710.6284
710.7626
710.9265
711.0106
710.9807
711.8445
711.8563
711.1586
712.0452
712.3168
711.7652
711.9649
712.3795
712.0864
712.26
712.294
713.06
712.8837
713.105
712.5031
713.1967
712.8931
712.5998
712.5547
712.592
712.4958
712.201
712.0397
712.0178
712.2423
712.7706
712.9418
713.4307
713.094
712.5096
712.6
712.7108
713.1324
712.9924
713.2645
713.7184
713.2807
713.2589
713.4402
713.1212
712.8296
713.2486
712.901
712.8793
713.1373
713.0938
713.0004
713.259
713.4756
713.2291
712.9376
713.4558
713.0521
713.2434
713.259
713.391
713.459
713.5022
713.2897
713.7734
713.9515
714.4496
714.0781
714.4186
714.3793
714.8154
713.8956
714.0188
714.2094
713.4988
713.9236
714.0603
713.6756
714.1403
713.7287
714.0191
713.9796
713.6494
713.8643
714.1212
714.2687
714.1031
714.3323
714.3096
714.3112
714.2104
714.5538
714.7897
714.4049
714.6039
715.0737
714.8075
714.6882
715.4509
715.658
715.0036
714.5071
714.9006
714.7022
714.7164
714.9167
714.8047
714.5663
715.0041
714.3835
714.6764
714.8568
714.5184
714.6662
714.7474
714.853
714.3289
714.8835
715.1491
715.3239
715.0449
715.1429
715.3954
715.7151
715.4708
715.7151
715.896
715.9285
716.7869
716.5961
716.551
716.7816
717.2996
716.3233
716.4521
716.5615
715.8486
716.3477
716.0437
716.1683
716.1118
716.7496
716.6465
716.2678
716.1991
716.0956
716.3072
716.1171
716.1317
716.3174
716.1099
716.3082
716.3913
716.4872
716.5779
716.739
717.4415
717.338
717.3992
717.4558
717.3079
717.5175
718.6429
718.6401
718.7356
717.9528
717.9528
717.7538
717.7719
717.7077
718.3591
717.7874
718.1168
718.4858
718.0479
718.8635
718.2216
718.0753
718.0722
718.3893
718.2051
718.1623
718.1832
718.2196
718.6491
718.3441
718.4477
718.378
718.575
718.8132
718.5978
718.2626
718.9654
718.6119
718.6622
719.1833
718.8787
718.5713
719.084
718.932
718.9852
718.6438
718.9644
719.548
719.4949
719.6087
719.6998
719.4619
719.9572
719.8522
720.2836
719.7694
720.092
719.9014
719.8852
720.6516
720.415
720.3917
720.2155
720.2087
720.2155
720.2222
720.2629
719.9058
720.2798
719.7962
719.7763
719.8136
720.089
720.3221
720.3287
720.1764
720.59
720.2047
720.2607
720.463
720.884
720.1893
720.5355
720.1198
720.6107
720.4297
720.74
720.4061
720.1881
720.0358
720.5145
720.3245
720.9119
720.4773
720.7552
720.4318
720.5378
720.4819
720.4005
720.9763
721.6226
720.9755
721.9902
720.8839
721.1311
721.8025
721.1382
720.9602
720.8299
721.6834
721.319
721.4146
721.5272
721.0772
721.0621
721.4545
721.1876
721.2551
721.2428
721.291
721.3256
720.9241
720.8785
721.4329
721.9802
722.3568
722.4396
722.4396
722.6312
722.6534
722.6534
722.1242
722.437
721.7358
721.5241
721.4796
721.7603
721.363
722.0283
721.2234
721.4672
722.3171
722.2766
722.2683
722.7698
722.0267
722.1592
722.5754
722.4269
722.4889
722.9918
722.8558
722.2646
722.4614
723.1007
723.1007
723.1007
723.1007
723.0582
723.0087
722.8492
722.3831
722.8851
722.5202
722.3593
721.9467
722.2989
722.4034
721.7874
722.5659
722.3194
722.0569
721.6952
722.0109
721.8397
721.9969
722.5115
722.2592
722.693
722.4658
722.9139
723.2219
722.653
722.9589
722.8087
723.2858
723.3124
722.6395
723.0406
722.9626
723.9918
723.2898
723.6031
722.9169
722.8836
722.7112
722.7088
722.4955
722.7512
722.7329
722.7019
722.9639
723.2144
723.0417
723.528
722.9976
723.268
723.5266
723.5825
723.3867
723.5502
723.2309
723.4352
723.2759
723.7324
723.2822
723.6865
722.9129
722.924
723.17
723.6957
723.566
723.338
724.1052
723.5796
723.628
723.3835
723.2979
723.6877
723.5181
723.8356
723.7693
723.9311
723.9577
723.9406
724.1332
724.4374
724.488
724.4705
724.5039
724.3899
724.4177
724.0388
724.5096
724.6494
724.5219
724.1439
724.7339
724.6102
725.4442
725.0086
724.7682
725.0219
725.2509
724.5365
724.3959
724.3192
724.8473
724.1063
724.1372
724.3831
724.2215
724.1992
724.4011
724.1075
723.9075
724.3318
724.006
724.3079
724.6979
724.8262
725.2715
725.3664
725.1829
725.2601
726.0147
725.9106
726.0295
725.6397
725.2814
725.7863
725.2472
725.9294
725.9075
725.5884
725.402
725.8711
725.8665
725.6642
725.5267
726.0882
725.588
725.2353
725.5746
725.5959
725.7536
725.4689
726.0309
725.8269
725.2878
725.9542
725.7064
726.029
726.0616
725.6282
725.8505
725.7112
725.9534
726.2235
726.5443
726.4106
726.3487
726.2798
726.103
727.2564
726.9835
726.9911
726.9926
727.4224
727.4144
727.4224
727.4224
727.4224
727.4224
726.8593
726.4768
726.3923
726.0514
726.1569
726.4628
726.165
726.2948
726.6312
726.696
727.079
727.067
727.9448
727.9423
727.9052
727.9448
727.9448
727.551
727.2635
727.4476
727.2327
727.287
726.928
726.9478
726.8809
726.889
726.9537
726.9706
727.1716
727.1874
727.0616
727.2076
727.4908
727.7578
727.6079
726.949
727.9178
726.752
727.0519
727.7038
727.4013
727.2901
727.5956
727.4386
727.1715
727.6351
727.472
727.2432
727.2729
728.1191
727.6636
727.319
727.84
728.0433
727.3916
727.9391
728.1105
728.1141
728.63
728.63
728.0917
727.9517
728.0342
727.9401
727.5197
727.6758
727.5951
727.5945
727.5354
727.275
727.4958
727.6141
727.4027
727.3903
727.4792
727.75
727.6052
727.6245
727.6426
728.3597
727.8557
728.2989
728.2145
728.0706
728.0811
728.1573
727.7328
728.098
727.9966
728.0521
727.8256
728.2169
728.1675
728.5342
728.0209
728.2526
728.2204
728.5792
728.2516
728.3683
728.4682
728.902
729.0034
728.8696
728.9902
729.1094
729.5202
729.0604
729.6411
729.3004
729.2537
728.9163
728.3386
728.4244
728.8366
728.7803
729.4255
729.2372
729.5473
728.8165
728.6099
729.0726
728.7789
728.6968
729.2495
728.7903
728.8005
728.5424
728.6981
728.9358
728.5181
728.6902
728.7083
728.8809
728.5513
728.6854
728.5754
728.749
728.9153
729.0113
729.288
728.7584
728.8915
729.2737
729.0942
729.0813
728.8643
729.2603
728.7202
729.0211
729.2911
729.3483
729.1775
729.7568
729.575
730.0219
730.1863
730.0008
729.1402
729.2911
729.459
729.7945
729.9673
730.0533
729.8831
729.9706
729.7445
729.6263
730.0287
730.2619
730.1343
730.0157
730.0867
730.5784
730.3271
730.0427
729.8171
730.4787
730.3897
730.3608
730.4597
730.7842
731.1973
730.7083
730.7234
731.125
730.9147
731.307
731.3702
731.781
731.8055
731.2527
730.9373
730.8381
730.921
731.178
730.856
730.7779
730.7574
731.2408
730.736
730.7518
730.4342
730.67
730.813
731.575
730.5067
731.0083
731.0194
731.0532
730.9692
731.3186
731.5082
731.8148
731.8718
731.4012
731.7726
731.6002
732.2908
731.5853
731.7919
732.207
731.8084
732.3864
732.1123
732.1322
732.556
731.7878
731.7935
731.5704
731.5143
731.5562
731.5587
731.6692
731.9272
731.5556
731.7038
731.7147
731.6117
731.3259
731.871
731.6913
731.788
731.6135
731.6382
731.7939
731.8054
731.8628
732.0695
731.731
731.6376
731.2396
731.8627
732.2253
732.0432
731.7231
731.5087
731.6918
731.8472
731.893
731.9159
731.5515
732.1646
731.83
732.1118
731.9065
732.4825
732.6061
732.2868
732.3321
732.4586
731.9713
732.5235
732.5552
732.8435
732.9258
732.7553
732.8815
732.798
733.2514
733.4762
732.2617
733.5664
732.9263
732.1362
732.2529
732.1144
733.18
732.158
732.3446
732.819
732.3342
732.8102
732.7039
732.95
732.6914
732.746
732.9174
732.5688
732.9123
732.4352
732.611
731.8531
732.8679
732.4355
732.1975
732.8453
732.7543
732.8261
732.8976
732.6271
733.1405
733.3864
733.0355
733.6481
733.1832
733.8107
733.4393
733.4323
733.2219
732.8823
733.3101
733.0962
733.3033
733.3121
733.1073
733.1634
732.9453
733.5355
733.4966
733.3822
734.458
733.6915
733.95
733.6268
733.509
733.67
733.0989
733.1571
733.2974
733.4315
734.4863
734.4863
734.4863
734.4863
733.7773
733.3386
733.5829
733.0396
733.6472
733.2598
733.6953
733.397
733.7106
733.3989
733.7693
733.8116
733.8643
733.6999
733.7222
734.0341
733.5358
733.4769
733.3209
734.6701
733.5707
733.5948
733.1859
733.8082
733.6453
733.6102
733.0924
733.3112
733.5111
733.3878
733.8767
733.8539
734.3541
733.6539
734.0608
733.7988
734.0512
734.0024
733.6891
733.6328
734.2584
733.2578
734.1349
733.687
733.8705
733.758
734.0214
733.6727
733.9356
733.0533
733.645
733.8253
733.807
733.5927
733.5493
733.674
733.3459
733.0741
732.9465
733.5904
733.6518
733.7728
733.3856
733.1892
733.7686
733.547
733.5997
733.777
733.8148
733.7269
734.393
734.5753
734.3692
734.8813
735.5371
734.7184
735.1732
734.5739
734.9583
734.6038
734.3768
734.5987
734.7559
734.2829
734.3489
734.5826
734.4229
734.3281
734.199
734.2167
734.2246
734.0048
734.1875
734.3445
733.9254
734.3665
733.9003
734.0923
734.3153
734.1819
733.6685
734.3514
734.2766
734.5283
734.5481
734.8182
734.9634
734.7271
735.6679
735.173
734.956
735.4478
735.5372
735.0511
736.0355
735.9345
735.4368
735.0757
735.1802
735.117
735.5164
735.5403
735.1506
734.9423
735.5093
735.6223
735.1835
735.4918
734.9716
735.3749
734.9691
735.1813
735.0508
735.4397
735.178
734.4293
735.03
734.9954
734.9243
734.7079
734.9415
735.356
735.0332
735.3315
735.1219
735.209
735.0854
735.361
735.5325
734.9617
734.8649
735.4738
735.321
735.2267
735.1633
736.0623
736.222
735.5068
735.6322
736.1708
735.2224
735.7
735.7556
735.9036
735.9
735.6639
736.1172
736.0837
737.0677
736.2558
736.3107
736.1984
736.2565
736.2592
736.4216
736.5974
736.8383
736.3463
736.3942
736.2507
736.0527
735.507
735.8929
735.9788
736.215
736.5953
736.933
737.2809
736.2334
736.2712
736.3481
737.3353
737.3353
736.8747
736.5322
736.4313
736.1842
736.5309
736.2964
735.8149
736.1121
736.3106
735.8892
735.674
735.6086
736.1432
736.3683
736.0364
736.145
736.0796
736.35
736.1314
736.152
735.7321
736.0271
735.9579
736.0396
735.7651
735.9662
736.3271
736.3484
736.1778
736.1135
736.1083
736.2266
736.4698
736.6163
736.9214
736.8136
736.4789
736.6268
736.8212
736.7593
736.9163
737.3547
737.2332
737.5458
738.0266
738.2612
738.144
738.1572
737.6965
737.8275
737.1584
737.6342
738.4711
738.3975
737.7706
737.2668
737.456
737.7539
737.5765
738.0255
737.5162
737.051
737.5825
737.2879
736.7662
737.242
737.4775
737.6219
737.4894
737.6901
737.8503
737.3069
737.1318
737.4295
737.4402
737.3849
737.1347
737.3476
737.2485
737.6848
737.4329
737.6394
737.1758
738.1059
737.6639
737.3854
737.3608
737.2072
737.247
737.546
737.3904
737.4224
737.8438
738.0605
738.1141
738.1628
738.231
737.9751
738.5205
738.3445
738.3061
738.3019
738.1685
738.6077
738.5732
738.3521
738.4902
738.1053
737.905
738.3238
738.4879
738.2025
738.6992
738.6019
738.6992
738.9692
739.1352
738.8959
738.758
738.9458
738.9556
738.5692
738.4627
738.7304
738.3842
738.587
738.6881
738.7165
738.9752
739.1181
738.7008
738.9867
739.5761
739.9053
739.9053
739.9053
739.9053
738.8339
739.9053
739.9053
739.2053
739.9053
739.1345
739.9053
739.9053
739.9053
739.9053
739.9053
739.9053
739.3038
739.9053
739.119
739.9053
739.9053
739.9053
739.3885
738.608
738.6257
738.9496
739.0901
739.2517
739.2661
738.9532
738.9828
738.9791
738.4493
739.8944
739.4332
739.8557
739.1719
738.9733
739.2673
739.8052
740.017
740.017
740.017
740.017
739.8265
740.017
740.017
739.7843
739.6693
739.8337
739.189
739.0542
739.1006
738.7893
739.0277
738.8443
739.0673
738.9466
738.6479
739.0799
739.559
739.2637
738.9765
738.806
738.9539
738.4307
738.7275
738.9564
738.5889
739.0206
739.2393
739.2812
739.0233
739.9979
739.0458
739.1502
739.192
739.1298
739.3633
739.9567
740.3107
740.2665
739.6661
739.686
739.1116
739.8209
739.2505
738.876
739.1627
738.9979
739.142
739.2329
738.8939
739.1868
739.0483
739.1058
739.5669
739.5197
739.4
739.027
739.5599
739.0818
740.2374
739.6437
739.3504
739.0388
739.5067
738.7186
739.3701
738.9262
739.7288
739.3047
739.5594
739.4081
739.0919
739.1101
739.3112
739.7202
739.3323
739.8754
740.2829
739.0481
740.1359
739.5269
740.6085
740.6085
740.6085
740.6085
740.2344
740.0476
740.0773
740.6085
740.4075
740.3472
739.768
739.6395
739.5557
739.8477
739.616
739.7756
739.7329
739.7869
739.9216
739.9265
739.989
739.874
740.6651
740.3122
739.8002
740.8015
740.5622
740.0782
739.7024
739.5517
739.6303
739.4911
740.2191
739.2203
739.9356
739.5349
739.6566
739.7635
740.0782
740.0641
740.027
740.0887
740.2388
740.3293
740.3639
740.1207
740.5201
739.6812
740.1483
740.329
739.8646
740.4459
740.4323
740.4094
741.166
741.2185
740.7839
740.7184
740.3474
740.5809
740.5178
740.5987
740.455
740.3907
740.5848
740.5717
740.473
740.5538
740.9752
740.8765
741.0713
740.3287
740.2599
740.0071
740.1887
739.7602
739.9059
740.2407
740.0747
740.4048
740.767
740.517
740.4883
740.2446
740.3211
740.4496
740.4506
740.6373
740.5916
740.5366
741.2371
740.9945
740.7578
740.8464
740.7945
741.4078
740.8437
741.1474
740.8229
741.0594
740.8347
740.8933
740.9357
740.9393
740.9955
740.8354
741.3184
740.9016
740.8375
741.3414
740.9086
741.0515
741.2462
741.3047
741.3447
741.6552
742.2762
741.7711
741.3456
740.9968
741.3446
741.0795
741.0779
741.4011
741.1762
741.059
741.0973
741.2354
741.5292
741.4862
741.406
741.6435
742.3907
742.0994
741.811
742.2607
741.8434
741.4072
741.7733
741.1357
741.6554
741.8491
741.8547
742.4576
741.4882
741.6448
741.4974
741.36
741.6332
741.1575
741.1868
741.844
741.559
741.5521
741.1561
741.1522
741.1308
741.6432
741.8842
741.6135
741.614
741.6871
742.3666
742.2098
742.7696
742.1416
742.4033
742.837
741.9407
741.8309
742.058
741.58
741.93
741.7585
742.0002
741.8973
741.6277
742.0672
741.9563
741.7475
742.0066
741.8378
742.7683
742.8951
742.8951
742.4183
741.9818
742.0258
742.4656
742.1527
742.2617
741.8903
742.1533
741.96
742.429
742.3961
741.8512
741.6469
741.6514
741.8276
741.8843
741.8633
741.6628
741.3511
741.6161
741.7218
741.1461
741.3096
741.0939
741.5691
741.2637
741.45
741.5248
741.428
741.4021
741.3013
741.4261
741.2573
741.6486
741.298
741.4011
741.1825
741.478
741.39
742.2565
741.9843
742.1037
742.0543
741.8338
741.8337
741.6681
742.1453
741.9114
742.3393
741.8422
741.8738
741.9055
742.0801
742.1724
742.2158
741.6902
741.9453
741.9408
741.769
742.0127
742.3603
742.0735
742.3855
742.1664
743.0353
742.5048
743.5635
743.1608
742.7446
742.75
743.5021
742.8027
743.1822
742.6702
742.5555
742.3904
742.7772
743.6649
743.6649
743.6649
743.6649
743.6649
743.6226
743.3427
742.7582
742.6398
742.5778
742.5705
742.4534
742.441
742.5744
742.412
742.4957
742.4139
742.3693
742.887
742.6107
742.4244
742.7572
743.1808
743.6284
743.8445
742.9472
742.9501
742.6248
742.8184
742.8005
742.886
742.5547
742.8094
742.5646
742.9417
742.3455
742.6258
742.7532
742.5176
742.8029
742.5872
742.4229
742.1574
742.2272
742.661
742.5989
742.6271
742.7486
743.0955
742.6871
742.9927
742.7391
743.2401
743.1451
743.2128
743.46
743.1493
743.9122
743.4861
743.5322
743.5968
743.4388
744.3566
744.3566
744.3566
743.697
743.7971
743.7794
744.3566
744.0107
743.5677
743.9981
744.0097
743.7794
743.7388
744.4093
744.4093
744.4093
744.4093
744.4093
744.4093
744.4093
744.4093
744.4093
744.4093
743.387
744.1208
743.6096
743.0748
743.2948
743.5277
743.291
743.3087
743.3439
743.3375
743.5073
743.4414
742.9777
743.4828
743.2481
743.2831
743.3237
743.6922
743.8412
743.8512
743.6075
743.4984
743.9208
743.5358
743.5566
743.5558
743.3652
743.5473
743.5137
743.6772
743.4045
743.585
743.7207
743.9607
743.5252
744.3598
743.5729
743.2466
743.2183
743.2362
742.7413
743.5517
743.013
742.5193
742.4496
743.0954
742.6964
742.1764
743.583
743.0908
742.3973
742.6588
743.1479
742.65
743.6419
743.791
743.6339
743.4135
743.439
744.4167
744.2609
744.2764
743.7568
744.2373
743.7021
744.6702
744.0677
744.392
744.4656
743.7217
744.6702
744.4634
744.1656
744.0942
744.1937
744.1874
744.431
743.6299
743.6769
743.5812
743.7979
743.5938
743.5408
744.7054
744.2403
743.8854
744.2079
743.092
743.9456
743.8176
744.162
744.3187
744.0317
744.2085
744.0557
743.7075
744.1168
744.122
744.3713
743.9643
744.0345
744.0031
744.327
744.9199
744.287
744.1714
744.7067
745.0863
745.0863
745.0863
745.0863
745.0863
744.6393
744.9452
744.993
744.8561
744.6344
744.7161
745.0863
744.5637
744.3755
744.4917
744.7357
744.3627
744.6388
744.1421
744.32
745.112
744.5303
744.5892
744.3539
744.2547
744.4324
744.3832
744.2838
744.3325
744.572
745.1874
745.183
744.3832
744.0923
744.0646
744.2083
743.9478
744.1741
744.0627
744.0709
744.0331
744.2072
743.8487
744.1854
744.3192
744.6243
744.6716
744.9711
744.3998
744.698
744.3408
744.2944
744.6329
744.3165
744.3398
744.7708
744.4193
744.2419
743.7186
743.5371
744.2479
744.2632
744.506
744.7319
744.6131
745.2646
745.5084
744.967
744.8269
744.2448
744.402
744.8842
745.2493
745.0172
744.8259
745.5306
745.0851
745.005
745.7932
745.4869
744.9851
745.0423
744.7733
744.4993
744.5769
744.5873
744.8115
744.2676
744.4392
744.4589
744.6365
744.5367
744.2891
744.9216
744.8515
744.7522
745.4912
745.4385
745.344
746.0282
745.7347
746.053
746.053
746.053
746.053
745.333
745.4985
745.079
744.9861
746.157
746.157
746.157
746.157
745.4695
746.157
746.157
746.157
746.157
746.157
746.157
746.157
746.157
746.157
746.157
745.5923
745.2475
745.6866
745.152
746.1796
745.5088
745.3071
745.2388
745.2172
745.3508
745.6866
746.1563
745.447
746.2102
745.8011
745.9413
745.9217
746.2747
746.1823
746.2747
746.2747
745.9365
746.2747
746.0397
746.2747
746.2747
746.2747
746.1234
745.5193
745.3096
745.2266
745.2984
744.9053
744.92
745.1473
745.0624
744.7405
745.1046
745.3732
745.2284
745.2913
745.359
745.8177
745.5056
745.2919
745.1629
745.2514
745.0745
745.343
745.1349
745.222
745.6825
746.0656
745.6232
745.9263
746.4507
745.9781
745.2131
745.696
745.6276
745.9169
745.5895
745.7068
746.5354
745.6119
746.4552
745.7306
745.635
745.813
746.1758
745.4418
745.7479
746.6916
746.6916
746.6916
746.6916
745.934
746.6916
746.6916
746.0246
746.118
746.6916
745.9647
746.515
746.4304
745.7787
746.6916
746.6916
746.6916
746.0568
745.7614
746.5948
745.9889
746.0378
745.4716
745.6254
745.8665
746.356
746.5107
745.6367
746.725
746.749
746.749
746.749
746.3898
746.3782
746.749
746.5051
746.749
746.749
746.304
745.7543
746.2933
745.4374
745.3909
746.0668
746.6498
745.582
745.5817
745.5477
745.3948
745.5874
745.9976
745.6236
745.2205
745.0609
745.5305
745.7012
745.4655
745.0795
745.7372
745.306
745.6225
745.6146
746.1401
745.9224
745.735
745.6501
745.7659
745.8831
746.0454
746.3306
746.1191
746.1103
745.9653
745.845
745.6301
744.8921
745.8719
745.9923
745.5293
745.535
745.6874
745.548
745.2249
745.8202
745.4553
746.0674
745.842
746.1375
745.8615
746.5156
746.1515
746.4598
745.7982
746.2598
746.3665
746.8929
746.4812
746.28
746.7216
747.2944
746.6031
747.2944
747.2996
747.2996
747.2996
746.4044
746.5933
747.2996
746.9166
746.1375
747.0355
746.7976
747.0932
746.3292
746.7727
746.1289
746.39
746.1741
746.8606
746.1403
746.4225
746.4453
746.7092
746.6635
746.4455
746.2947
746.1384
746.5865
746.8627
746.7781
746.4651
746.0052
746.0226
746.2397
746.2631
746.1161
746.4134
746.5201
746.5763
746.3336
746.2996
746.2159
746.3474
746.1021
745.9047
745.9778
745.7406
745.8937
746.1076
746.1233
746.1209
745.9654
745.8881
745.7172
745.7079
745.9278
745.7149
745.7817
745.881
745.63
745.2931
745.5627
746.6119
746.0089
746.0442
746.0252
746.4296
746.2912
746.4894
746.1424
746.402
746.9651
746.5433
746.6677
746.2437
746.4212
746.4189
746.7032
746.6523
746.5211
745.97
746.1003
746.3066
746.5452
746.0515
746.9548
746.3961
746.4138
746.1791
747.1685
746.6727
746.4411
746.3683
746.5421
746.2394
746.6727
746.4428
746.5853
747.6156
747.1107
747.3442
747.3167
747.6636
747.7285
747.7285
746.8867
747.7285
747.7285
747.7285
747.7285
747.7285
747.7285
747.7285
747.7285
747.2571
746.6364
746.9556
746.6748
747.0059
747.7451
747.7451
747.7451
747.7451
746.7369
747.7451
747.7451
747.683
747.7112
747.2686
746.7446
746.7434
746.5083
746.6152
746.6344
746.7205
746.7739
746.8692
746.5939
746.1484
746.2764
746.5608
746.3586
746.4332
746.4624
746.4993
746.3759
746.5007
746.7809
746.4276
746.8789
746.3652
746.8387
746.7823
746.9155
746.3531
746.5708
746.5646
746.3542
747.3787
746.9023
746.6875
746.8539
746.7877
746.7312
746.9479
746.7682
746.8672
747.0379
746.9446
747.2422
747.5558
747.2445
748.0212
747.1223
748.0212
747.8492
747.4411
748.0212
748.0212
748.0212
748.0212
747.4285
747.4775
748.0212
748.0212
748.0212
747.0217
746.8944
746.9259
747.2634
747.4363
746.9543
746.7145
747.2336
747.0394
748.0624
747.0787
747.2186
747.2416
748.0822
748.0822
747.6049
747.1284
746.9014
746.6738
747.1624
747.064
747.1029
747.0477
747.1771
747.2128
748.1733
747.481
748.0507
747.8018
747.4797
748.0857
748.1733
747.0521
747.1671
747.0784
747.0099
746.8661
747.0424
747.7764
747.7603
748.2735
748.2735
748.2735
747.8491
748.2735
748.2735
748.2735
747.725
748.2735
748.2735
748.0764
748.2735
747.9471
747.5054
747.0231
747.0501
747.4835
746.7816
746.6765
747.0453
746.9125
747.3248
748.3079
748.1657
748.3079
747.6081
747.775
747.3222
747.2166
747.1367
747.4821
746.997
746.8398
746.9635
747.0325
746.9832
746.3975
746.7008
747.1871
746.871
746.9224
746.8788
746.6424
747.0089
746.8379
746.8788
746.7488
747.0228
747.6848
747.8016
747.378
747.0986
747.0707
747.3175
747.5941
747.4532
747.1437
747.0759
747.2167
747.7169
747.6989
747.582
748.5224
748.5224
747.9377
748.0918
748.5497
747.9138
748.5497
748.5497
748.5497
747.6226
747.9604
747.6337
746.9498
747.4827
747.3713
747.3616
747.1639
747.056
747.4625
747.1606
747.3334
747.4793
747.5211
747.5238
747.3458
747.2482
747.3708
747.1343
747.4969
747.1496
747.3726
747.5098
747.405
747.2302
747.3617
747.1722
747.7259
747.7922
748.0234
747.7668
747.6544
747.3563
747.2299
747.3119
747.2797
747.5746
747.6432
748.4492
748.6168
748.6168
748.6168
748.59
748.4398
748.2921
748.1017
748.0055
748.0209
748.192
748.659
748.659
747.7472
748.659
748.659
748.659
748.4531
748.659
747.9794
748.058
747.4105
747.5068
747.5766
747.7758
747.4099
747.8853
747.4222
747.5283
747.7559
747.2268
747.3416
747.1995
747.426
747.1457
747.2941
746.8944
747.168
747.301
747.933
748.1932
748.1
748.32
747.8979
747.6231
748.6921
747.8848
748.6422
747.6464
748.4935
748.6666
748.4769
748.1542
748.2181
747.8956
747.6779
747.3436
747.5519
747.6536
747.9616
748.0961
747.9845
747.7067
747.9249
748.0513
747.835
747.7371
748.3892
748.8
748.6438
748.6432
748.1941
748.7942
748.7384
748.8363
748.3352
748.8363
748.4902
748.8363
748.8363
748.3419
748.0954
748.8363
748.8195
748.8363
748.1109
747.9358
748.3871
748.3788
748.6553
747.5535
747.6566
747.6525
747.5882
747.2599
747.7564
747.7249
747.6585
747.6306
747.6625
747.8663
748.3594
748.0337
747.8929
747.7721
748.0067
747.6406
747.9268
747.6314
748.0161
747.7737
748.1559
748.7557
747.8616
747.9451
748.1057
748.3691
748.2703
747.8674
747.7759
747.5577
747.7266
748.152
748.3619
748.0236
747.8486
747.8846
748.0151
748.3094
748.2781
748.3763
748.4786
747.9012
748.1721
748.3905
749.3457
748.4345
748.5126
749.3539
749.3539
748.9478
749.3539
749.3539
748.7195
748.1359
748.3705
747.9376
748.5467
748.4564
748.4549
748.2452
747.7678
748.7018
748.8535
749.3959
749.3959
749.3959
749.252
749.3959
749.0978
749.3959
748.7294
748.4149
748.3734
748.1298
748.3015
748.134
748.0319
748.074
747.7811
748.3349
748.2783
748.3108
748.4298
748.0061
747.8862
747.5779
748.4322
748.7701
748.4064
748.4078
748.3574
748.1428
748.5041
748.3821
748.3694
748.4423
748.4811
748.2107
748.2399
748.0132
748.4236
748.0378
748.2448
748.2334
747.9863
748.1685
748.5527
748.1335
748.0583
748.1194
748.0298
748.1904
748.1553
748.7189
748.7519
748.468
748.5057
749.4087
748.6579
748.7591
748.5441
749.3948
749.0876
749.5263
749.1592
749.2886
749.8544
749.8544
749.5307
749.8544
749.8544
749.1968
748.5759
749.5427
748.8534
748.6445
748.1624
749.5001
749.3541
748.987
748.8988
748.7593
749.6191
749.529
749.2107
749.916
749.554
749.9812
749.9812
749.9659
749.1969
749.4926
749.996
749.3931
749.0776
748.6661
748.7547
748.6412
748.658
748.8008
748.873
748.8383
748.429
748.4554
749.1007
748.738
748.451
748.97
748.3644
748.6189
748.9462
749.0123
750.098
750.1226
750.1226
750.1226
750.1226
750.1226
750.1226
750.1226
750.1226
749.6447
750.1226
750.1226
750.1226
749.6188
750.1226
750.1226
750.1226
750.1226
750.1226
750.1226
750.1226
749.9923
750.0655
750.1226
750.1226
750.1226
750.1226
750.1226
750.1226
749.0892
750.1226
750.1226
749.5555
750.1226
750.1226
750.1226
750.1226
749.548
749.2469
748.7278
748.9033
749.2046
749.4285
749.1271
749.0927
748.5239
749.0074
749.0059
749.4763
750.1226
750.1519
750.1519
750.0189
750.1519
750.1519
749.9395
750.1519
750.1519
749.968
750.1519
749.3857
749.4774
749.0161
748.8814
749.3065
748.7103
748.8259
748.994
749.2123
748.9714
749.0447
749.6339
749.0065
749.0547
749.7636
749.8029
750.2564
750.259
749.8323
750.259
750.259
750.259
750.2601
750.2601
750.2601
750.2601
750.2683
749.893
750.2683
750.2683
749.4194