541.7951
543.4451
548.7985
549.1233
551.7551
553.4095
554.1684
556.5599
556.7497
558.7308
560.378
563.5204
563.5204
564.5267
568.0189
569.7802
570.8707
571.9457
572.4708
573.0578
573.5189
575.3285
579.3535
579.3535
579.6832
580.7293
580.7293
582.6113
585.1698
585.1698
586.105
586.105
588.7562
590.135
591.6176
591.6176
591.6176
591.6176
591.8417
594.3571
594.6674
596.7135
596.7135
598.2326
599.6277
600.7836
601.0134
601.4493
602.9777
602.9777
603.5541
604.5452
604.5452
605.2463
605.2463
607.127
610.2277
610.2277
610.2277
610.2277
610.2277
611.202
613.9192
613.9192
613.9192
614.1772
614.1888
615.0729
615.0729
615.0729
616.6919
617.4753
617.4753
617.4753
618.838
618.838
618.838
619.3149
619.3149
619.3149
619.9955
621.0959
621.0959
621.6342
621.7693
623.2968
624.0341
624.414
625.5598
626.6608
626.6608
626.6608
626.6608
626.6608
627.5482
627.6999
627.72
628.5273
628.8041
629.3535
630.7088
630.7323
630.8777
631.2945
631.5825
632.3449
632.3625
632.8939
632.8939
632.8939
632.8939
633.011
633.4058
634.0842
634.2463
634.2463
635.0847
637.3296
637.3296
637.3296
637.6269
637.8545
638.8809
638.8809
638.8809
638.8809
639.0746
639.0746
639.1621
639.6435
639.6435
639.9079
640.5159
640.5159
640.9622
640.9622
642.791
642.791
642.791
643.9036
643.9036
643.9036
643.9036
644.2016
644.8694
644.8694
645.7596
646.0833
646.4681
646.7241
646.7804
646.9448
647.6377
648.7173
648.9278
648.9278
650.0624
650.0624
650.3193
651.189
651.2158
651.2158
651.2158
651.5722
651.9637
653.2746
653.6427
653.8976
653.9638
654.7519
654.7519
655.0247
655.9036
655.9036
656.9182
657.4614
657.4614
657.6816
658.0535
658.0878
658.1761
658.9326
658.9326
659.556
659.5784
659.7905
660.4014
660.7416
660.7416
661.3154
661.3339
661.6078
661.7125
662.1053
662.5306
662.5306
663.2916
663.3401
663.3401
663.8009
665.4099
665.4099
665.4099
666.4318
666.4318
666.9106
666.9106
666.9106
666.9106
668.386
668.386
668.386
668.386
668.622
668.622
668.8111
669.1974
669.2782
669.2782
669.4872
670.0679
670.0679
670.4161
670.4161
670.646
670.646
670.7823
671.1184
671.7521
671.7521
671.7521
671.8739
672.3301
672.3301
672.3765
672.3765
672.3765
672.8087
672.9509
672.9509
673.223
673.3881
673.5098
673.7271
673.9609
674.0563
674.3943
674.3943
674.4104
674.668
674.7795
674.7795
675.1112
675.4593
675.4593
675.4998
675.6008
675.9711
675.9711
676.6026
676.6026
676.6351
676.7879
676.8535
677.1743
677.5569
677.8633
678.1396
678.1396
678.3077
678.5209
678.833
678.9332
679.0585
679.847
679.847
679.847
680.1829
680.2124
680.4398
680.7176
681.0081
681.0479
681.4542
681.5494
682.1111
682.2242
682.2242
682.2549
682.597
682.6372
682.6372
682.8392
682.8782
683.0803
683.1915
683.264
684.1329
684.1329
684.1329
684.1329
684.3638
684.6241
684.6286
684.7665
684.7665
684.9625
684.9967
685.2653
685.2653
685.6606
685.6606
685.6606
685.6606
685.6981
685.8466
685.8466
685.8466
685.8466
686.2592
686.5298
686.5298
686.5715
686.5715
686.7125
686.7125
686.7543
686.8788
687.0766
687.0766
687.4116
687.4345
687.6335
687.6335
687.7551
687.7551
687.8577
687.8577
687.8577
688.0613
688.2657
688.2657
688.2657
688.3891
688.4117
688.5032
688.8599
688.8599
689.0818
689.3221
689.3392
689.3392
689.358
689.3923
689.546
689.7088
689.8782
689.8782
689.9561
689.9561
689.9832
690.1183
690.1183
690.2734
690.2734
690.9917
690.9917
691.0828
691.2775
691.3971
691.6288
691.6288
691.6288
691.6371
691.6371
691.7868
691.7868
691.8514
691.8514
692.1199
692.1357
692.1672
692.1672
692.295
692.403
692.6671
692.6671
692.9396
692.9396
693.065
693.065
693.3571
693.4338
693.6165
693.6165
693.8329
693.8708
694.1393
694.2773
694.3314
694.3314
694.4722
694.515
694.515
694.6086
695.0474
695.0474
695.0546
695.0976
695.4403
695.4403
695.4403
695.4403
695.72
695.72
695.72
696.017
696.2892
696.2892
696.2892
696.2892
696.382
696.382
696.382
696.4276
696.5925
696.6104
696.6603
697.2245
697.2245
697.2245
697.2245
697.2245
697.4868
697.4868
697.5231
697.7258
697.7258
697.7819
697.8942
698.0352
698.0352
698.0532
698.2052
698.3929
698.3929
698.8988
698.8988
698.8988
698.8988
698.8988
698.9234
698.9234
699.1879
699.1879
699.2957
699.4392
699.4953
699.5005
699.5718
699.6441
699.7002
699.8188
699.8416
700.1666
700.1666
700.3294
700.4136
700.4136
700.5295
700.6772
700.6772
701.072
701.0918
701.5213
701.5213
701.5213
701.6124
701.6691
701.6691
701.6691
701.8862
701.8862
701.9592
701.9592
702.1487
702.1487
702.221
702.3489
702.4922
702.4922
702.674
703.0197
703.0197
703.0197
703.1922
703.2365
703.4941
703.5511
703.6234
703.6445
703.7946
703.7958
703.8922
703.8922
704.012
704.1113
704.2141
704.2587
704.2587
704.3742
704.533
704.533
704.533
704.8345
704.8916
704.8916
704.8916
705.1249
705.1786
705.2937
705.2937
705.9347
705.9347
705.9347
705.9347
705.968
705.968
706.1956
706.3284
706.3284
706.3284
706.3284
706.5744
706.691
706.691
706.691
706.691
707.0001
707.0001
707.1281
707.1281
707.1973
707.2169
707.2169
707.365
707.365
707.5333
707.5333
707.5333
707.6606
707.6606
707.6985
707.7026
707.8404
707.8404
707.9405
707.9721
708.0722
708.132
708.1841
708.6039
708.6039
708.6039
708.6039
708.7089
708.7089
708.7664
708.7664
708.868
708.8818
708.8818
708.9474
708.9487
709.305
709.305
709.305
709.559
709.559
709.559
709.559
709.559
709.6662
709.6662
709.6662
709.7244
709.7741
709.7741
709.8277
709.9349
710.0098
710.1142
710.1589
710.2198
710.2198
710.2198
710.2198
710.2968
710.2968
710.3502
710.5547
710.5547
710.6318
710.6443
710.6443
710.6443
710.8264
710.8676
710.8676
711.2173
711.3993
711.4681
711.4681
711.5842
711.5842
711.7441
711.7448
711.7448
711.7523
711.9668
711.9668
712.0356
712.2021
712.26
712.26
712.5353
712.5353
712.6368
712.6368
712.6368
712.6368
712.645
712.7759
712.8959
712.9277
712.9353
713.0855
713.0855
713.149
713.149
713.1677
713.1967
713.1967
713.1967
713.1967
713.1967
713.1967
713.2163
713.2163
713.5965
713.5965
713.5965
713.5965
713.5965
713.5965
713.6241
713.6241
713.7936
713.7936
713.7936
713.7936
713.7936
713.8884
713.9752
713.9752
713.9752
713.9752
713.9752
714.07
714.07
714.07
714.1533
714.1891
714.1891
714.1891
714.2184
714.2184
714.2351
714.3065
714.3065
714.3065
714.3065
714.5182
714.5182
714.5182
714.5182
714.7323
714.741
714.741
714.7861
714.8154
714.8154
714.8154
714.8154
714.8154
714.888
714.9825
714.9825
715.07
715.07
715.07
715.07
715.07
715.0743
715.1755
715.282
715.4152
715.4152
715.4152
715.4752
715.6142
715.6869
715.6869
715.6869
715.7567
715.7567
715.7567
715.9427
715.9427
715.9427
715.9427
716.0538
716.0538
716.0851
716.0851
716.1217
716.1396
716.1443
716.3161
716.3364
716.3364
716.3364
716.4909
716.4909
716.4909
716.4909
716.4909
716.4921
716.4921
716.6729
716.6729
716.8151
716.8151
716.8151
716.8151
716.8151
716.9089
717.0225
717.1868
717.1868
717.1868
717.2462
717.34
717.34
717.3464
717.3464
717.3681
717.3681
717.3681
717.5016
717.5233
717.5233
717.5233
717.5233
717.5613
717.5613
717.61
717.7417
717.7417
717.7417
717.7417
717.8322
717.8411
717.8549
718.0507
718.0507
718.1259
718.1259
718.1259
718.153
718.1774
718.6429
718.6429
718.6429
718.6429
718.7356
718.7356
718.776
718.776
718.951
718.951
718.951
719.0181
719.0181
719.0934
719.1979
719.1979
719.3931
719.3931
719.3931
719.6489
719.6489
719.6489
719.6489
719.6489
719.6731
719.6731
719.7648
719.8066
719.8259
720.0972
720.0972
720.1636
720.1636
720.1636
720.1703
720.1703
720.1703
720.1703
720.1703
720.1902
720.1902
720.2722
720.2722
720.4284
720.4284
720.5079
720.5079
720.5208
720.6546
720.7025
720.7081
720.7081
720.7841
720.7903
720.7903
720.7903
720.8664
720.8664
720.8726
720.8726
720.8726
720.9163
720.9163
720.9562
720.9562
720.9562
720.965
720.965
721.0447
721.0933
721.0933
721.0933
721.1372
721.1459
721.1792
721.27
721.27
721.3091
721.3562
721.3562
721.3562
721.4088
721.4202
721.4227
721.4227
721.5591
721.5591
721.5692
721.6257
721.6506
721.6519
721.6915
721.6915
721.9078
721.9078
721.9078
721.9078
721.9459
721.9459
722.0201
722.0201
722.0201
722.0201
722.0552
722.0656
722.0656
722.0656
722.1174
722.1174
722.1279
722.1676
722.1951
722.1951
722.2024
722.3074
722.3074
722.3074
722.3222
722.3243
722.4396
722.4396
722.4396
722.4396
722.5114
722.6534
722.6534
722.6534
722.6534
722.6534
722.6534
722.6534
722.6534
722.7401
722.7401
722.7401
722.7541
722.7541
722.9385
722.9385
722.9407
722.9407
722.9604
722.9604
722.9888
722.9888
722.9888
722.9888
722.9918
722.9918
723.1007
723.1007
723.1007
723.1007
723.1007
723.1007
723.1007
723.1007
723.1007
723.1007
723.1007
723.1617
723.1617
723.1617
723.1617
723.1617
723.164
723.164
723.164
723.164
723.2252
723.2252
723.269
723.33
723.3307
723.5651
723.5651
723.7792
723.7792
723.7792
723.7792
723.7792
723.9197
723.9197
723.9197
723.9197
723.946
723.946
723.9976
723.9976
723.9976
723.9976
723.9976
724.2172
724.2172
724.2172
724.2172
724.2172
724.2172
724.3116
724.4291
724.4291
724.4788
724.493
724.493
724.514
724.5541
724.5541
724.5704
724.5974
724.5974
724.6633
724.6633
724.6633
724.6773
724.6773
724.7188
724.7497
724.7497
724.8084
724.8084
724.8084
724.8084
724.8122
724.8122
724.8122
724.9427
724.9751
725.0461
725.0461
725.0964
725.1474
725.1474
725.1674
725.2751
725.2751
725.2841
725.3196
725.3196
725.3369
725.3369
725.3369
725.3569
725.3569
725.3831
725.3831
725.3831
725.452
725.452
725.452
725.5116
725.5116
725.5116
725.5366
725.5366
725.7327
725.7327
725.7327
725.7327
725.7327
725.7578
725.7578
725.7578
725.8191
726.0656
726.0656
726.0656
726.0906
726.0906
726.3032
726.3032
726.3032
726.3032
726.3032
726.3032
726.3182
726.3182
726.3182
726.3182
726.4496
726.4496
726.4496
726.4496
726.4496
726.5482
726.5482
726.5482
726.5588
726.5588
726.6356
726.6356
726.6463
726.6463
726.7364
726.7364
726.8257
726.8364
726.8549
726.8549
726.9619
726.9619
727.0483
727.0844
727.0844
727.0844
727.1505
727.1505
727.1505
727.1522
727.2183
727.2183
727.3401
727.3401
727.4224
727.4224
727.4224
727.4224
727.4224
727.4224
727.4224
727.4224
727.4224
727.4224
727.4224
727.4224
727.4224
727.4874
727.4874
727.7151
727.7151
727.7151
727.7151
727.9448
727.9448
727.9448
727.9448
727.9448
727.9448
727.9448
727.9448
727.9448
727.9448
727.9448
727.9448
728.0158
728.0158
728.0158
728.0158
728.0202
728.0202
728.0202
728.038
728.1827
728.1827
728.1827
728.1827
728.1827
728.2012
728.2012
728.2335
728.2335
728.2584
728.2847
728.2847
728.2847
728.342
728.3878
728.3878
728.4083
728.442
728.442
728.4448
728.4581
728.4581
728.4581
728.4858
728.4858
728.4858
728.63
728.63
728.63
728.63
728.63
728.63
728.63
728.63
728.6794
728.7449
728.7449
728.7449
728.7449
728.7449
728.7474
728.7474
728.7474
728.8093
728.8093
728.8566
728.9219
728.9219
728.9219
728.994
728.994
729.0172
729.0172
729.0172
729.0172
729.0354
729.0354
729.0395
729.1495
729.1495
729.1495
729.1495
729.1495
729.2126
729.2126
729.2126
729.2126
729.2308
729.267
729.4607
729.47
729.47
729.47
729.55
729.5774
729.5774
729.5774
729.5774
729.6411
729.6411
729.6411
729.7009
729.7009
729.7125
729.7125
729.7165
729.7724
729.7724
729.784
729.784
729.784
729.784
729.8032
729.8032
729.8032
729.8105
729.8105
729.8391
729.8391
729.8391
729.8406
729.8406
729.8406
730.0268
730.0268
730.0268
730.0268
730.0268
730.0714
730.0714
730.0934
730.0934
730.1633
730.1633
730.1633
730.2391
730.2391
730.2391
730.3111
730.3111
730.3119
730.4576
730.4576
730.4767
730.529
730.5837
730.6714
730.6714
730.6714
730.6714
730.6714
730.7889
730.8068
730.837
730.837
730.8565
730.8565
731.0182
731.0267
731.0287
731.0287
731.0683
731.0683
731.0818
731.2112
731.2112
731.2112
731.2112
731.2576
731.2576
731.3829
731.387
731.5616
731.5616
731.6334
731.7637
731.7637
731.781
731.8055
731.8055
731.8055
731.8055
731.8055
731.8237
731.8237
731.8444
731.8444
731.8444
731.8625
731.8625
732.1553
732.1553
732.1553
732.3139
732.3139
732.3139
732.3139
732.3139
732.3139
732.3555
732.3882
732.3882
732.3882
732.407
732.407
732.4369
732.4493
732.4493
732.468
732.4978
732.5009
732.5307
732.5307
732.5307
732.6067
732.6067
732.6067
732.6067
732.6612
732.68
732.68
732.68
732.7706
732.7706
732.7706
732.8298
732.8298
732.8298
732.9413
732.9413
732.9413
732.9631
732.9631
733.0529
733.0529
733.0529
733.0529
733.0529
733.0529
733.0662
733.0662
733.0662
733.0662
733.0662
733.0662
733.1747
733.1747
733.1747
733.1747
733.1747
733.1747
733.1966
733.2411
733.2411
733.2598
733.2598
733.2598
733.2598
733.2964
733.2964
733.2964
733.4977
733.4977
733.4977
733.538
733.538
733.538
733.538
733.538
733.538
733.538
733.5664
733.5664
733.5664
733.5664
733.5812
733.5812
733.597
733.6447
733.6447
733.6447
733.678
733.7285
733.7285
733.731
733.7695
733.7695
733.7695
733.7695
733.7695
733.7882
733.7897
733.9072
733.9072
733.9072
733.9258
733.9258
733.9258
734.0681
734.0681
734.0681
734.1802
734.2213
734.2343
734.2654
734.2654
734.2654
734.2654
734.3035
734.3035
734.3035
734.3115
734.3557
734.3557
734.3937
734.408
734.408
734.4297
734.4297
734.458
734.458
734.458
734.458
734.4763
734.4763
734.4763
734.4763
734.4763
734.4763
734.4863
734.4863
734.4863
734.4863
734.4863
734.4863
734.4863
734.4863
734.4863
734.4954
734.4954
734.4954
734.4954
734.5854
734.5854
734.6034
734.6034
734.6034
734.6034
734.6034
734.6445
734.6445
734.6445
734.6701
734.6701
734.6913
734.6913
734.6913
734.6924
734.6924
734.7965
734.7965
734.7965
734.8194
734.8194
734.8194
734.8194
734.8599
734.8599
734.8599
734.8718
734.8718
734.8718
734.9484
734.9484
735.045
735.045
735.1143
735.1143
735.1143
735.1143
735.1201
735.1201
735.1201
735.1201
735.1201
735.17
735.17
735.1818
735.1818
735.1818
735.1818
735.1818
735.1916
735.1916
735.2884
735.3062
735.3062
735.3062
735.3228
735.3268
735.3268
735.3815
735.3815
735.3815
735.3815
735.3815
735.4401
735.5523
735.5523
735.5523
735.5523
735.5523
735.5523
735.5892
735.5892
735.5892
735.5892
735.6046
735.6108
735.6108
735.6108
735.6108
735.6108
735.6108
735.6232
735.8374
735.8387
735.8387
735.8387
735.8447
735.9156
735.9156
735.9156
735.9156
735.9156
735.9156
735.926
735.926
735.926
735.926
735.9547
735.9547
736.002
736.002
736.002
736.0627
736.0627
736.0627
736.0627
736.0627
736.0627
736.0653
736.1152
736.1152
736.1152
736.1152
736.1152
736.1152
736.162
736.162
736.162
736.162
736.162
736.162
736.162
736.1825
736.1825
736.1825
736.1825
736.2581
736.4
736.421
736.421
736.421
736.421
736.4381
736.4716
736.4716
736.519
736.519
736.519
736.5781
736.5781
736.5781
736.5824
736.6002
736.6002
736.6172
736.7635
736.7635
736.7942
736.7942
736.7942
736.8242
736.8242
736.8242
736.8408
736.8995
736.8995
736.8995
736.9039
736.9792
737.0677
737.0677
737.0677
737.0677
737.0986
737.0986
737.0986
737.0986
737.0986
737.0986
737.0986
737.0986
737.1058
737.1058
737.1084
737.1513
737.1513
737.2809
737.2809
737.2809
737.2809
737.3353
737.3353
737.3353
737.3353
737.3353
737.3353
737.3353
737.3998
737.3998
737.3998
737.4764
737.4764
737.4764
737.4764
737.5409
737.5447
737.5447
737.6459
737.6459
737.6459
737.6459
737.7189
737.7189
737.7189
737.7189
737.7189
737.7189
737.8004
737.8004
737.8004
737.8187
737.8187
737.8187
738.0848
738.0848
738.0848
738.0848
738.0848
738.0977
738.0977
738.0977
738.1032
738.1148
738.2955
738.2955
738.3583
738.3583
738.3583
738.3712
738.3712
738.4157
738.4157
738.4157
738.4157
738.4711
738.4711
738.4711
738.4711
738.4711
738.4711
738.5157
738.5157
738.5157
738.5157
738.5203
738.5203
738.5203
738.5203
738.5203
738.5203
738.5254
738.5254
738.5424
738.6284
738.6284
738.6284
738.6343
738.655
738.655
738.6648
738.7238
738.7238
738.7238
738.7238
738.7238
738.7463
738.7463
738.7463
738.7617
738.7617
738.7617
738.7776
738.7776
738.8339
738.8561
738.911
738.911
738.911
738.911
739.0006
739.0006
739.0006
739.1142
739.1142
739.1168
739.1261
739.1927
739.1927
739.1953
739.1953
739.2858
739.2858
739.322
739.322
739.3318
739.3499
739.3499
739.422
739.4656
739.496
739.5469
739.5469
739.6019
739.6019
739.6299
739.6299
739.6299
739.6425
739.649
739.6948
739.6948
739.7275
739.7275
739.849
739.849
739.8681
739.8862
739.9053
739.9053
739.9053
739.9053
739.9053
739.9053
739.9053
739.9053
739.9053
739.9053
739.9053
739.9053
739.9053
739.9053
739.9053
739.9053
739.9053
739.9053
739.9053
739.9053
739.9053
739.9053
739.9053
739.9053
739.9053
739.9053
739.9152
739.9152
739.9211
739.9211
739.9211
739.9868
739.9868
739.9868
739.9868
739.9868
739.9868
739.9868
740.017
740.017
740.017
740.017
740.017
740.017
740.017
740.017
740.017
740.017
740.017
740.017
740.017
740.017
740.017
740.0304
740.0304
740.0446
740.0446
740.0446
740.0501
740.0501
740.0501
740.1114
740.1114
740.1114
740.1114
740.1257
740.1831
740.1831
740.1831
740.2267
740.2267
740.247
740.247
740.247
740.247
740.247
740.247
740.3091
740.3091
740.3107
740.3107
740.3107
740.3107
740.3107
740.3107
740.3381
740.3381
740.3381
740.3381
740.3692
740.3692
740.3692
740.3692
740.3878
740.3878
740.3878
740.4059
740.4059
740.4059
740.4059
740.4156
740.4624
740.4624
740.4624
740.4624
740.4874
740.4874
740.4874
740.4874
740.5018
740.5018
740.5018
740.5018
740.5107
740.5107
740.5268
740.5268
740.5364
740.5534
740.5591
740.5641
740.5641
740.5641
740.6085
740.6085
740.6085
740.6085
740.6085
740.6085
740.6085
740.6085
740.6085
740.6085
740.6085
740.6085
740.6085
740.6179
740.6179
740.6381
740.6381
740.6381
740.7222
740.7222
740.7383
740.8015
740.8015
740.8015
740.8015
740.8015
740.8015
740.8015
740.8101
740.8101
740.8101
740.8101
740.8145
740.9146
740.9146
740.9146
740.9146
740.92
740.9241
740.9584
740.9584
740.9584
740.9584
740.9584
740.9584
741.0388
741.0388
741.0388
741.0388
741.0644
741.1484
741.1484
741.1484
741.1484
741.1583
741.2422
741.2422
741.2422
741.2422
741.2422
741.2433
741.2433
741.2433
741.2433
741.2624
741.2635
741.2635
741.2635
741.2683
741.2717
741.3338
741.3338
741.3338
741.3338
741.3338
741.3338
741.4398
741.4398
741.4528
741.5292
741.5292
741.5491
741.5777
741.5797
741.6055
741.6165
741.6282
741.6282
741.6561
741.6561
741.6926
741.6926
741.6926
741.7311
741.7311
741.8946
741.8946
741.8946
741.8946
741.8946
741.9549
741.9549
741.9726
741.9726
741.9726
742.0007
742.0007
742.0007
742.1038
742.1038
742.1346
742.1764
742.1764
742.1904
742.1904
742.2119
742.2341
742.2762
742.2762
742.2851
742.2851
742.2851
742.2851
742.3058
742.3058
742.3146
742.3146
742.3146
742.3741
742.3741
742.3741
742.3741
742.3741
742.3907
742.3907
742.3907
742.4199
742.4199
742.4199
742.4256
742.4465
742.4465
742.4518
742.4523
742.4576
742.4576
742.4906
742.4906
742.4906
742.4906
742.4906
742.4993
742.5087
742.5087
742.5087
742.5207
742.5425
742.5658
742.6686
742.6686
742.6686
742.7696
742.7696
742.7696
742.7696
742.7696
742.7696
742.837
742.837
742.837
742.837
742.837
742.837
742.837
742.8412
742.8412
742.8412
742.8412
742.8474
742.8474
742.868
742.868
742.868
742.8951
742.8951
742.8951
742.8951
742.8951
742.8951
742.8951
742.8951
743.0007
743.0007
743.0007
743.0007
743.0007
743.0007
743.0007
743.0007
743.0941
743.0941
743.0941
743.0941
743.0941
743.1053
743.1053
743.1053
743.1053
743.1053
743.1053
743.1053
743.1053
743.1053
743.1053
743.1053
743.1053
743.1053
743.1053
743.1896
743.1896
743.2059
743.2141
743.2141
743.2141
743.2141
743.2141
743.2141
743.2251
743.2251
743.2435
743.2435
743.3472
743.3472
743.3472
743.3472
743.3973
743.3973
743.3973
743.3973
743.3973
743.3973
743.477
743.477
743.477
743.477
743.477
743.5927
743.5927
743.6227
743.6227
743.6273
743.6273
743.6273
743.6273
743.6273
743.6614
743.6614
743.6614
743.6614
743.6614
743.6649
743.6649
743.6649
743.6649
743.6649
743.6649
743.6649
743.6649
743.6649
743.6649
743.6649
743.6649
743.6649
743.6674
743.6674
743.6674
743.701
743.7302
743.7302
743.7302
743.7457
743.7468
743.7468
743.7952
743.7952
743.8153
743.8445
743.8445
743.8445
743.8445
743.8445
743.8652
743.8652
743.8652
743.8694
743.8794
743.8794
743.9241
743.9241
743.9241
743.9241
743.9241
743.9293
743.9293
743.9293
743.9315
743.9504
743.9504
744.1392
744.1392
744.269
744.269
744.269
744.269
744.3116
744.3116
744.3116
744.3254
744.3467
744.3467
744.3467
744.3467
744.3467
744.3566
744.3566
744.3566
744.3566
744.3566
744.3566
744.3566
744.3566
744.3566
744.3566
744.3566
744.4022
744.4022
744.4093
744.4093
744.4093
744.4093
744.4093
744.4093
744.4093
744.4093
744.4093
744.4093
744.4093
744.4093
744.4093
744.4093
744.4093
744.4093
744.4093
744.4172
744.4172
744.4237
744.4267
744.4267
744.4267
744.4267
744.4741
744.4741
744.4924
744.4924
744.4924
744.4924
744.4924
744.4924
744.4924
744.4924
744.4991
744.4991
744.4991
744.5038
744.5038
744.5038
744.5082
744.5082
744.5082
744.5082
744.5082
744.5114
744.5114
744.5114
744.5114
744.5114
744.5179
744.5179
744.5179
744.5179
744.5541
744.5917
744.5917
744.5917
744.5917
744.5917
744.5917
744.5917
744.5917
744.5917
744.5917
744.5917
744.5917
744.5917
744.5917
744.6422
744.6422
744.6422
744.6437
744.6437
744.6437
744.6437
744.6437
744.6702
744.6702
744.6702
744.6702
744.7168
744.7168
744.7168
744.7168
744.7168
744.7168
744.719
744.719
744.719
744.719
744.7235
744.7235
744.7801
744.7801
744.7801
744.7801
744.7823
744.7823
744.7944
744.7944
744.826
744.826
744.8299
744.8299
744.849
744.8759
744.8759
744.9433
744.9433
744.9433
744.9433
744.9433
744.9433
744.9517
744.9517
744.9517
744.9517
745.0863
745.0863
745.0863
745.0863
745.0863
745.0863
745.0863
745.0863
745.0863
745.0863
745.0863
745.0863
745.0863
745.0863
745.0863
745.0863
745.0863
745.0863
745.1066
745.1066
745.112
745.112
745.112
745.112
745.112
745.1641
745.1641
745.1874
745.1874
745.1874
745.1874
745.1874
745.1874
745.1874
745.1874
745.2235
745.2235
745.2235
745.2235
745.2235
745.2235
745.2235
745.2235
745.2654
745.2654
745.2654
745.3484
745.3484
745.3484
745.3484
745.3484
745.3545
745.3545
745.3646
745.3679
745.3679
745.3679
745.4324
745.4324
745.4518
745.5224
745.5224
745.5542
745.6191
745.6199
745.62
745.6718
745.6718
745.6767
745.6852
745.691
745.6951
745.7326
745.7334
745.7334
745.7747
745.7747
745.7747
745.7932
745.7932
745.7932
745.8697
745.8697
745.8697
745.8697
745.8697
745.8697
745.8697
745.8697
745.8881
745.8881
745.8961
745.9209
745.9209
745.9209
745.9209
745.9842
745.9842
745.9882
746.0282
746.0282
746.0282
746.053
746.053
746.053
746.053
746.053
746.053
746.053
746.053
746.157
746.157
746.157
746.157
746.157
746.157
746.157
746.157
746.157
746.157
746.157
746.157
746.157
746.157
746.157
746.157
746.157
746.1813
746.1813
746.1813
746.1813
746.1813
746.1813
746.2102
746.2102
746.2102
746.2102
746.2254
746.2595
746.2595
746.2595
746.2595
746.2747
746.2747
746.2747
746.2747
746.2747
746.2747
746.2747
746.2747
746.2747
746.2747
746.2747
746.2747
746.2747
746.2747
746.2747
746.2979
746.2979
746.2979
746.2991
746.3045
746.3045
746.315
746.3182
746.384
746.384
746.384
746.384
746.384
746.384
746.4135
746.4137
746.4146
746.4146
746.4146
746.4438
746.4443
746.4443
746.4443
746.4646
746.4646
746.4646
746.4668
746.4668
746.5804
746.5804
746.5804
746.5826
746.5826
746.6611
746.6611
746.6611
746.6611
746.6611
746.6611
746.6611
746.6611
746.6916
746.6916
746.6916
746.6916
746.6916
746.6916
746.6916
746.6916
746.6916
746.6916
746.6916
746.6916
746.6916
746.6916
746.6916
746.6916
746.6916
746.6916
746.6916
746.6916
746.6916
746.6916
746.7179
746.7179
746.7179
746.7179
746.7179
746.749
746.749
746.749
746.749
746.749
746.749
746.749
746.749
746.749
746.749
746.749
746.749
746.749
746.749
746.749
746.7665
746.7665
746.7665
746.7665
746.7665
746.7722
746.7722
746.7722
746.773
746.773
746.7744
746.8581
746.8581
746.8581
746.8581
746.8701
746.8701
746.8701
746.8701
746.8701
746.8701
746.9105
746.9105
746.9105
746.9105
746.9105
746.9109
746.9109
746.9454
746.9624
746.9624
746.9624
746.9658
746.9658
746.9863
746.9863
746.9863
747.0378
747.0378
747.0378
747.0703
747.129
747.129
747.1628
747.1628
747.1628
747.1892
747.2181
747.2181
747.2181
747.2181
747.2181
747.2524
747.2524
747.2524
747.2728
747.2822
747.2944
747.2944
747.2996
747.2996
747.2996
747.2996
747.2996
747.2996
747.2996
747.2996
747.2996
747.2996
747.2996
747.2996
747.2996
747.3107
747.3107
747.3107
747.3107
747.3107
747.3107
747.3107
747.3107
747.3107
747.3107
747.3107
747.3107
747.3107
747.3114
747.3215
747.3215
747.3215
747.3215
747.3215
747.3215
747.3215
747.3215
747.3215
747.3215
747.3215
747.3215
747.3387
747.3387
747.3387
747.3387
747.3387
747.3387
747.3762
747.3762
747.3762
747.3762
747.3762
747.3762
747.4368
747.4368
747.4368
747.4368
747.4368
747.4368
747.4368
747.4368
747.4368
747.4368
747.4368
747.4589
747.4589
747.4589
747.4589
747.4806
747.4806
747.5086
747.5194
747.5194
747.5215
747.5273
747.5273
747.5377
747.5377
747.6141
747.6141
747.6141
747.6141
747.6141
747.6141
747.6353
747.6353
747.6353
747.6353
747.6353
747.6353
747.6353
747.6353
747.6353
747.6353
747.6353
747.6353
747.6353
747.6353
747.6636
747.6636
747.6636
747.6636
747.6636
747.7285
747.7285
747.7285
747.7285
747.7285
747.7285
747.7285
747.7285
747.7285
747.7285
747.7285
747.7285
747.7285
747.7285
747.7285
747.7302
747.7302
747.7451
747.7451
747.7451
747.7451
747.7451
747.7451
747.7451
747.7451
747.7451
747.7451
747.7676
747.7676
747.7676
747.7676
747.7676
747.7676
747.7676
747.7676
747.7676
747.7676
747.7676
747.7923
747.7923
747.7923
747.7923
747.7923
747.8307
747.8307
747.8554
747.8554
747.8622
747.8712
747.8712
747.8712
747.8712
747.8809
747.9108
747.9205
747.9205
747.9205
747.9225
747.9477
747.9477
747.9503
747.9503
747.9503
747.9828
747.9828
747.9828
747.9828
747.9857
747.9857
748.0212
748.0212
748.0212
748.0212
748.0212
748.0212
748.0212
748.0212
748.0212
748.0212
748.0212
748.0212
748.0212
748.0212
748.0212
748.0212
748.0212
748.0212
748.0212
748.022
748.0686
748.0686
748.0686
748.0746
748.0746
748.0746
748.0746
748.0822
748.0822
748.0822
748.0822
748.1055
748.1055
748.1486
748.1493
748.1493
748.1493
748.1493
748.1572
748.1733
748.1733
748.1733
748.1733
748.1733
748.1987
748.1987
748.1987
748.1987
748.1987
748.1987
748.1987
748.1987
748.2292
748.2735
748.2735
748.2735
748.2735
748.2735
748.2735
748.2735
748.2735
748.2735
748.2735
748.2735
748.2735
748.2735
748.2735
748.2735
748.2735
748.2735
748.2772
748.2772
748.2772
748.3079
748.3079
748.3079
748.3079
748.3079
748.3079
748.3079
748.3079
748.3079
748.3079
748.3184
748.3184
748.3184
748.3184
748.3184
748.3498
748.3498
748.3498
748.3498
748.3892
748.3892
748.3892
748.3902
748.399
748.399
748.4014
748.4014
748.4014
748.4348
748.4348
748.4348
748.4348
748.4616
748.4616
748.4728
748.4728
748.4728
748.4728
748.48
748.48
748.48
748.5224
748.5224
748.5224
748.5497
748.5497
748.5497
748.5497
748.5497
748.5497
748.5497
748.5497
748.5497
748.5497
748.5497
748.5497
748.5517
748.5517
748.5517
748.5517
748.5517
748.5517
748.5517
748.5517
748.5517
748.5517
748.5517
748.5517
748.5632
748.5632
748.5632
748.5632
748.5632
748.5669
748.5669
748.5669
748.5735
748.5735
748.5797
748.5797
748.5797
748.5797
748.594
748.594
748.594
748.594
748.5971
748.6136
748.6136
748.6136
748.6136
748.6168
748.6168
748.6168
748.6168
748.6173
748.6173
748.6173
748.6173
748.6173
748.659
748.659
748.659
748.659
748.659
748.659
748.659
748.659
748.659
748.659
748.659
748.659
748.659
748.659
748.6699
748.6699
748.6699
748.6699
748.6699
748.6699
748.6699
748.6699
748.6699
748.6699
748.6699
748.6711
748.6711
748.6711
748.6711
748.6912
748.6912
748.6912
748.6912
748.6921
748.6921
748.6921
748.6921
748.6921
748.6921
748.6921
748.7088
748.7088
748.7088
748.7088
748.7287
748.7287
748.7306
748.7306
748.7505
748.7505
748.7505
748.7505
748.7505
748.7538
748.7737
748.7737
748.7768
748.7768
748.7768
748.7988
748.8
748.8
748.8363
748.8363
748.8363
748.8363
748.8363
748.8363
748.8363
748.8363
748.8363
748.8363
748.8363
748.8363
748.8363
748.8363
748.8363
748.8462
748.8462
748.8462
748.8462
748.8462
748.8519
748.8589
748.8589
748.8589
748.8915
748.9263
748.9263
748.9746
748.9746
748.9746
748.9865
748.9891
748.9954
748.9998
748.9998
749.0082
749.0299
749.0334
749.0334
749.0334
749.0334
749.0334
749.0334
749.0334
749.1371
749.1511
749.1511
749.1511
749.1511
749.2211
749.2211
749.2211
749.2211
749.2211
749.2211
749.2317
749.2317
749.2621
749.2716
749.2822
749.3153
749.3153
749.3153
749.3153
749.3457
749.3539
749.3539
749.3539
749.3539
749.3539
749.3539
749.3539
749.3539
749.3539
749.3539
749.3583
749.3583
749.3583
749.3583
749.3583
749.3959
749.3959
749.3959
749.3959
749.3959
749.3959
749.3959
749.3959
749.3959
749.3959
749.3959
749.3959
749.4097
749.4097
749.4338
749.4338
749.4556
749.4556
749.4556
749.4556
749.4556
749.4556
749.4556
749.4973
749.4973
749.4973
749.4973
749.4973
749.4973
749.5569
749.5569
749.5569
749.5687
749.5687
749.5716
749.5716
749.5746
749.6349
749.6349
749.6349
749.6349
749.6349
749.6349
749.6367
749.6765
749.6765
749.6765
749.6765
749.6765
749.6926
749.6926
749.6926
749.6926
749.7303
749.7303
749.7311
749.7911
749.7911
749.7942
749.7942
749.8151
749.8297
749.8297
749.8297
749.8349
749.8544
749.8544
749.8544
749.8544
749.8544
749.8544
749.8544
749.8544
749.8599
749.8599
749.8599
749.8599
749.8599
749.8651
749.8655
749.8655
749.8655
749.916
749.916
749.916
749.916
749.9812
749.9812
749.9812
749.9812
749.988
749.988
749.996
749.996
749.996
749.9998
750.0174
750.1013
750.1013
750.1013
750.1013
750.1226
750.1226
750.1226
750.1226
750.1226
750.1226
750.1226
750.1226
750.1226
750.1226
750.1226
750.1226
750.1226
750.1226
750.1226
750.1226
750.1226
750.1226
750.1226
750.1226
750.1226
750.1226
750.1226
750.1226
750.1226
750.1226
750.1226
750.1226
750.1226
750.1226
750.1226
750.1226
750.1226
750.1226
750.1226
750.1226
750.1226
750.1226
750.1226
750.1226
750.1226
750.1226
750.1226
750.1226
750.1226
750.1226
750.1226
750.1226
750.1226
750.1226
750.1226
750.1226
750.1226
750.1313
750.1313
750.1313
750.1313
750.1313
750.1313
750.1313
750.1519
750.1519
750.1519
750.1519
750.1519
750.1519
750.1519
750.1519
750.1519
750.1519
750.1519
750.1519
750.1519
750.186
750.186
750.186
750.186
750.186
750.186
750.1882
750.2025
750.2025
750.2362
750.2362
750.2362
750.2362
750.2564
750.259
750.259
750.259
750.259
750.2601
750.2601
750.2601
750.2601
750.2683
750.2683
750.2683
750.2683
750.2683
750.2683
750.2683
750.2683
750.2683
750.2683
750.2683
750.2765