305
509
711
919
1127
1333
1538
1745
1947
2154
2359
2564
2767
2971
3176
3382
3588
3796
4000
4202
4407
4612
4819
5026
5231
5437
5642
5847
6056
6260
6463
6667
6869
7073
7280
7485
7691
7897
8103
8307
8511
8717
8920
9128
9335
9541
9747
9953
10157
10361
10569
10779
10985
11193
11398
11605
11809
12011
12217
12423
12628
12833
13035
13237
13442
13649
13852
14055
14261
14466
14670
14872
15074
15281
15485
15689
15895
16099
16301
16506
16713
16920
17123
17329
17533
17735
17943
18146
18355
18563
18767
18974
19176
19379
19586
19792
19998
20201
20407
20615
20819
21026
21230
21436
21640
21844
22050
22255
22461
22668
22874
23079
23290
23493
23697
23904
24109
24316
24519
24724
24930
25135
25342
25548
25750
25956
26162
26366
26571
26776
26981
27188
27391
27597
27805
28010
28213
28420
28627
28831
29038
29242
29446
29653
29859
30064
30270
30476
30683
30887
31094
31299
31507
31711
31914
32118
32323
32528
32733
32939
33147
33349
33553
33758
33963
34167
34371
34579
34782
34986
35191
35394
35598
35804
36009
36215
36418
36623
36831
37033
37238
37439
37643
37846
38052
38257
38464
38666
38872
39079
39281
39483
39686
39893
40102
40304
40511
40716
40921
41128
41331
41538
41746
41950
42152
42355
42558
42763
42969
43175
43381
43588
43793
43999
44203
44409
44616
44821
45027
45229
45434
45639
45845
46051
46255
46461
46667
46868
47075
47275
47479
47684
47886
48088
48298
48501
48709
48916
49123
49324
49528
49735
49939
50143
50348
50552
50753
50956
51166
51373
51581
51785
51993
52199
52403
52604
52810
53011
53216
53418
53622
53830
54035
54237
54441
54644
54848
55052
55257
55460
55668
55875
56078
56285
56492
56699
56900
57107
57310
57515
57727
57933
58137
58341
58546
58750
58954
59161
59366
59570
59774
59978
60181
60392
60597
60803
61013
61220
61422
61626
61831
62034
62240
62450
62658
62864
63070
63275
63479
63682
63884
64087
64293
64497
64699
64900
65106
65309
65514
65725
65930
66134
66337
66540
66742
66945
67147
67351
67556
67761
67964
68170
68373
68580
68784
68993
69196
69404
69608
69814
70017
70222
70427
70631
70833
71039
71242
71447
71654
71858
72062
72270
72473
72678
72881
73086
73288
73490
73698
73901
74107
74311
74520
74724
74931
75137
75345
75548
75753
75963
76166
76377
76584
76792
76994
77201
77408
77614
77816
78021
78226
78429
78632
78836
79037
79243
79453
79656
79865
80068
80274
80477
80681
80883
81086
81293
81499
81709
81915
82121
82325
82528
82731
82935
83142
83345
83551
83755
83957
84164
84367
84573
84780
84983
85189
85395
85598
85806
86010
86213
86424
86628
86834
87038
87247
87453
87659
87864
88069
88272
88477
88681
88888
89092
89299
89502
89703
89907
90110
90314
90520
90727
90930
91135
91344
91548
91753
91959
92166
92367
92576
92782
92987
93190
93394
93597
93803
94007
94213
94418
94626
94829
95032
95239
95445
95653
95857
96063
96267
96472
96678
96885
97091
97295
97501
97704
97906
98108
98312
98515
98723
98926
99128
99335
99541
99747
99953
100157
100365
100571
100778
100982
101191
101394
101599
101803
102007
102216
102421
102628
102833
103039
103243
103447
103653
103861
104064
104264
104469
104675
104879
105081
105285
105487
105693
105897
106103
106307
106512
106718
106922
107128
107335
107544
107748
107952
108160
108367
108571
108777
108979
109185
109389
109595
109800
110010
110217
110423
110631
110833
111043
111246
111447
111650
111855
112058
112264
112474
112682
112885
113087
113290
113497
113700
113900
114102
114308
114514
114720
114926
115135
115343
115547
115749
115953
116155
116361
116564
116769
116979
117180
117388
117591
117792
117995
118200
118405
118617
118824
119026
119231
119439
119645
119846
120050
120253
120457
120665
120868
121071
121273
121477
121683
121885
122095
122300
122501
122706
122911
123116
123323
123529
123731
123933
124138
124343
124547
124748
124958
125162
125366
125570
125774
125980
126189
126393
126602
126807
127014
127215
127423
127625
127830
128037
128239
128443
128649
128852
129059
129263
129470
129678
129882
130085
130288
130495
130701
130905
131110
131318
131521
131728
131932
132139
132344
132552
132756
132964
133169
133380
133582
133786
133991
134197
134403
134609
134812
135017
135222
135423
135628
135832
136034
136239
136444
136649
136856
137060
137262
137465
137673
137881
138087
138293
138499
138704
138906
139114
139320
139528
139730
139934
140140
140347
140552
140755
140958
141164
141371
141577
141785
141992
142199
142403
142605
142807
143011
143216
143421
143624
143830
144035
144240
144442
144647
144850
145057
145261
145466
145669
145875
146081
146286
146490
146691
146901
147105
147311
147514
147717
147920
148125
148331
148540
148747
148956
149159
149362
149568
149773
149978
150182
150386
150595
150798
150999
151201
151407
151613
151818
152023
152228
152431
152637
152843
153054
153261
153470
153675
153878
154083
154288
154490
154695
154898
155105
155310
155515
155719
155925
156131
156340
156544
156748
156950
157155
157360
157566
157772
157977
158183
158387
158591
158798
159000
159204
159407
159615
159819
160023
160228
160438
160641
160844
161052
161257
161461
161667
161873
162076
162282
162485
162686
162890
163092
163297
163500
163703
163910
164115
164318
164526
164732
164940
165142
165344
165550
165755
165963
166167
166373
166576
166782
166988
167191
167395
167600
167808
168009
168213
168421
168626
168832
169039
169250
169453
169660
169865
170071
170277
170481
170688
170893
171096
171299
171506
171711
171914
172119
172323
172530
172737
172943
173145
173352
173554
173765
173972
174180
174381
174590
174797
175003
175208
175415
175618
175822
176026
176231
176438
176642
176848
177051
177258
177461
177667
177873
178080
178282
178486
178694
178898
179104
179312
179520
179724
179925
180132
180339
180546
180748
180949
181153
181359
181562
181766
181969
182173
182375
182581
182785
182990
183200
183405
183610
183814
184014
184218
184424
184628
184831
185034
185241
185444
185649
185853
186057
186262
186470
186676
186884
187089
187298
187501
187702
187903
188108
188315
188517
188721
188926
189129
189336
189541
189744
189948
190156
190358
190560
190766
190971
191177
191384
191594
191797
191999
192202
192407
192613
192820
193027
193228
193437
193643
193846
194046
194253
194457
194660
194864
195073
195273
195474
195681
195886
196090
196293
196497
196701
196907
197111
197314
197518
197725
197931
198137
198341
198548
198751
198956
199159
199363
199573
199780
199988
200194
200398
200602
200807
201010
201213
201416
201620
201825
202031
202240
202446
202651
202863
203071
203275
203479
203681
203890
204091
204299
204502
204706
204907
205112
205316
205520
205728
205930
206136
206342
206544
206747
206950
207151
207358
207562
207766
207973
208178
208384
208593
208798
209003
209211
209415
209621
209823
210028
210234
210443
210647
210854
211058
211263
211466
211668
211875
212079
212282
212491
212695
212901
213109
213312
213516
213716
213921
214125
214328
214533
214741
214948
215155
215359
215561
215763
215966
216170
216375
216579
216786
216988
217191
217395
217601
217807
218011
218219
218422
218631
218832
219035
219242
219451
219655
219863
220067
220274
220482
220684
220889
221091
221296
221504
221712
221916
222121
222329
222536
222738
222945
223146
223349
223556
223762
223966
224171
224376
224581
224787
224995
225198
225404
225605
225807
226013
226219
226424
226629
226835
227041
227248
227453
227657
227862
228067
228272
228478
228680
228887
229091
229294
229501
229709
229918
230121
230326
230530
230737
230940
231146
231353
231559
231767
231971
232176
232381
232587
232793
232999
233204
233406
233610
233817
234023
234227
234433
234638
234842
235047
235255
235460
235663
235867
236069
236274
236485
236687
236893
237099
237307
237510
237713
237923
238126
238332
238535
238738
238945
239150
239353
239556
239757
239964
240172
240381
240587
240794
240999
241203
241405
241614
241817
242019
242228
242431
242635
242838
243045
243251
243454
243658
243862
244069
244271
244475
244680
244884
245092
245299
245502
245707
245910
246115
246321
246524
246726
246928
247133
247338
247544
247749
247958
248160
248367
248574
248777
248980
249192
249395
249601
249808
250012
250220
250426
250636
250841
251046
251250
251453
251658
251867
252072
252277
252480
252682
252886
253088
253293
253498
253704
253908
254114
254317
254523
254725
254930
255137
255341
255548
255753
255956
256167
256374
256578
256783
256988
257192
257395
257600
257805
258008
258217
258420
258629
258836
259040
259248
259453
259654
259861
260069
260271
260475
260675
260881
261084
261290
261496
261701
261907
262112
262314
262522
262726
262934
263138
263345
263554
263764
263968
264171
264373
264578
264782
264987
265191
265398
265602
265808
266011
266218
266424
266629
266833
267045
267250
267456
267664
267870
268076
268282
268488
268694
268900
269101
269305
269513
269718
269923
270132
270339
270546
270751
270955
271165
271369
271575
271783
271990
272198
272403
272610
272816
273023
273229
273432
273634
273835
274042
274249
274454
274657
274860
275067
275270
275474
275678
275883
276090
276294
276504
276707
276918
277122
277326
277536
277740
277945
278149
278352
278559
278765
278972
279178
279382
279585
279793
280000
280206
280409
280615
280821
281023
281225
281428
281634
281837
282043
282247
282452
282656
282864
283072
283275
283476
283681
283883
284090
284293
284501
284708
284912
285116
285322
285528
285735
285938
286142
286347
286551
286757
286962
287168
287372
287578
287781
287983
288189
288392
288596
288799
289008
289211
289414
289620
289827
290032
290238
290447
290650
290855
291065
291269
291472
291680
291884
292088
292296
292502
292710
292917
293120
293328
293531
293734
293937
294143
294347
294556
294760
294966
295169
295377
295582
295785
295990
296196
296400
296603
296810
297014
297223
297427
297632
297836
298041
298245
298453
298661
298868
299072
299277
299483
299688
299894
300101
300305
300509
300711
300915
301119
301323
301531
301736
301941
302143
302347
302556
302761
302966
303174
303381
303582
303786
303992
304196
304403
304608
304815
305025
305228
305436
305641
305850
306057
306260
306464
306667
306872
307075
307280
307481
307683
307892
308095
308300
308504
308708
308918
309127
309335
309543
309752
309955
310162
310367
310575
310780
310984
311196
311402
311607
311809
312014
312223
312427
312634
312838
313039
313240
313443
313648
313851
314054
314260
314467
314672
314875
315082
315289
315492
315697
315902
316105
316310
316513
316721
316928
317134
317335
317540
317742
317948
318150
318354
318557
318763
318970
319177
319386
319593
319797
320003
320210
320413
320617
320826
321031
321238
321439
321641
321845
322052
322257
322460
322664
322869
323071
323276
323484
323688
323894
324097
324299
324502
324704
324907
325114
325319
325527
325732
325938
326142
326346
326552
326757
326965
327170
327373
327577
327779
327984
328186
328393
328596
328798
329003
329206
329410
329618
329823
330023
330224
330432
330641
330843
331049
331253
331456
331661
331868
332073
332279
332485
332691
332895
333098
333300
333505
333711
333913
334116
334322
334526
334730
334934
335136
335343
335547
335750
335953
336158
336362
336565
336774
336976
337180
337386
337587
337789
337992
338196
338404
338608
338814
339019
339223
339430
339636
339841
340048
340253
340456
340661
340868
341071
341279
341484
341689
341895
342098
342304
342505
342710
342916
343119
343323
343527
343733
343938
344144
344351
344559
344765
344971
345173
345377
345579
345783
345986
346189
346396
346599
346804
347005
347210
347413
347615
347819
348023
348230
348437
348644
348851
349057
349262
349465
349673
349881
350086
350292
350496
350699
350900
351107
351312
351515
351720
351924
352128
352332
352536
352742
352949
353153
353361
353562
353767
353972
354177
354382
354590
354795
354999
355206
355411
355615
355819
356028
356233
356438
356641
356844
357045
357250
357452
357659
357862
358067
358270
358473
358677
358880
359086
359292
359497
359700
359905
360115
360316
360519
360724
360928
361135
361337
361545
361751
361959
362167
362373
362583
362790
362993
363201
363407
363613
363817
364023
364229
364435
364641
364847
365053
365259
365464
365672
365875
366079
366287
366494
366700
366903
367106
367311
367518
367722
367928
368137
368341
368546
368751
368960
369164
369369
369576
369783
369987
370192
370398
370600
370805
371008
371211
371414
371619
371824
372027
372231
372438
372644
372847
373050
373252
373459
373665
373870
374074
374281
374483
374687
374889
375094
375300
375503
375709
375914
376118
376325
376530
376733
376937
377138
377343
377548
377752
377960
378166
378372
378576
378778
378982
379190
379396
379601
379805
380009
380217
380422
380626
380832
381036
381240
381444
381648
381852
382054
382257
382465
382669
382870
383076
383280
383486
383688
383890
384092
384297
384503
384706
384909
385116
385321
385526
385729
385935
386140
386342
386548
386756
386963
387167
387371
387574
387782
387990
388192
388398
388602
388805
389010
389212
389415
389621
389830
390036
390241
390450
390655
390858
391065
391271
391473
391678
391885
392090
392298
392504
392710
392916
393121
393325
393529
393734
393940
394147
394354
394559
394765
394972
395176
395389
395593
395796
396001
396204
396412
396618
396823
397027
397232
397441
397643
397847
398053
398257
398463
398675
398880
399087
399292
399498
399699
399902
400106
400310
400515
400721
400927
401128
401330
401537
401744
401949
402154
402359
402563
402769
402974
403179
403386
403596
403803
404004
404208
404414
404617
404821
405024
405230
405434
405638
405846
406055
406260
406465
406668
406876
407079
407283
407485
407689
407894
408098
408301
408506
408710
408915
409118
409327
409535
409740
409949
410155
410364
410570
410778
410979
411183
411387
411588
411791
411999
412203
412409
412619
412823
413028
413230
413436
413640
413841
414041
414243
414446
414652
414860
415065
415271
415471
415679
415881
416082
416288
416491
416694
416897
417101
417308
417515
417720
417924
418131
418337
418541
418749
418953
419160
419366
419570
419778
419981
420187
420395
420603
420811
421015
421222
421431
421633
421838
422047
422249
422454
422658
422860
423065
423269
423472
423675
423884
424091
424301
424505
424711
424918
425123
425328
425538
425740
425944
426146
426352
426556
426758
426962
427164
427367
427571
427777
427979
428183
428389
428592
428797
429001
429206
429410
429614
429823
430028
430234
430439
430642
430846
431049
431250
431458
431663
431869
432072
432275
432482
432685
432889
433097
433304
433510
433718
433924
434129
434335
434541
434750
434955
435162
435369
435574
435778
435986
436193
436394
436596
436801
437007
437209
437411
437621
437823
438030
438238
438439
438642
438850
439055
439260
439464
439669
439870
440072
440278
440482
440686
440890
441098
441302
441507
441717
441918
442123
442327
442534
442735
442941
443143
443349
443550
443756
443961
444164
444369
444574
444777
444980
445184
445391
445595
445796
445999
446208
446413
446619
446821
447025
447231
447441
447645
447850
448053
448264
448466
448676
448881
449090
449295
449498
449703
449909
450114
450320
450524
450728
450931
451137
451340
451545
451747
451950
452157
452359
452563
452766
452968
453174
453378
453584
453789
453993
454194
454395
454598
454802
455007
455211
455418
455623
455827
456030
456235
456438
456646
456853
457060
457264
457468
457671
457877
458084
458284
458487
458689
458895
459102
459304
459509
459715
459916
460119
460325
460527
460731
460940
461143
461347
461554
461758
461963
462168
462373
462578
462783
462988
463190
463394
463602
463807
464011
464211
464415
464621
464825
465026
465231
465437
465638
465842
466046
466249
466451
466656
466861
467067
467273
467474
467679
467881
468088
468294
468499
468704
468910
469114
469320
469526
469733
469935
470142
470352
470558
470763
470969
471174
471378
471584
471788
471995
472202
472406
472612
472816
473023
473229
473434
473638
473846
474054
474257
474461
474666
474868
475072
475279
475482
475685
475890
476093
476297
476502
476707
476911
477119
477329
477531
477736
477938
478141
478346
478553
478756
478964
479175
479379
479591
479797
480002
480205
480410
480618
480822
481025
481229
481435
481637
481843
482047
482249
482453
482662
482866
483069
483275
483478
483681
483888
484093
484301
484506
484712
484917
485127
485331
485534
485740
485941
486148
486354
486560
486770
486977
487178
487384
487592
487799
488009
488213
488422
488625
488833
489038
489243
489445
489653
489861
490068
490275
490481
490685
490889
491094
491300
491506
491712
491917
492122
492325
492530
492734
492939
493141
493348
493555
493763
493969
494174
494376
494580
494785
494989
495195
495399
495604
495806
496012
496217
496421
496626
496832
497035
497240
497444
497649
497853
498058
498263
498467
498676
498882
499086
499294
499499
499704
499910
500112
500316
500524
500730
500938
501143
501348
501549
501757
501961
502168
502374
502577
502780
502983
503190
503395
503597
503802
504009
504214
504417
504621
504829
505035
505239
505443
505644
505847
506050
506255
506461
506663
506869
507073
507282
507483
507688
507893
508097
508300
508504
508710
508918
509123
509325
509530
509738
509945
510154
510356
510562
510766
510972
511178
511383
511587
511789
511995
512199
512403
512612
512816
513018
513222
513426
513633
513840
514044
514249
514454
514656
514861
515065
515277
515481
515687
515892
516097
516301
516506
516710
516917
517120
517322
517527
517732
517938
518144
518348
518551
518758
518961
519167
519368
519574
519780
519982
520187
520390
520594
520799
521005
521211
521414
521617
521822
522029
522238
522445
522656
522864
523067
523274
523479
523685
523887
524091
524296
524501
524703
524906
525114
525317
525520
525720
525923
526126
526333
526538
526742
526945
527150
527352
527553
527763
527969
528172
528377
528581
528788
528996
529203
529405
529607
529816
530021
530225
530430
530635
530837
531046
531253
531457
531661
531865
532075
532280
532482
532685
532890
533094
533303
533508
533711
533917
534123
534330
534534
534735
534937
535142
535347
535551
535756
535961
536164
536369
536573
536779
536983
537189
537393
537599
537803
538007
538210
538414
538617
538824
539028
539232
539436
539640
539844
540048
540255
540463
540664
540868
541074
541279
541484
541688
541891
542097
542300
542506
542711
542916
543121
543327
543529
543737
543940
544141
544344
544548
544754
544960
545168
545373
545574
545779
545982
546186
546390
546592
546799
547001
547205
547409
547617
547820
548025
548230
548436
548643
548846
549048
549254
549459
549665
549867
550072
550275
550481
550686
550890
551095
551297
551502
551706
551915
552120
552328
552532
552738
552941
553146
553354
553559
553762
553970
554172
554377
554585
554789
554993
555198
555404
555606
555814
556017
556223
556426
556628
556832
557035
557243
557446
557650
557856
558062
558266
558469
558673
558882
559086
559291
559497
559703
559907
560113
560322
560533
560744
560946
561150
561353
561558
561763
561970
562172
562378
562582
562788
562992
563195
563399
563603
563808
564014
564219
564424
564629
564839
565045
565247
565452
565663
565871
566075
566279
566482
566689
566896
567100
567304
567507
567712
567917
568125
568327
568533
568738
568946
569149
569354
569560
569762
569969
570172
570376
570582
570787
570995
571200
571407
571612
571818
572024
572227
572434
572635
572839
573041
573248
573454
573660
573863
574068
574274
574477
574679
574883
575086
575292
575501
575705
575910
576118
576320
576524
576726
576928
577133
577338
577541
577746
577946
578150
578354
578562
578767
578973
579176
579383
579584
579789
579993
580200
580406
580613
580816
581024
581229
581437
581645
581854
582056
582261
582467
582672
582877
583079
583283
583489
583691
583897
584104
584308
584513
584716
584923
585129
585334
585540
585743
585948
586155
586362
586567
586773
586982
587186
587398
587607
587811
588019
588226
588434
588638
588845
589052
589255
589463
589665
589868
590075
590281
590485
590687
590891
591096
591303
591509
591715
591923
592127
592335
592540
592742
592948
593155
593357
593560
593764
593968
594171
594379
594579
594785
594986
595190
595393
595598
595801
596009
596214
596421
596624
596828
597032
597235
597438
597641
597844
598048
598252
598457
598660
598869
599074
599277
599480
599685
599890
600093
600299
600506
600712
600919
601125
601329
601534
601737
601940
602146
602350
602554
602760
602963
603169
603372
603576
603780
603983
604186
604392
604599
604800
605011
605219
605422
605628
605835
606042
606246
606452
606657
606860
607067
607271
607477
607681
607884
608088
608296
608502
608705
608912
609119
609325
609530
609736
609942
610148
610351
610559
610764
610969
611175
611378
611580
611787
611993
612194
612404
612610
612815
613027
613232
613437
613642
613850
614053
614257
614466
614674
614875
615081
615284
615487
615692
615902
616112
616319
616524
616727
616933
617141
617349
617553
617757
617964
618169
618373
618577
618783
618987
619193
619397
619602
619807
620010
620214
620417
620626
620830
621033
621238
621443
621647
621852
622059
622263
622468
622677
622884
623087
623292
623500
623706
623912
624118
624322
624530
624736
624941
625148
625349
625556
625761
625965
626169
626372
626576
626781
626985
627191
627394
627600
627808
628015
628219
628424
628634
628839
629045
629253
629457
629664
629870
630074
630281
630484
630688
630892
631095
631299
631503
631708
631909
632115
632322
632528
632735
632944
633148
633356
633566
633771
633975
634178
634382
634591
634794
634995
635198
635402
635612
635820
636024
636227
636430
636634
636841
637046
637250
637455
637661
637867
638072
638276
638481
638687
638889
639093
639302
639504
639708
639911
640117
640323
640527
640731
640937
641138
641342
641546
641756
641963
642168
642378
642580
642784
642991
643193
643396
643606
643812
644018
644224
644427
644629
644832
645041
645249
645453
645656
645863
646066
646272
646474
646677
646885
647091
647295
647498
647704
647911
648118
648323
648527
648731
648937
649143
649348
649554
649754
649959
650159
650367
650571
650776
650982
651191
651392
651595
651798
652005
652207
652411
652614
652817
653020
653228
653434
653642
653846
654052
654254
654460
654665
654870
655074
655282
655487
655691
655896
656101
656305
656509
656715
656925
657130
657333
657538
657747
657952
658157
658361
658566
658770
658972
659178
659382
659588
659794
660000
660206
660410
660620
660827
661029
661233
661438
661642
661844
662046
662247
662451
662653
662858
663060
663269
663471
663676
663878
664086
664293
664500
664703
664907
665113
665317
665521
665725
665930
666136
666340
666543
666747
666949
667154
667358
667562
667769
667973
668179
668382
668589
668793
669000
669204
669407
669614
669820
670023
670224
670428
670633
670839
671043
671248
671452
671663
671867
672072
672278
672483
672687
672891
673096
673299
673508
673710
673912
674117
674321
674524
674731
674933
675136
675339
675548
675753
675957
676161
676367
676573
676779
676982
677185
677388
677595
677800
678003
678210
678416
678620
678828
679031
679234
679436
679641
679847
680054
680256
680459
680664
680867
681070
681278
681483
681686
681891
682099
682304
682512
682718
682922
683124
683325
683528
683733
683940
684145
684349
684554
684759
684962
685166
685370
685577
685782
685988
686193
686400
686609
686814
687018
687219
687425
687629
687831
688038
688242
688448
688656
688859
689064
689268
689477
689680
689882
690086
690291
690497
690702
690908
691113
691323
691528
691732
691936
692144
692346
692548
692754
692960
693165
693369
693571
693776
693982
694187
694388
694591
694794
694998
695204
695408
695616
695819
696023
696227
696433
696639
696848
697050
697255
697463
697671
697874
698078
698281
698484
698688
698893
699101
699304
699511
699718
699925
700135
700342
700547
700749
700949
701152
701356
701562
701766
701973
702176
702382
702589
702793
702997
703201
703407
703610
703816
704022
704231
704437
704643
704844
705049
705253
705457
705663
705869
706076
706278
706479
706683
706889
707093
707298
707507
707712
707918
708124
708327
708531
708737
708941
709145
709348
709554
709756
709963
710167
710372
710573
710778
710983
711186
711389
711598
711804
712006
712210
712422
712626
712831
713036
713240
713448
713654
713860
714064
714269
714472
714673
714876
715083
715286
715491
715694
715897
716100
716302
716506
716710
716914
717122
717328
717533
717736
717944
718150
718357
718562
718770
718975
719184
719391
719597
719805
720013
720214
720421
720625
720834
721037
721242
721446
721649
721853
722060
722265
722469
722671
722875
723081
723286
723489
723696
723900
724105
724308
724514
724721
724926
725133
725340
725547
725751
725955
726162
726364
726568
726774
726979
727185
727389
727592
727795
728001
728202
728410
728617
728821
729026
729230
729435
729640
729846
730050
730254
730462
730667
730870
731073
731278
731484
731690
731896
732100
732301
732507
732712
732913
733119
733329
733532
733739
733945
734151
734357
734569
734771
734976
735183
735388
735594
735800
736003
736207
736416
736623
736829
737036
737242
737446
737654
737860
738067
738273
738478
738683
738889
739094
739299
739501
739703
739910
740115
740320
740523
740729
740934
741142
741350
741551
741752
741957
742159
742361
742563
742768
742972
743177
743379
743581
743785
743985
744186
744393
744598
744798
745002
745207
745413
745617
745825
746030
746236
746437
746641
746845
747052
747259
747460
747663
747868
748072
748280
748490
748695
748899
749106
749314
749522
749726
749930
750137
750343
750548
750751
750956
751161
751364
751572
751777
751981
752185
752392
752596
752799
753004
753209
753413
753624
753829
754032
754237
754444
754651
754855
755057
755263
755472
755676
755881
756089
756296
756505
756711
756912
757120
757323
757529
757735
757942
758147
758347
758552
758754
758957
759161
759366
759570
759775
759980
760186
760396
760597
760803
761008
761215
761423
761626
761833
762040
762247
762453
762658
762860
763064
763270
763473
763679
763881
764087
764291
764501
764711
764916
765124
765326
765536
765745
765948
766152
766361
766565
766769
766973
767177
767381
767585
767787
767990
768191
768397
768603
768808
769012
769215
769422
769628
769834
770042
770245
770447
770651
770856
771061
771263
771470
771675
771882
772087
772292
772499
772701
772903
773107
773313
773515
773719
773923
774128
774329
774531
774737
774940
775142
775345
775548
775750
775955
776160
776363
776568
776777
776980
777181
777388
777593
777795
778001
778210
778417
778617
778821
779025
779232
779434
779639
779848
780061
780261
780466
780671
780876
781080
781282
781488
781690
781892
782100
782304
782511
782717
782923
783127
783331
783534
783739
783942
784147
784354
784558
784758
784965
785170
785373
785578
785783
785986
786189
786395
786601
786806
787011
787213
787419
787621
787826
788027
788230
788437
788641
788850
789057
789264
789474
789679
789881
790088
790294
790498
790704
790911
791118
791326
791530
791733
791942
792148
792353
792558
792761
792967
793172
793378
793586
793789
794003
794208
794412
794618
794822
795027
795233
795440
795642
795845
796046
796255
796457
796659
796864
797069
797274
797480
797686
797893
798101
798306
798509
798716
798919
799121
799322
799525
799728
799934
800141
800346
800552
800757
800959
801168
801370
801575
801780
801985
802192
802396
802602
802806
803011
803213
803420
803623
803829
804035
804238
804446
804655
804864
805071
805273
805477
805682
805890
806093
806298
806506
806710
806914
807114
807318
807520
807723
807930
808135
808344
808547
808754
808956
809164
809371
809575
809781
809984
810192
810395
810602
810807
811013
811214
811422
811625
811826
812033
812236
812439
812641
812847
813052
813257
813458
813663
813870
814073
814276
814482
814692
814892
815101
815305
815508
815712
815917
816125
816331
816532
816734
816936
817141
817346
817550
817754
817960
818165
818371
818575
818780
818986
819190
819394
819604
819807
820014
820217
820427
820630
820831
821037
821244
821452
821656
821859
822064
822267
822472
822678
822883
823091
823295
823500
823710
823914
824123
824325
824530
824735
824942
825148
825356
825558
825763
825966
826172
826380
826586
826791
826994
827201
827405
827610
827813
828020
828228
828433
828638
828844
829052
829257
829464
829672
829874
830077
830280
830486
830691
830893
831099
831307
831508
831715
831920
832125
832329
832535
832740
832942
833148
833353
833560
833768
833970
834174
834379
834584
834789
834992
835200
835405
835613
835823
836025
836228
836433
836640
836848
837051
837261
837465
837670
837874
838082
838285
838486
838698
838902
839109
839312
839517
839722
839927
840133
840338
840547
840752
840959
841164
841368
841574
841779
841980
842189
842397
842609
842811
843015
843221
843428
843633
843839
844042
844247
844451
844659
844865
845072
845276
845479
845683
845891
846098
846301
846507
846716
846918
847120
847324
847530
847733
847937
848144
848352
848559
848765
848968
849174
849377
849581
849784
849990
850198
850401
850605
850812
851016
851220
851431
851638
851845
852048
852256
852461
852670
852873
853079
853287
853492
853698
853905
854112
854317
854525
854733
854938
855142
855344
855546
855752
855961
856164
856367
856576
856781
856991
857193
857398
857601
857803
858006
858210
858411
858616
858821
859024
859229
859430
859635
859838
860041
860246
860450
860657
860863
861070
861274
861480
861680
861885
862089
862290
862492
862700
862908
863116
863320
863525
863732
863939
864143
864350
864554
864757
864957
865162
865368
865573
865777
865984
866187
866391
866596
866801
867010
867212
867413
867615
867821
868025
868226
868431
868635
868842
869050
869254
869464
869666
869875
870076
870283
870487
870694
870902
871113
871318
871525
871730
871936
872140
872348
872552
872753
872958
873163
873371
873578
873780
873988
874192
874398
874604
874813
875017
875219
875422
875627
875832
876035
876245
876449
876653
876857
877065
877269
877474
877679
877882
878091
878295
878501
878706
878912
879119
879322
879528
879735
879940
880149
880354
880560
880763
880965
881168
881373
881577
881785
881990
882196
882398
882606
882810
883015
883219
883421
883626
883828
884030
884237
884438
884642
884848
885052
885257
885461
885663
885869
886073
886277
886484
886695
886901
887101
887306
887510
887714
887922
888129
888333
888540
888748
888950
889156
889362
889567
889773
889979
890184
890387
890591
890793
891000
891207
891413
891617
891821
892027
892231
892436
892641
892851
893055
893259
893465
893669
893870
894082
894287
894492
894697
894900
895106
895310
895512
895715
895920
896121
896324
896529
896738
896941
897148
897352
897558
897762
897969
898174
898381
898586
898791
898995
899200
899404
899612
899816
900024
900230
900431
900634
900837
901040
901245
901449
901654
901858
902063
902270
902476
902681
902888
903095
903300
903506
903711
903916
904123
904325
904532
904740
904946
905147
905352
905555
905761
905966
906171
906376
906577
906781
906987
907193
907404
907612
907818
908024
908233
908435
908640
908842
909049
909253
909456
909661
909871
910076
910280
910487
910688
910889
911091
911294
911500
911709
911912
912118
912323
912525
912731
912934
913134
913337
913538
913740
913943
914146
914352
914557
914767
914970
915173
915378
915583
915786
915990
916193
916395
916602
916806
917014
917220
917426
917630
917834
918042
918246
918451
918656
918860
919065
919269
919474
919680
919885
920091
920295
920497
920699
920904
921108
921313
921516
921724
921928
922134
922337
922545
922750
922953
923154
923362
923567
923769
923976
924181
924384
924587
924791
924998
925206
925410
925615
925818
926024
926231
926438
926645
926850
927053
927254
927460
927666
927870
928076
928285
928492
928697
928901
929108
929313
929518
929724
929932
930141
930342
930545
930749
930955
931161
931364
931568
931772
931979
932183
932384
932587
932791
932997
933201
933407
933612
933818
934022
934224
934429
934633
934839
935042
935248
935450
935657
935862
936068
936277
936484
936691
936897
937102
937308
937510
937719
937923
938130
938336
938541
938745
938948
939154
939359
939563
939767
939970
940176
940378
940588
940790
940995
941197
941401
941605
941810
942016
942222
942431
942635
942840
943043
943250
943457
943661
943867
944072
944276
944481
944686
944890
945094
945298
945501
945703
945908
946114
946317
946523
946732
946938
947143
947349
947555
947757
947962
948168
948371
948576
948780
948985
949190
949395
949603
949811
950018
950222
950429
950633
950841
951045
951250
951452
951656
951861
952066
952267
952472
952677
952879
953082
953291
953496
953703
953908
954111
954318
954525
954729
954934
955139
955348
955551
955760
955966
956169
956372
956577
956783
956992
957195
957401
957607
957812
958019
958221
958426
958631
958836
959036
959243
959447
959653
959856
960059
960264
960470
960671
960877
961081
961285
961490
961696
961901
962106
962315
962520
962723
962928
963133
963338
963544
963746
963949
964154
964359
964566
964774
964979
965183
965388
965593
965800
966004
966211
966415
966619
966825
967032
967237
967441
967648
967857
968064
968271
968474
968680
968885
969097
969302
969506
969710
969915
970121
970327
970531
970735
970940
971144
971353
971556
971761
971966
972169
972374
972579
972785
972986
973190
973397
973601
973815
974018
974224
974426
974631
974836
975043
975250
975456
975661
975863
976068
976274
976479
976681
976887
977093
977297
977502
977706
977910
978113
978315
978522
978729
978931
979136
979343
979549
979753
979957
980163
980368
980571
980777
980983
981191
981395
981596
981804
982014
982219
982423
982627
982836
983042
983245
983451
983658
983861
984064
984269
984475
984677
984884
985089
985298
985507
985711
985914
986116
986325
986529
986732
986935
987140
987345
987551
987755
987963
988167
988372
988576
988778
988984
989188
989394
989601
989806
990011
990214
990421
990626
990832
991035
991238
991442
991646
991849
992050
992254
992463
992670
992876
993082
993290
993493
993695
993899
994101
994309
994517
994727
994937
995141
995346
995553
995758
995965
996176
996381
996584
996789
996996
997200
997405
997609
997812
998017
998222
998426
998629
998838
999043
999248
999453
999662
999867
1000071
1000273
1000478
1000684
1000888
1001091
1001294
1001499
1001705
1001908
1002116
1002318
1002522
1002727
1002930
1003135
1003340
1003547
1003754
1003957
1004158
1004363
1004568
1004771
1004975
1005180
1005381
1005586
1005788
1005992
1006194
1006398
1006606
1006815
1007018
1007223
1007425
1007631
1007834
1008037
1008242
1008448
1008655
1008860
1009066
1009270
1009475
1009683
1009889
1010096
1010299
1010505
1010709
1010917
1011122
1011328
1011530
1011738
1011942
1012146
1012348
1012553
1012756
1012963
1013168
1013374
1013579
1013785
1013987
1014195
1014396
1014602
1014807
1015015
1015220
1015424
1015631
1015839
1016043
1016247
1016456
1016660
1016865
1017070
1017276
1017483
1017688
1017890
1018092
1018297
1018503
1018706
1018913
1019117
1019327
1019534
1019742
1019947
1020153
1020358
1020561
1020765
1020974
1021179
1021380
1021588
1021796
1021999
1022204
1022409
1022617
1022825
1023031
1023235
1023441
1023647
1023848
1024051
1024257
1024461
1024666
1024872
1025078
1025283
1025489
1025694
1025899
1026108
1026311
1026514
1026721
1026925
1027131
1027335
1027539
1027745
1027953
1028160
1028367
1028573
1028777
1028981
1029190
1029395
1029602
1029807
1030012
1030215
1030421
1030622
1030825
1031032
1031234
1031438
1031641
1031849
1032054
1032261
1032469
1032673
1032876
1033084
1033287
1033494
1033696
1033903
1034109
1034315
1034519
1034722
1034925
1035129
1035335
1035538
1035743
1035946
1036150
1036354
1036558
1036762
1036967
1037171
1037376
1037582
1037786
1037991
1038197
1038402
1038608
1038811
1039020
1039225
1039427
1039629
1039836
1040040
1040246
1040450
1040659
1040865
1041072
1041275
1041479
1041684
1041888
1042093
1042297
1042501
1042709
1042915
1043116
1043322
1043528
1043732
1043936
1044143
1044349
1044559
1044767
1044973
1045178
1045389
1045593
1045802
1046006
1046212
1046414
1046618
1046826
1047031
1047236
1047439
1047645
1047852
1048055
1048262
1048463
1048668
1048872
1049078
1049283
1049490
1049696
1049899
1050102
1050307
1050513
1050718
1050919
1051122
1051324
1051533
1051739
1051945
1052152
1052357
1052563
1052768
1052971
1053175
1053379
1053583
1053790
1053996
1054200
1054404
1054607
1054810
1055018
1055222
1055425
1055629
1055836
1056042
1056250
1056458
1056663
1056864
1057071
1057279
1057482
1057689
1057892
1058097
1058301
1058506
1058708
1058913
1059120
1059322
1059528
1059735
1059940
1060144
1060350
1060554
1060759
1060961
1061165
1061370
1061576
1061779
1061981
1062186
1062391
1062600
1062807
1063012
1063218
1063418
1063624
1063825
1064031
1064235
1064440
1064643
1064846
1065055
1065259
1065466
1065671
1065874
1066078
1066285
1066488
1066694
1066896
1067099
1067305
1067511
1067716
1067920
1068127
1068333
1068536
1068743
1068947
1069152
1069360
1069562
1069772
1069977
1070181
1070383
1070589
1070795
1070997
1071202
1071406
1071610
1071816
1072026
1072229
1072440
1072643
1072848
1073054
1073262
1073469
1073677
1073879
1074084
1074289
1074493
1074699
1074904
1075109
1075314
1075517
1075725
1075926
1076134
1076342
1076547
1076755
1076959
1077162
1077368
1077572
1077777
1077982
1078190
1078392
1078597
1078808
1079016
1079217
1079421
1079629
1079832
1080034
1080240
1080445
1080648
1080852
1081055
1081258
1081463
1081670
1081877
1082082
1082286
1082488
1082690
1082894
1083103
1083309
1083510
1083719
1083921
1084130
1084336
1084543
1084748
1084954
1085156
1085361
1085566
1085773
1085975
1086181
1086384
1086593
1086796
1087002
1087208
1087411
1087617
1087822
1088026
1088230
1088431
1088636
1088839
1089047
1089255
1089459
1089666
1089873
1090078
1090280
1090488
1090693
1090897
1091101
1091304
1091509
1091715
1091923
1092126
1092332
1092535
1092743
1092947
1093155
1093363
1093569
1093773
1093979
1094188
1094396
1094601
1094807
1095015
1095222
1095426
1095633
1095841
1096051
1096257
1096467
1096672
1096877
1097078
1097282
1097489
1097689
1097891
1098096
1098299
1098502
1098705
1098909
1099116
1099325
1099530
1099733
1099938
1100145
1100350
1100561
1100766
1100973
1101179
1101381
1101586
1101792
1101997
1102204
1102411
1102615
1102823
1103028
1103233
1103439
1103642
1103853
1104055
1104264
1104471
1104674
1104878
1105085
1105286
1105490
1105695
1105899
1106104
1106305
1106507
1106711
1106918
1107122
1107326
1107533
1107742
1107946
1108149
1108356
1108559
1108764
1108969
1109178
1109383
1109586
1109793
1109995
1110199
1110409
1110616
1110818
1111020
1111228
1111435
1111639
1111848
1112049
1112253
1112459
1112661
1112867
1113074
1113282
1113485
1113688
1113892
1114095
1114301
1114507
1114712
1114920
1115120
1115323
1115527
1115735
1115939
1116143
1116350
1116554
1116761
1116966
1117169
1117375
1117580
1117785
1117990
1118192
1118398
1118601
1118806
1119011
1119219
1119428
1119635
1119839
1120044
1120249
1120455
1120659
1120861
1121068
1121277
1121481
1121685
1121892
1122101
1122309
1122516
1122722
1122928
1123132
1123334
1123541
1123745
1123954
1124157
1124363
1124573
1124779
1124983
1125186
1125390
1125593
1125799
1126004
1126208
1126413
1126616
1126820
1127027
1127234
1127437
1127644
1127847
1128055
1128261
1128465
1128668
1128874
1129078
1129282
1129486
1129689
1129893
1130100
1130304
1130509
1130711
1130917
1131124
1131332
1131540
1131744
1131952
1132158
1132362
1132567
1132772
1132977
1133179
1133383
1133588
1133790
1133996
1134203
1134407
1134608
1134816
1135020
1135227
1135431
1135637
1135841
1136045
1136248
1136451
1136653
1136858
1137061
1137264
1137469
1137674
1137880
1138087
1138290
1138495
1138698
1138903
1139110
1139313
1139518
1139725
1139930
1140139
1140345
1140551
1140759
1140964
1141168
1141373
1141577
1141784
1141987
1142190
1142394
1142599
1142807
1143010
1143215
1143419
1143626
1143829
1144033
1144235
1144441
1144646
1144851
1145059
1145259
1145461
1145662
1145866
1146075
1146281
1146486
1146690
1146898
1147105
1147308
1147514
1147716
1147923
1148128
1148334
1148542
1148746
1148951
1149156
1149361
1149567
1149773
1149981
1150188
1150398
1150600
1150805
1151012
1151217
1151419
1151626
1151832
1152035
1152240
1152443
1152646
1152851
1153053
1153258
1153465
1153668
1153869
1154078
1154284
1154490
1154691
1154903
1155110
1155315
1155521
1155725
1155927
1156133
1156339
1156544
1156746
1156951
1157155
1157357
1157561
1157763
1157964
1158167
1158374
1158577
1158783
1158991
1159195
1159402
1159607
1159816
1160018
1160222
1160424
1160626
1160831
1161034
1161241
1161445
1161651
1161858
1162062
1162267
1162475
1162680
1162884
1163087
1163291
1163497
1163701
1163906
1164113
1164314
1164522
1164728
1164937
1165141
1165344
1165550
1165758
1165961
1166164
1166370
1166577
1166778
1166987
1167193
1167398
1167605
1167809
1168011
1168219
1168424
1168629
1168834
1169039
1169247
1169451
1169660
1169868
1170072
1170277
1170483
1170690
1170894
1171101
1171304
1171513
1171717
1171920
1172126
1172333
1172543
1172750
1172953
1173157
1173364
1173573
1173776
1173978
1174184
1174388
1174591
1174793
1174999
1175203
1175409
1175613
1175817
1176021
1176225
1176431
1176639
1176843
1177048
1177251
1177453
1177659
1177862
1178064
1178271
1178479
1178684
1178889
1179094
1179299
1179503
1179712
1179918
1180123
1180329
1180536
1180743
1180947
1181152
1181354
1181557
1181763
1181971
1182175
1182376
1182579
1182784
1182988
1183192
1183396
1183598
1183800
1184003
1184211
1184417
1184622
1184827
1185031
1185237
1185440
1185645
1185850
1186053
1186259
1186464
1186668
1186870
1187071
1187276
1187480
1187683
1187892
1188096
1188299
1188507
1188714
1188920
1189125
1189329
1189531
1189739
1189943
1190150
1190357
1190560
1190767
1190972
1191177
1191380
1191588
1191794
1191997
1192203
1192410
1192612
1192815
1193019
1193229
1193435
1193647
1193852
1194056
1194259
1194464
1194666
1194872
1195076
1195279
1195481
1195684
1195893
1196098
1196303
1196508
1196715
1196923
1197127
1197331
1197537
1197742
1197948
1198154
1198361
1198565
1198768
1198972
1199175
1199380
1199586
1199792
1199999
1200207
1200415
1200621
1200823
1201024
1201230
1201438
1201642
1201848
1202059
1202265
1202469
1202674
1202880
1203090
1203295
1203498
1203702
1203903
1204107
1204313
1204514
1204718
1204920
1205123
1205328
1205533
1205737
1205942
1206147
1206352
1206561
1206766
1206971
1207176
1207381
1207583
1207789
1207993
1208198
1208400
1208604
1208809
1209013
1209215
1209418
1209621
1209824
1210029
1210233
1210438
1210644
1210850
1211054
1211261
1211465
1211666
1211870
1212073
1212282
1212487
1212694
1212897
1213101
1213309
1213509
1213714
1213920
1214122
1214326
1214533
1214740
1214946
1215148
1215353
1215555
1215759
1215966
1216174
1216377
1216583
1216789
1216993
1217195
1217400
1217606
1217810
1218014
1218216
1218425
1218632
1218837
1219042
1219247
1219456
1219663
1219870
1220072
1220277
1220482
1220682
1220887
1221095
1221300
1221501
1221706
1221910
1222117
1222324
1222528
1222733
1222938
1223139
1223342
1223546
1223750
1223955
1224159
1224365
1224568
1224773
1224978
1225180
1225380
1225582
1225786
1225993
1226199
1226404
1226605
1226810
1227016
1227221
1227426
1227630
1227837
1228039
1228245
1228451
1228657
1228859
1229063
1229267
1229474
1229681
1229889
1230092
1230299
1230507
1230709
1230914
1231116
1231318
1231520
1231725
1231929
1232137
1232347
1232554
1232760
1232967
1233171
1233376
1233579
1233781
1233989
1234195
1234402
1234607
1234812
1235016
1235220
1235426
1235630
1235833
1236038
1236242
1236447
1236655
1236861
1237063
1237268
1237474
1237678
1237883
1238088
1238292
1238496
1238702
1238905
1239108
1239313
1239519
1239725
1239931
1240137
1240342
1240548
1240756
1240958
1241164
1241366
1241570
1241775
1241979
1242185
1242393
1242599
1242805
1243009
1243211
1243415
1243623
1243825
1244032
1244236
1244436
1244644
1244851
1245056
1245264
1245472
1245675
1245877
1246085
1246288
1246490
1246692
1246897
1247101
1247308
1247513
1247718
1247924
1248128
1248335
1248538
1248745
1248951
1249156
1249359
1249562
1249765
1249968
1250173
1250376
1250578
1250784
1250989
1251195
1251395
1251598
1251806
1252009
1252215
1252423
1252625
1252832
1253036
1253239
1253443
1253646
1253854
1254057
1254261
1254465
1254669
1254878
1255084
1255294
1255499
1255703
1255908
1256114
1256322
1256526
1256731
1256934
1257137
1257341
1257544
1257751
1257956
1258161
1258363
1258568
1258771
1258973
1259180
1259383
1259585
1259792
1259996
1260200
1260406
1260608
1260811
1261015
1261217
1261432
1261636
1261839
1262042
1262247
1262454
1262661
1262865
1263070
1263275
1263482
1263684
1263894
1264102
1264307
1264510
1264715
1264921
1265125
1265329
1265535
1265740
1265945
1266147
1266349
1266557
1266760
1266965
1267168
1267373
1267578
1267782
1267987
1268192
1268397
1268603
1268807
1269010
1269213
1269418
1269623
1269827
1270035
1270242
1270449
1270658
1270863
1271068
1271274
1271478
1271682
1271891
1272095
1272301
1272505
1272709
1272911
1273114
1273319
1273522
1273725
1273928
1274129
1274331
1274534
1274740
1274945
1275152
1275354
1275555
1275757
1275961
1276165
1276371
1276579
1276782
1276988
1277195
1277401
1277610
1277814
1278018
1278226
1278432
1278634
1278840
1279048
1279250
1279454
1279660
1279863
1280063
1280267
1280470
1280673
1280876
1281077
1281284
1281492
1281699
1281902
1282104
1282309
1282512
1282715
1282918
1283122
1283328
1283533
1283741
1283944
1284149
1284355
1284560
1284762
1284965
1285173
1285387
1285591
1285797
1286002
1286208
1286412
1286618
1286826
1287031
1287234
1287438
1287643
1287845
1288050
1288253
1288459
1288666
1288872
1289075
1289278
1289480
1289684
1289888
1290091
1290297
1290507
1290710
1290915
1291122
1291329
1291533
1291738
1291944
1292151
1292360
1292565
1292769
1292973
1293176
1293382
1293583
1293788
1293995
1294199
1294404
1294610
1294815
1295021
1295225
1295431
1295633
1295839
1296048
1296250
1296454
1296663
1296868
1297073
1297279
1297481
1297689
1297891
1298096
1298301
1298504
1298708
1298914
1299122
1299328
1299536
1299737
1299945
1300148
1300352
1300554
1300757
1300963
1301169
1301372
1301580
1301787
1301989
1302195
1302400
1302604
1302809
1303016
1303225
1303431
1303634
1303836
1304040
1304244
1304448
1304652
1304855
1305059
1305265
1305468
1305670
1305876
1306084
1306289
1306489
1306693
1306899
1307106
1307313
1307516
1307720
1307928
1308132
1308342
1308549
1308752
1308957
1309164
1309368
1309573
1309779
1309983
1310187
1310393
1310600
1310802
1311005
1311207
1311407
1311612
1311814
1312022
1312228
1312435
1312640
1312842
1313046
1313253
1313462
1313667
1313869
1314077
1314284
1314491
1314698
1314901
1315106
1315309
1315514
1315723
1315928
1316132
1316339
1316542
1316747
1316952
1317158
1317362
1317566
1317774
1317978
1318182
1318388
1318593
1318797
1319001
1319205
1319410
1319614
1319817
1320019
1320224
1320432
1320638
1320843
1321049
1321253
1321459
1321662
1321866
1322070
1322277
1322480
1322685
1322894
1323104
1323306
1323512
1323717
1323923
1324128
1324330
1324532
1324738
1324944
1325149
1325352
1325559
1325761
1325964
1326167
1326370
1326578
1326779
1326984
1327188
1327393
1327601
1327809
1328015
1328220
1328424
1328627
1328834
1329037
1329240
1329443
1329648
1329855
1330062
1330266
1330473
1330679
1330883
1331089
1331296
1331498
1331705
1331906
1332113
1332315
1332522
1332729
1332940
1333142
1333348
1333550
1333758
1333960
1334166
1334370
1334577
1334782
1334985
1335190
1335395
1335598
1335803
1336007
1336209
1336412
1336616
1336817
1337022
1337227
1337431
1337641
1337845
1338054
1338258
1338462
1338671
1338876
1339084
1339287
1339494
1339697
1339903
1340109
1340313
1340516
1340725
1340931
1341134
1341338
1341542
1341748
1341955
1342159
1342363
1342567
1342769
1342971
1343179
1343387
1343594
1343798
1344007
1344214
1344420
1344625
1344833
1345040
1345246
1345450
1345655
1345861
1346068
1346275
1346479
1346685
1346889
1347093
1347296
1347500
1347708
1347911
1348117
1348323
1348529
1348735
1348938
1349142
1349345
1349551
1349756
1349963
1350166
1350370
1350573
1350779
1350984
1351188
1351394
1351598
1351800
1352006
1352211
1352412
1352617
1352823
1353027
1353231
1353435
1353641
1353847
1354052
1354259
1354467
1354671
1354876
1355081
1355287
1355490
1355699
1355902
1356107
1356311
1356517
1356722
1356927
1357131
1357335
1357539
1357747
1357951
1358154
1358357
1358565
1358768
1358978
1359182
1359388
1359594
1359798
1360004
1360209
1360415
1360625
1360830
1361035
1361243
1361451
1361656
1361861
1362063
1362269
1362472
1362674
1362877
1363082
1363287
1363490
1363693
1363901
1364105
1364310
1364513
1364717
1364924
1365129
1365338
1365543
1365749
1365952
1366159
1366368
1366574
1366776
1366981
1367188
1367391
1367595
1367803
1368010
1368214
1368417
1368622
1368829
1369033
1369236
1369441
1369645
1369850
1370059
1370267
1370474
1370675
1370876
1371082
1371284
1371487
1371691
1371896
1372101
1372307
1372509
1372710
1372914
1373118
1373319
1373526
1373737
1373943
1374147
1374353
1374559
1374763
1374965
1375170
1375374
1375584
1375786
1375989
1376193
1376396
1376608
1376811
1377017
1377219
1377421
1377627
1377836
1378043
1378249
1378453
1378657
1378859
1379065
1379277
1379483
1379687
1379892
1380097
1380300
1380505
1380710
1380912
1381115
1381323
1381526
1381732
1381937
1382140
1382344
1382549
1382752
1382959
1383166
1383372
1383574
1383779
1383984
1384189
1384393
1384595
1384800
1385007
1385212
1385416
1385622
1385826
1386035
1386242
1386446
1386654
1386858
1387065
1387273
1387478
1387684
1387890
1388095
1388301
1388503
1388705
1388909
1389114
1389321
1389526
1389728
1389932
1390136
1390337
1390541
1390746
1390948
1391158
1391362
1391566
1391770
1391976
1392182
1392387
1392590
1392796
1393002
1393209
1393415
1393618
1393823
1394025
1394227
1394431
1394635
1394841
1395048
1395252
1395457
1395662
1395865
1396071
1396276
1396483
1396685
1396892
1397096
1397305
1397511
1397714
1397919
1398124
1398328
1398532
1398737
1398940
1399144
1399350
1399557
1399762
1399969
1400173
1400377
1400583
1400789
1400994
1401199
1401408
1401617
1401823
1402025
1402231
1402431
1402632
1402839
1403045
1403251
1403456
1403662
1403866
1404074
1404277
1404480
1404684
1404893
1405096
1405303
1405505
1405711
1405913
1406121
1406324
1406530
1406738
1406941
1407149
1407350
1407554
1407761
1407963
1408168
1408373
1408576
1408780
1408989
1409192
1409395
1409600
1409809
1410013
1410219
1410427
1410631
1410835
1411039
1411246
1411450
1411651
1411854
1412056
1412258
1412461
1412667
1412873
1413078
1413282
1413489
1413693
1413897
1414101
1414303
1414504
1414708
1414911
1415123
1415328
1415532
1415737
1415943
1416145
1416349
1416555
1416759
1416964
1417167
1417372
1417576
1417785
1417986
1418191
1418395
1418598
1418804
1419009
1419215
1419420
1419625
1419829
1420033
1420238
1420442
1420646
1420854
1421060
1421261
1421465
1421667
1421869
1422073
1422279
1422483
1422686
1422891
1423097
1423302
1423505
1423710
1423914
1424122
1424326
1424528
1424733
1424936
1425143
1425347
1425552
1425758
1425963
1426171
1426376
1426583
1426786
1426991
1427199
1427402
1427608
1427816
1428018
1428228
1428432
1428638
1428844
1429048
1429255
1429458
1429664
1429867
1430072
1430279
1430483
1430691
1430900
1431104
1431309
1431511
1431716
1431922
1432126
1432332
1432540
1432744
1432948
1433156
1433358
1433563
1433766
1433973
1434179
1434387
1434592
1434794
1434996
1435201
1435406
1435611
1435815
1436019
1436224
1436428
1436630
1436833
1437036
1437240
1437449
1437652
1437859
1438064
1438272
1438478
1438685
1438893
1439100
1439306
1439511
1439716
1439919
1440121
1440323
1440524
1440729
1440934
1441141
1441347
1441551
1441754
1441962
1442169
1442379
1442581
1442790
1442993
1443199
1443404
1443611
1443820
1444026
1444230
1444433
1444637
1444840
1445046
1445251
1445459
1445663
1445868
1446076
1446281
1446486
1446692
1446902
1447106
1447312
1447517
1447724
1447929
1448133
1448338
1448541
1448747
1448954
1449158
1449361
1449562
1449763
1449968
1450175
1450381
1450584
1450790
1450998
1451201
1451407
1451612
1451816
1452016
1452224
1452432
1452634
1452839
1453042
1453250
1453460
1453664
1453870
1454076
1454279
1454487
1454691
1454894
1455099
1455304
1455504
1455709
1455912
1456116
1456325
1456528
1456731
1456934
1457137
1457342
1457550
1457758
1457967
1458171
1458377
1458582
1458786
1458990
1459196
1459403
1459606
1459812
1460015
1460219
1460428
1460632
1460836
1461044
1461246
1461451
1461657
1461863
1462067
1462275
1462478
1462683
1462887
1463091
1463299
1463502
1463703
1463908
1464110
1464315
1464516
1464725
1464932
1465135
1465339
1465546
1465753
1465960
1466164
1466370
1466574
1466777
1466980
1467185
1467390
1467595
1467800
1468003
1468211
1468415
1468617
1468824
1469028
1469232
1469435
1469639
1469843
1470049
1470254
1470457
1470659
1470864
1471069
1471272
1471480
1471689
1471895
1472105
1472308
1472514
1472718
1472923
1473130
1473337
1473538
1473740
1473943
1474147
1474353
1474555
1474762
1474966
1475172
1475381
1475589
1475792
1475998
1476201
1476411
1476616
1476823
1477027
1477232
1477434
1477643
1477848
1478056
1478260
1478468
1478673
1478877
1479081
1479288
1479493
1479699
1479906
1480110
1480311
1480516
1480724
1480932
1481135
1481341
1481550
1481752
1481960
1482167
1482372
1482578
1482782
1482987
1483192
1483397
1483604
1483809
1484016
1484223
1484427
1484635
1484841
1485045
1485251
1485458
1485666
1485873
1486078
1486280
1486484
1486690
1486893
1487098
1487304
1487509
1487712
1487921
1488128
1488335
1488541
1488745
1488950
1489155
1489362
1489565
1489769
1489972
1490179
1490382
1490587
1490794
1491000
1491202
1491406
1491606
1491813
1492020
1492227
1492430
1492634
1492840
1493044
1493249
1493452
1493656
1493863
1494067
1494269
1494476
1494679
1494884
1495086
1495291
1495498
1495700
1495908
1496116
1496322
1496529
1496732
1496941
1497149
1497359
1497565
1497769
1497974
1498181
1498386
1498591
1498795
1499003
1499213
1499422
1499627
1499832
1500036
1500240
1500446
1500648
1500855
1501060
1501264
1501472
1501676
1501879
1502085
1502287
1502491
1502696
1502901
1503109
1503312
1503519
1503723
1503931
1504136
1504339
1504541
1504743
1504947
1505149
1505353
1505558
1505763
1505965
1506171
1506375
1506583
1506786
1506990
1507195
1507400
1507604
1507811
1508018
1508221
1508425
1508632
1508837
1509043
1509246
1509451
1509654
1509861
1510066
1510272
1510474
1510679
1510882
1511091
1511294
1511502
1511705
1511908
1512112
1512316
1512526
1512732
1512937
1513140
1513346
1513550
1513753
1513958
1514164
1514371
1514576
1514781
1514985
1515188
1515392
1515597
1515800
1516002
1516205
1516412
1516618
1516823
1517026
1517232
1517439
1517644
1517849
1518057
1518259
1518465
1518673
1518877
1519082
1519287
1519494
1519696
1519898
1520103
1520307
1520511
1520715
1520919
1521124
1521328
1521535
1521738
1521946
1522153
1522359
1522563
1522768
1522970
1523173
1523378
1523584
1523789
1523995
1524198
1524403
1524606
1524811
1525017
1525231
1525437
1525643
1525846
1526052
1526261
1526467
1526674
1526879
1527083
1527286
1527494
1527701
1527906
1528107
1528312
1528515
1528718
1528922
1529125
1529329
1529536
1529739
1529944
1530149
1530353
1530556
1530761
1530967
1531174
1531380
1531583
1531789
1531995
1532203
1532409
1532610
1532817
1533021
1533226
1533434
1533638
1533845
1534055
1534262
1534469
1534673
1534879
1535084
1535297
1535502
1535708
1535914
1536119
1536321
1536526
1536731
1536933
1537139
1537349
1537554
1537760
1537964
1538170
1538374
1538580
1538783
1538987
1539195
1539403
1539604
1539807
1540013
1540214
1540415
1540622
1540829
1541035
1541243
1541447
1541650
1541856
1542066
1542271
1542475
1542678
1542883
1543091
1543294
1543498
1543703
1543908
1544109
1544313
1544518
1544723
1544929
1545134
1545338
1545543
1545746
1545952
1546154
1546360
1546566
1546773
1546978
1547183
1547392
1547597
1547804
1548011
1548218
1548425
1548630
1548834
1549036
1549242
1549444
1549650
1549858
1550060
1550265
1550465
1550670
1550877
1551082
1551289
1551495
1551705
1551909
1552113
1552317
1552522
1552728
1552930
1553136
1553341
1553547
1553750
1553957
1554167
1554374
1554578
1554782
1554987
1555191
1555395
1555598
1555804
1556007
1556215
1556418
1556624
1556827
1557030
1557234
1557438
1557640
1557845
1558048
1558255
1558463
1558666
1558869
1559074
1559277
1559487
1559693
1559900
1560105
1560308
1560510
1560714
1560920
1561125
1561331
1561532
1561735
1561942
1562147
1562352
1562560
1562761
1562969
1563172
1563376
1563578
1563785
1563987
1564192
1564395
1564600
1564804
1565009
1565217
1565423
1565628
1565834
1566040
1566249
1566455
1566662
1566866
1567069
1567273
1567481
1567686
1567891
1568095
1568300
1568506
1568709
1568914
1569119
1569327
1569532
1569740
1569943
1570148
1570352
1570555
1570757
1570960
1571166
1571371
1571576
1571779
1571989
1572191
1572395
1572604
1572809
1573013
1573217
1573427
1573630
1573834
1574037
1574241
1574444
1574651
1574856
1575061
1575267
1575472
1575677
1575882
1576088
1576295
1576498
1576704
1576909
1577118
1577327
1577533
1577738
1577946
1578151
1578362
1578564
1578767
1578973
1579181
1579385
1579590
1579799
1580005
1580208
1580413
1580618
1580822
1581029
1581235
1581438
1581644
1581847
1582051
1582255
1582462
1582664
1582870
1583077
1583279
1583481
1583688
1583891
1584095
1584299
1584504
1584709
1584913
1585118
1585322
1585527
1585732
1585938
1586143
1586351
1586557
1586761
1586963
1587166
1587370
1587576
1587784
1587988
1588190
1588394
1588596
1588799
1589005
1589208
1589410
1589615
1589822
1590028
1590234
1590440
1590647
1590854
1591063
1591266
1591470
1591674
1591880
1592087
1592297
1592506
1592713
1592915
1593123
1593325
1593533
1593736
1593944
1594147
1594352
1594558
1594763
1594966
1595168
1595373
1595577
1595781
1595989
1596194
1596398
1596603
1596808
1597014
1597220
1597427
1597630
1597836
1598039
1598240
1598445
1598648
1598853
1599058
1599260
1599465
1599669
1599879
1600084
1600289
1600492
1600695
1600900
1601103
1601307
1601514
1601721
1601927
1602132
1602340
1602544
1602751
1602957
1603160
1603364
1603568
1603774
1603978
1604180
1604387
1604590
1604793
1604998
1605201
1605409
1605613
1605820
1606025
1606233
1606440
1606649
1606851
1607055
1607264
1607467
1607673
1607878
1608083
1608285
1608490
1608694
1608901
1609105
1609311
1609519
1609723
1609925
1610130
1610334
1610541
1610748
1610950
1611153
1611361
1611566
1611769
1611971
1612174
1612378
1612583
1612784
1612990
1613194
1613399
1613600
1613804
1614011
1614217
1614419
1614629
1614836
1615037
1615243
1615445
1615651
1615862
1616066
1616271
1616479
1616684
1616886
1617093
1617297
1617503
1617712
1617916
1618119
1618322
1618528
1618733
1618939
1619145
1619348
1619554
1619757
1619967
1620173
1620377
1620587
1620794
1620997
1621203
1621407
1621611
1621818
1622023
1622229
1622436
1622637
1622844
1623047
1623248
1623452
1623659
1623864
1624072
1624278
1624481
1624684
1624889
1625093
1625307
1625516
1625724
1625929
1626138
1626346
1626552
1626761
1626968
1627171
1627377
1627577
1627782
1627988
1628199
1628401
1628606
1628809
1629014
1629219
1629423
1629625
1629826
1630032
1630236
1630440
1630640
1630844
1631047
1631252
1631458
1631659
1631865
1632067
1632274
1632478
1632680
1632889
1633094
1633300
1633506
1633710
1633913
1634120
1634323
1634529
1634730
1634932
1635137
1635342
1635546
1635749
1635954
1636154
1636358
1636564
1636768
1636970
1637177
1637383
1637590
1637794
1637996
1638196
1638407
1638611
1638817
1639019
1639224
1639428
1639636
1639841
1640049
1640252
1640458
1640664
1640870
1641078
1641284
1641488
1641693
1641900
1642107
1642315
1642520
1642725
1642928
1643132
1643337
1643540
1643746
1643955
1644160
1644367
1644574
1644777
1644983
1645189
1645392
1645597
1645801
1646006
1646211
1646419
1646623
1646830
1647036
1647239
1647450
1647654
1647861
1648065
1648266
1648470
1648677
1648881
1649087
1649291
1649494
1649699
1649905
1650113
1650317
1650527
1650734
1650942
1651150
1651353
1651555
1651764
1651969
1652176
1652388
1652591
1652796
1653002
1653205
1653410
1653615
1653820
1654029
1654233
1654437
1654644
1654845
1655054
1655261
1655466
1655673
1655878
1656080
1656287
1656491
1656698
1656903
1657107
1657311
1657514
1657717
1657923
1658126
1658331
1658533
1658737
1658945
1659150
1659353
1659556
1659761
1659967
1660170
1660375
1660583
1660789
1660990
1661194
1661402
1661606
1661811
1662019
1662226
1662431
1662638
1662848
1663051
1663254
1663459
1663664
1663868
1664070
1664273
1664476
1664679
1664881
1665083
1665285
1665488
1665694
1665901
1666103
1666308
1666513
1666716
1666919
1667122
1667324
1667529
1667735
1667943
1668148
1668357
1668558
1668765
1668968
1669169
1669376
1669580
1669784
1669991
1670195
1670396
1670601
1670803
1671008
1671212
1671417
1671621
1671824
1672029
1672233
1672440
1672643
1672850
1673057
1673265
1673470
1673674
1673881
1674089
1674291
1674496
1674701
1674905
1675110
1675318
1675524
1675728
1675933
1676139
1676344
1676551
1676756
1676963
1677164
1677370
1677574
1677780
1677983
1678184
1678393
1678600
1678804
1679012
1679218
1679427
1679631
1679840
1680043
1680250
1680453
1680657
1680863
1681070
1681278
1681482
1681686
1681891
1682096
1682299
1682505
1682707
1682913
1683117
1683319
1683524
1683728
1683935
1684138
1684341
1684547
1684751
1684961
1685169
1685376
1685578
1685785
1685992
1686197
1686401
1686604
1686807
1687010
1687214
1687419
1687627
1687832
1688043
1688247
1688450
1688653
1688857
1689062
1689272
1689474
1689679
1689881
1690083
1690289
1690494
1690697
1690903
1691109
1691317
1691520
1691724
1691928
1692135
1692341
1692550
1692752
1692957
1693162
1693366
1693570
1693773
1693981
1694189
1694392
1694599
1694804
1695006
1695214
1695419
1695625
1695830
1696032
1696235
1696438
1696646
1696852
1697058
1697262
1697470
1697677
1697883
1698089
1698292
1698494
1698699
1698907
1699111
1699316
1699520
1699724
1699928
1700132
1700334
1700537
1700745
1700952
1701157
1701362
1701563
1701766
1701975
1702181
1702385
1702589
1702796
1702998
1703202
1703406
1703618
1703825
1704028
1704234
1704438
1704641
1704845
1705053
1705256
1705464
1705671
1705872
1706076
1706286
1706491
1706695
1706904
1707109
1707314
1707519
1707725
1707930
1708135
1708342
1708544
1708751
1708957
1709159
1709361
1709566
1709769
1709975
1710182
1710389
1710595
1710802
1711008
1711213
1711417
1711621
1711824
1712027
1712229
1712435
1712641
1712849
1713058
1713265
1713471
1713676
1713881
1714085
1714296
1714503
1714709
1714915
1715118
1715321
1715525
1715730
1715936
1716140
1716343
1716548
1716752
1716957
1717163
1717367
1717572
1717776
1717981
1718183
1718386
1718589
1718792
1718999
1719207
1719411
1719614
1719817
1720021
1720231
1720433
1720637
1720842
1721047
1721252
1721458
1721666
1721870
1722075
1722281
1722487
1722691
1722896
1723100
1723306
1723509
1723712
1723918
1724124
1724329
1724532
1724740
1724944
1725146
1725351
1725554
1725757
1725960
1726165
1726371
1726578
1726784
1726990
1727195
1727400
1727600
1727802
1728006
1728210
1728414
1728617
1728824
1729026
1729235
1729440
1729643
1729848
1730054
1730258
1730462
1730669
1730870
1731074
1731279
1731485
1731690
1731892
1732098
1732309
1732514
1732719
1732924
1733128
1733333
1733540
1733743
1733947
1734152
1734359
1734561
1734768
1734970
1735179
1735384
1735587
1735791
1735995
1736201
1736406
1736612
1736812
1737015
1737220
1737429
1737636
1737842
1738045
1738251
1738453
1738656
1738862
1739067
1739269
1739475
1739681
1739886
1740092
1740297
1740501
1740710
1740912
1741116
1741320
1741528
1741731
1741936
1742140
1742343
1742547
1742753
1742960
1743165
1743369
1743573
1743777
1743983
1744187
1744391
1744599
1744804
1745014
1745219
1745423
1745628
1745830
1746034
1746238
1746444
1746653
1746857
1747062
1747268
1747469
1747676
1747879
1748084
1748290
1748495
1748698
1748902
1749108
1749312
1749518
1749724
1749929
1750132
1750339
1750548
1750750
1750956
1751158
1751363
1751566
1751768
1751974
1752178
1752386
1752594
1752800
1753001
1753206
1753409
1753613
1753818
1754024
1754231
1754437
1754642
1754846
1755050
1755255
1755464
1755668
1755873
1756078
1756284
1756489
1756696
1756900
1757104
1757308
1757512
1757716
1757920
1758128
1758335
1758536
1758741
1758946
1759150
1759353
1759558
1759765
1759975
1760183
1760387
1760589
1760796
1761003
1761206
1761412
1761615
1761823
1762030
1762234
1762439
1762646
1762851
1763056
1763263
1763466
1763668
1763872
1764080
1764285
1764493
1764696
1764898
1765105
1765308
1765512
1765713
1765920
1766124
1766331
1766537
1766744
1766949
1767154
1767359
1767565
1767766
1767968
1768173
1768378
1768582
1768788
1768996
1769202
1769404
1769610
1769814
1770020
1770224
1770430
1770633
1770842
1771048
1771254
1771458
1771663
1771868
1772072
1772280
1772485
1772692
1772899
1773100
1773302
1773510
1773712
1773915
1774117
1774324
1774527
1774734
1774938
1775141
1775344
1775554
1775759
1775963
1776165
1776374
1776576
1776779
1776982
1777186
1777392
1777594
1777798
1778006
1778211
1778415
1778620
1778824
1779028
1779235
1779439
1779649
1779855
1780058
1780264
1780469
1780671
1780875
1781081
1781284
1781487
1781692
1781895
1782103
1782307
1782515
1782719
1782924
1783131
1783339
1783547
1783758
1783969
1784170
1784374
1784579
1784787
1784991
1785198
1785402
1785609
1785814
1786021
1786223
1786429
1786632
1786837
1787041
1787249
1787452
1787654
1787859
1788065
1788270
1788478
1788685
1788888
1789097
1789303
1789510
1789715
1789926
1790134
1790338
1790544
1790750
1790957
1791163
1791370
1791577
1791783
1791988
1792190
1792396
1792598
1792799
1793004
1793208
1793417
1793622
1793828
1794035
1794240
1794445
1794651
1794854
1795060
1795263
1795468
1795678
1795884
1796088
1796294
1796498
1796703
1796911
1797115
1797320
1797526
1797731
1797938
1798143
1798346
1798555
1798760
1798963
1799167
1799372
1799578
1799781
1799984
1800188
1800392
1800597
1800803
1801005
1801207
1801412
1801617
1801822
1802026
1802229
1802436
1802639
1802843
1803045
1803248
1803453
1803659
1803866
1804076
1804285
1804493
1804701
1804904
1805109
1805314
1805520
1805723
1805927
1806131
1806338
1806540
1806750
1806955
1807162
1807364
1807568
1807777
1807979
1808183
1808392
1808598
1808801
1809005
1809207
1809415
1809619
1809822
1810028
1810234
1810440
1810644
1810847
1811052
1811256
1811460
1811662
1811870
1812074
1812279
1812483
1812688
1812895
1813097
1813303
1813509
1813716
1813923
1814129
1814336
1814537
1814744
1814951
1815158
1815364
1815571
1815772
1815976
1816182
1816383
1816585
1816789
1816996
1817203
1817406
1817615
1817819
1818022
1818228
1818433
1818636
1818841
1819046
1819251
1819454
1819661
1819867
1820071
1820274
1820481
1820686
1820891
1821094
1821299
1821503
1821707
1821913
1822117
1822323
1822529
1822734
1822936
1823140
1823346
1823550
1823755
1823958
1824164
1824369
1824575
1824780
1824989
1825192
1825402
1825604
1825811
1826018
1826227
1826434
1826642
1826847
1827048
1827252
1827457
1827660
1827862
1828067
1828275
1828480
1828686
1828889
1829094
1829299
1829506
1829709
1829913
1830114
1830318
1830523
1830731
1830935
1831142
1831347
1831551
1831754
1831960
1832165
1832369
1832575
1832778
1832983
1833186
1833388
1833598
1833802
1834010
1834213
1834419
1834625
1834829
1835036
1835239
1835444
1835650
1835856
1836063
1836268
1836470
1836673
1836876
1837079
1837288
1837493
1837697
1837898
1838102
1838304
1838505
1838707
1838914
1839120
1839325
1839528
1839733
1839940
1840148
1840355
1840557
1840761
1840967
1841173
1841377
1841582
1841794
1841999
1842204
1842409
1842617
1842825
1843030
1843235
1843441
1843651
1843854
1844062
1844269
1844473
1844676
1844879
1845082
1845288
1845494
1845696
1845899
1846103
1846306
1846509
1846713
1846916
1847121
1847328
1847531
1847735
1847939
1848146
1848351
1848553
1848761
1848966
1849173
1849377
1849580
1849786
1849991
1850200
1850403
1850607
1850809
1851016
1851221
1851429
1851634
1851837
1852045
1852249
1852454
1852656
1852860
1853065
1853270
1853475
1853678
1853882
1854086
1854293
1854494
1854699
1854902
1855109
1855315
1855520
1855721
1855925
1856129
1856334
1856537
1856744
1856947
1857148
1857352
1857559
1857762
1857967
1858170
1858377
1858582
1858789
1858992
1859200
1859408
1859614
1859822
1860027
1860238
1860441
1860647
1860855
1861063
1861269
1861476
1861684
1861891
1862097
1862301
1862501
1862705
1862911
1863117
1863322
1863530
1863738
1863944
1864149
1864355
1864558
1864762
1864971
1865177
1865379
1865582
1865792
1865995
1866204
1866407
1866611
1866817
1867022
1867226
1867433
1867638
1867842
1868052
1868255
1868460
1868666
1868873
1869077
1869283
1869490
1869696
1869902
1870104
1870310
1870517
1870726
1870928
1871134
1871341
1871546
1871749
1871955
1872163
1872368
1872576
1872783
1872985
1873188
1873392
1873597
1873801
1874010
1874217
1874424
1874629
1874835
1875042
1875247
1875453
1875656
1875863
1876066
1876269
1876471
1876676
1876882
1877087
1877291
1877494
1877699
1877908
1878111
1878316
1878521
1878725
1878926
1879133
1879336
1879541
1879746
1879952
1880155
1880364
1880566
1880768
1880975
1881179
1881385
1881588
1881792
1881996
1882203
1882408
1882613
1882818
1883023
1883228
1883436
1883642
1883850
1884052
1884256
1884458
1884663
1884866
1885073
1885278
1885484
1885691
1885896
1886100
1886305
1886508
1886711
1886912
1887116
1887322
1887529
1887733
1887938
1888141
1888348
1888556
1888760
1888963
1889169
1889376
1889579
1889782
1889987
1890196
1890401
1890606
1890813
1891020
1891226
1891430
1891632
1891836
1892040
1892243
1892447
1892653
1892857
1893062
1893269
1893473
1893677
1893886
1894088
1894293
1894496
1894702
1894903
1895113
1895317
1895521
1895723
1895926
1896131
1896333
1896538
1896742
1896948
1897152
1897356
1897562
1897769
1897975
1898179
1898387
1898590
1898795
1898998
1899205
1899411
1899617
1899823
1900030
1900235
1900438
1900639
1900843
1901047
1901253
1901460
1901667
1901874
1902079
1902283
1902489
1902693
1902900
1903101
1903306
1903516
1903720
1903923
1904126
1904328
1904531
1904736
1904939
1905143
1905349
1905555
1905758
1905967
1906170
1906375
1906579
1906786
1906993
1907197
1907402
1907608
1907811
1908018
1908229
1908434
1908637
1908847
1909051
1909254
1909457
1909663
1909866
1910071
1910278
1910482
1910690
1910894
1911098
1911303
1911511
1911718
1911924
1912127
1912331
1912536
1912741
1912949
1913155
1913360
1913565
1913768
1913973
1914181
1914386
1914591
1914799
1915001
1915205
1915409
1915616
1915821
1916027
1916238
1916441
1916644
1916850
1917058
1917267
1917471
1917678
1917879
1918083
1918287
1918495
1918700
1918904
1919110
1919314
1919520
1919728
1919931
1920138
1920345
1920553
1920756
1920960
1921162
1921365
1921570
1921775
1921975
1922175
1922379
1922584
1922789
1922991
1923199
1923405
1923614
1923818
1924023
1924230
1924437
1924643
1924850
1925052
1925255
1925462
1925664
1925868
1926071
1926273
1926476
1926680
1926887
1927091
1927295
1927503
1927709
1927915
1928118
1928322
1928525
1928727
1928932
1929141
1929341
1929543
1929749
1929954
1930162
1930367
1930575
1930781
1930986
1931190
1931397
1931604
1931808
1932013
1932222
1932427
1932637
1932839
1933045
1933252
1933454
1933658
1933859
1934064
1934270
1934476
1934679
1934884
1935086
1935289
1935498
1935703
1935909
1936114
1936320
1936522
1936724
1936928
1937133
1937342
1937552
1937754
1937959
1938166
1938368
1938575
1938784
1938987
1939196
1939400
1939610
1939814
1940018
1940226
1940433
1940639
1940842
1941050
1941255
1941462
1941672
1941877
1942083
1942290
1942496
1942701
1942905
1943114
1943318
1943526
1943730
1943932
1944138
1944345
1944550
1944757
1944969
1945172
1945374
1945577
1945782
1945985
1946188
1946393
1946598
1946800
1947003
1947204
1947407
1947615
1947826
1948028
1948232
1948438
1948641
1948844
1949047
1949249
1949454
1949664
1949867
1950072
1950279
1950482
1950686
1950892
1951099
1951301
1951513
1951718
1951919
1952125
1952329
1952533
1952735
1952938
1953142
1953346
1953552
1953757
1953959
1954168
1954371
1954578
1954782
1954985
1955189
1955393
1955601
1955807
1956011
1956216
1956423
1956628
1956833
1957037
1957243
1957448
1957653
1957860
1958066
1958273
1958476
1958677
1958884
1959088
1959294
1959499
1959704
1959909
1960117
1960324
1960525
1960731
1960935
1961144
1961349
1961557
1961761
1961965
1962167
1962376
1962587
1962793
1962998
1963203
1963406
1963616
1963822
1964024
1964229
1964436
1964644
1964850
1965057
1965259
1965463
1965666
1965872
1966078
1966283
1966488
1966691
1966897
1967102
1967310
1967520
1967731
1967938
1968145
1968349
1968552
1968754
1968960
1969169
1969378
1969579
1969783
1969990
1970198
1970403
1970607
1970813
1971016
1971221
1971424
1971629
1971834
1972040
1972244
1972452
1972658
1972861
1973071
1973275
1973481
1973683
1973892
1974099
1974304
1974509
1974718
1974921
1975124
1975328
1975531
1975735
1975940
1976145
1976352
1976559
1976766
1976974
1977174
1977378
1977587
1977790
1978000
1978204
1978406
1978610
1978815
1979021
1979228
1979434
1979639
1979842
1980050
1980255
1980459
1980666
1980869
1981076
1981278
1981484
1981686
1981888
1982096
1982300
1982502
1982708
1982913
1983121
1983327
1983537
1983744
1983953
1984158
1984365
1984567
1984769
1984976
1985183
1985385
1985588
1985793
1985997
1986200
1986406
1986613
1986820
1987026
1987230
1987433
1987635
1987837
1988045
1988251
1988457
1988658
1988865
1989070
1989276
1989479
1989683
1989886
1990093
1990298
1990505
1990711
1990917
1991121
1991326
1991531
1991737
1991940
1992145
1992351
1992553
1992760
1992969
1993172
1993377
1993582
1993789
1993995
1994198
1994403
1994607
1994812
1995019
1995224
1995434
1995638
1995841
1996045
1996251
1996455
1996662
1996866
1997069
1997272
1997474
1997676
1997880
1998085
1998289
1998493
1998698
1998903
1999106
1999311
1999517
1999722
1999928
2000132
2000336
2000543
2000748
2000954
2001157
2001362
2001564
2001771
2001974
2002177
2002384
2002589
2002797
2003001
2003208
2003414
2003620
2003825
2004029
2004235
2004440
2004644
2004850
2005055
2005259
2005461
2005665
2005870
2006076
2006283
2006488
2006690
2006894
2007099
2007302
2007509
2007716
2007922
2008129
2008331
2008538
2008741
2008946
2009153
2009354
2009559
2009764
2009975
2010179
2010386
2010592
2010794
2010999
2011201
2011402
2011609
2011814
2012022
2012227
2012432
2012642
2012848
2013051
2013255
2013458
2013665
2013871
2014082
2014286
2014488
2014689
2014895
2015100
2015304
2015510
2015715
2015920
2016127
2016335
2016538
2016740
2016944
2017148
2017353
2017559
2017761
2017968
2018173
2018375
2018579
2018783
2018987
2019194
2019400
2019602
2019810
2020017
2020223
2020428
2020632
2020839
2021040
2021247
2021455
2021659
2021867
2022072
2022277
2022486
2022690
2022895
2023100
2023304
2023507
2023711
2023915
2024118
2024327
2024532
2024736
2024940
2025144
2025349
2025551
2025755
2025958
2026163
2026368
2026572
2026777
2026981
2027187
2027392
2027596
2027800
2028004
2028206
2028413
2028621
2028826
2029029
2029233
2029439
2029640
2029847
2030052
2030252
2030459
2030663
2030869
2031077
2031283
2031488
2031696
2031898
2032102
2032305
2032508
2032716
2032919
2033125
2033329
2033531
2033735
2033940
2034143
2034347
2034550
2034753
2034958
2035161
2035368
2035572
2035776
2035982
2036187
2036391
2036597
2036799
2037004
2037208
2037414
2037617
2037821
2038028
2038231
2038434
2038642
2038849
2039054
2039260
2039465
2039666
2039873
2040077
2040281
2040485
2040694
2040897
2041107
2041314
2041520
2041727
2041931
2042133
2042336
2042543
2042749
2042951
2043156
2043359
2043564
2043769
2043975
2044181
2044387
2044589
2044793
2044999
2045203
2045408
2045612
2045821
2046023
2046228
2046431
2046634
2046836
2047039
2047245
2047452
2047659
2047864
2048070
2048275
2048481
2048684
2048893
2049097
2049299
2049507
2049712
2049921
2050127
2050329
2050529
2050734
2050936
2051144
2051349
2051559
2051769
2051974
2052176
2052383
2052586
2052788
2052994
2053198
2053402
2053607
2053815
2054021
2054223
2054429
2054635
2054840
2055047
2055251
2055458
2055665
2055870
2056074
2056280
2056481
2056688
2056890
2057096
2057298
2057503
2057709
2057911
2058114
2058319
2058525
2058730
2058934
2059145
2059353
2059559
2059765
2059971
2060176
2060380
2060584
2060788
2060993
2061196
2061402
2061605
2061812
2062015
2062220
2062421
2062625
2062830
2063034
2063237
2063439
2063645
2063851
2064054
2064257
2064461
2064664
2064870
2065075
2065280
2065485
2065691
2065898
2066105
2066308
2066516
2066723
2066926
2067129
2067337
2067543
2067748
2067954
2068158
2068366
2068570
2068772
2068979
2069185
2069391
2069596
2069799
2070002
2070204
2070412
2070621
2070824
2071027
2071233
2071436
2071643
2071845
2072052
2072256
2072457
2072663
2072867
2073072
2073278
2073479
2073685
2073888
2074093
2074302
2074507
2074712
2074913
2075121
2075326
2075527
2075730
2075936
2076142
2076348
2076553
2076759
2076963
2077168
2077372
2077578
2077784
2077988
2078192
2078398
2078603
2078808
2079013
2079217
2079419
2079625
2079831
2080035
2080244
2080452
2080655
2080859
2081066
2081270
2081472
2081674
2081880
2082085
2082291
2082496
2082699
2082904
2083106
2083311
2083517
2083722
2083926
2084132
2084336
2084543
2084747
2084953
2085156
2085364
2085565
2085767
2085971
2086179
2086382
2086587
2086787
2086990
2087196
2087403
2087611
2087815
2088017
2088220
2088426
2088632
2088839
2089047
2089250
2089456
2089658
2089862
2090068
2090271
2090477
2090685
2090887
2091091
2091299
2091507
2091712
2091916
2092119
2092327
2092534
2092742
2092946
2093151
2093357
2093560
2093765
2093967
2094171
2094373
2094577
2094784
2094987
2095193
2095397
2095605
2095810
2096015
2096223
2096428
2096637
2096844
2097055
2097259
2097463
2097669
2097875
2098079
2098283
2098488
2098690
2098894
2099099
2099309
2099517
2099725
2099932
2100134
2100338
2100541
2100745
2100952
2101160
2101364
2101571
2101780
2101985
2102196
2102401
2102604
2102812
2103019
2103230
2103434
2103637
2103842
2104054
2104255
2104459
2104664
2104868
2105071
2105273
2105477
2105682
2105887
2106089
2106293
2106497
2106700
2106905
2107110
2107316
2107520
2107724
2107930
2108137
2108340
2108545
2108747
2108951
2109157
2109357
2109561
2109767
2109972
2110177
2110384
2110590
2110798
2111003
2111208
2111410
2111613
2111819
2112021
2112227
2112434
2112640
2112842
2113047
2113259
2113462
2113667
2113872
2114080
2114287
2114498
2114705
2114912
2115115
2115325
2115527
2115731
2115937
2116142
2116348
2116556
2116764
2116967
2117172
2117378
2117581
2117787
2117994
2118200
2118403
2118607
2118811
2119017
2119222
2119423
2119630
2119834
2120037
2120242
2120447
2120649
2120855
2121062
2121265
2121467
2121669
2121871
2122079
2122282
2122487
2122695
2122899
2123103
2123309
2123515
2123721
2123923
2124127
2124335
2124541
2124746
2124948
2125152
2125358
2125560
2125766
2125967
2126171
2126374
2126579
2126780
2126985
2127191
2127400
2127603
2127804
2128012
2128216
2128423
2128628
2128831
2129036
2129241
2129445
2129649
2129856
2130059
2130265
2130470
2130679
2130883
2131089
2131291
2131496
2131699
2131904
2132111
2132314
2132520
2132721
2132923
2133127
2133332
2133542
2133744
2133949
2134156
2134359
2134561
2134766
2134970
2135175
2135379
2135585
2135789
2135999
2136202
2136412
2136619
2136828
2137030
2137235
2137442
2137645
2137850
2138053
2138258
2138463
2138667
2138872
2139075
2139281
2139484
2139688
2139892
2140101
2140301
2140508
2140713
2140919
2141125
2141330
2141532
2141736
2141939
2142145
2142351
2142555
2142761
2142966
2143172
2143375
2143586
2143795
2143998
2144199
2144405
2144608
2144813
2145015
2145219
2145421
2145624
2145832
2146038
2146250
2146457
2146659
2146867
2147074
2147282
2147483
2147685
2147887
2148093
2148299
2148502
2148705
2148910
2149114
2149318
2149525
2149730
2149936
2150141
2150341
2150547
2150749
2150953
2151156
2151363
2151567
2151771
2151978
2152184
2152386
2152589
2152794
2152998
2153202
2153408
2153611
2153817
2154020
2154224
2154432
2154639
2154844
2155044
2155248
2155459
2155665
2155869
2156071
2156278
2156480
2156687
2156895
2157097
2157300
2157506
2157712
2157918
2158119
2158322
2158531
2158734
2158943
2159145
2159349
2159554
2159760
2159963
2160167
2160371
2160574
2160776
2160982
2161188
2161391
2161595
2161798
2162003
2162209
2162414
2162619
2162820
2163028
2163236
2163440
2163643
2163849
2164054
2164258
2164460
2164664
2164868
2165074
2165278
2165482
2165686
2165888
2166098
2166302
2166511
2166716
2166922
2167126
2167332
2167534
2167739
2167950
2168153
2168356
2168562
2168765
2168970
2169176
2169382
2169588
2169796
2170002
2170206
2170411
2170615
2170819
2171024
2171229
2171437
2171647
2171851
2172054
2172260
2172465
2172670
2172875
2173078
2173282
2173488
2173691
2173893
2174097
2174300
2174504
2174709
2174915
2175122
2175326
2175531
2175735
2175941
2176145
2176350
2176554
2176757
2176963
2177165
2177371
2177574
2177781
2177990
2178194
2178398
2178602
2178812
2179017
2179225
2179427
2179631
2179834
2180043
2180246
2180447
2180656
2180861
2181068
2181274
2181476
2181684
2181889
2182092
2182298
2182503
2182707
2182909
2183122
2183324
2183530
2183734
2183940
2184144
2184349
2184554
2184756
2184961
2185162
2185366
2185567
2185772
2185976
2186181
2186390
2186597
2186805
2187007
2187208
2187418
2187630
2187839
2188040
2188242
2188447
2188651
2188856
2189060
2189265
2189468
2189673
2189878
2190081
2190285
2190489
2190693
2190901
2191106
2191309
2191513
2191717
2191921
2192124
2192327
2192532
2192737
2192941
2193146
2193353
2193554
2193755
2193963
2194168
2194373
2194575
2194778
2194985
2195191
2195395
2195601
2195807
2196014
2196220
2196429
2196633
2196840
2197044
2197252
2197459
2197662
2197869
2198073
2198279
2198482
2198686
2198890
2199093
2199300
2199507
2199710
2199917
2200120
2200323
2200529
2200735
2200940
2201147
2201351
2201558
2201766
2201969
2202175
2202379
2202585
2202791
2202994
2203197
2203402
2203607
2203813
2204021
2204228
2204433
2204637
2204840
2205046
2205254
2205462
2205667
2205871
2206079
2206288
2206492
2206696
2206900
2207108
2207314
2207516
2207722
2207926
2208128
2208332
2208535
2208737
2208938
2209144
2209348
2209553
2209758
2209962
2210171
2210374
2210576
2210782
2210986
2211190
2211394
2211604
2211810
2212017
2212221
2212425
2212628
2212832
2213037
2213244
2213449
2213652
2213853
2214057
2214262
2214465
2214670
2214873
2215080
2215288
2215492
2215696
2215905
2216114
2216326
2216535
2216740
2216945
2217157
2217361
2217565
2217772
2217974
2218180
2218387
2218590
2218795
2218998
2219202
2219403
2219605
2219813
2220018
2220224
2220429
2220633
2220840
2221043
2221245
2221447
2221653
2221861
2222069
2222272
2222477
2222679
2222881
2223086
2223292
2223499
2223702
2223904
2224108
2224311
2224514
2224716
2224919
2225120
2225323
2225530
2225736
2225938
2226141
2226344
2226549
2226751
2226961
2227163
2227366
2227572
2227778
2227983
2228189
2228392
2228596
2228804
2229013
2229221
2229427
2229632
2229842
2230047
2230252
2230456
2230659
2230862
2231066
2231270
2231478
2231686
2231887
2232090
2232296
2232501
2232705
2232910
2233117
2233325
2233527
2233733
2233934
2234139
2234347
2234549
2234757
2234962
2235168
2235372
2235578
2235782
2235986
2236190
2236398
2236600
2236806
2237009
2237223
2237430
2237636
2237838
2238042
2238251
2238456
2238661
2238864
2239070
2239274
2239478
2239680
2239885
2240091
2240294
2240503
2240709
2240912
2241116
2241319
2241522
2241727
2241930
2242135
2242337
2242540
2242743
2242946
2243148
2243355
2243560
2243764
2243966
2244169
2244372
2244578
2244783
2244985
2245191
2245396
2245602
2245804
2246010
2246216
2246421
2246623
2246828
2247029
2247236
2247443
2247648
2247852
2248057
2248262
2248467
2248668
2248872
2249081
2249286
2249489
2249695
2249901
2250108
2250312
2250520
2250724
2250930
2251135
2251339
2251540
2251744
2251952
2252157
2252362
2252563
2252768
2252971
2253175
2253377
2253581
2253783
2253990
2254195
2254397
2254604
2254805
2255011
2255216
2255421
2255627
2255832
2256033
2256238
2256442
2256647
2256852
2257056
2257262
2257467
2257678
2257882
2258086
2258291
2258495
2258700
2258905
2259110
2259315
2259521
2259728
2259930
2260133
2260337
2260540
2260743
2260946
2261149
2261353
2261557
2261765
2261971
2262179
2262381
2262583
2262786
2262992
2263196
2263399
2263601
2263804
2264008
2264213
2264418
2264623
2264827
2265029
2265233
2265434
2265638
2265841
2266045
2266247
2266453
2266658
2266860
2267064
2267265
2267474
2267675
2267877
2268087
2268290
2268493
2268700
2268903
2269107
2269314
2269519
2269722
2269930
2270133
2270338
2270541
2270745
2270948
2271152
2271355
2271555
2271762
2271967
2272172
2272376
2272579
2272783
2272987
2273198
2273407
2273611
2273817
2274022
2274226
2274427
2274629
2274836
2275042
2275246
2275453
2275654
2275859
2276065
2276270
2276473
2276676
2276879
2277083
2277290
2277493
2277696
2277900
2278104
2278308
2278517
2278725
2278931
2279134
2279340
2279543
2279749
2279956
2280158
2280363
2280568
2280772
2280974
2281184
2281387
2281593
2281802
2282005
2282207
2282410
2282614
2282820
2283026
2283233
2283436
2283642
2283847
2284050
2284254
2284459
2284662
2284867
2285075
2285278
2285484
2285689
2285894
2286096
2286302
2286506
2286710
2286913
2287116
2287320
2287523
2287729
2287934
2288142
2288346
2288554
2288758
2288961
2289170
2289378
2289580
2289788
2289996
2290204
2290410
2290618
2290820
2291021
2291225
2291430
2291635
2291840
2292047
2292249
2292452
2292662
2292869
2293076
2293282
2293487
2293697
2293902
2294112
2294318
2294522
2294729
2294934
2295137
2295343
2295549
2295753
2295956
2296160
2296363
2296571
2296777
2296981
2297186
2297392
2297595
2297801
2298008
2298211
2298417
2298619
2298823
2299025
2299228
2299431
2299636
2299842
2300046
2300255
2300459
2300664
2300874
2301078
2301279
2301483
2301688
2301892
2302093
2302302
2302506
2302712
2302915
2303119
2303326
2303529
2303733
2303942
2304152
2304356
2304560
2304765
2304965
2305173
2305379
2305583
2305784
2305990
2306194
2306400
2306605
2306815
2307022
2307229
2307436
2307643
2307846
2308049
2308254
2308457
2308662
2308866
2309071
2309274
2309477
2309682
2309885
2310090
2310294
2310501
2310706
2310912
2311118
2311319
2311524
2311727
2311934
2312140
2312344
2312551
2312753
2312956
2313162
2313367
2313572
2313777
2313982
2314192
2314399
2314605
2314809
2315013
2315217
2315421
2315632
2315836
2316049
2316254
2316461
2316665
2316870
2317075
2317275
2317477
2317682
2317884
2318086
2318292
2318497
2318703
2318905
2319110
2319316
2319519
2319723
2319929
2320133
2320347
2320554
2320759
2320962
2321166
2321376
2321584
2321787
2321994
2322197
2322401
2322604
2322808
2323013
2323214
2323419
2323623
2323831
2324032
2324239
2324442
2324645
2324850
2325054
2325257
2325462
2325667
2325871
2326071
2326276
2326483
2326690
2326897
2327103
2327310
2327516
2327720
2327930
2328132
2328336
2328543
2328746
2328952
2329155
2329358
2329563
2329768
2329972
2330176
2330383
2330587
2330793
2330996
2331197
2331404
2331608
2331811
2332018
2332223
2332427
2332633
2332837
2333039
2333244
2333448
2333655
2333859
2334069
2334275
2334478
2334686
2334893
2335097
2335305
2335509
2335713
2335915
2336118
2336319
2336524
2336728
2336933
2337140
2337347
2337551
2337756
2337960
2338163
2338370
2338579
2338785
2338990
2339195
2339404
2339608
2339814
2340019
2340226
2340432
2340638
2340845
2341050
2341254
2341460
2341662
2341870
2342078
2342282
2342483
2342687
2342891
2343096
2343300
2343506
2343713
2343918
2344124
2344332
2344537
2344743
2344949
2345153
2345354
2345559
2345763
2345967
2346178
2346384
2346592
2346794
2346999
2347208
2347414
2347619
2347820
2348025
2348230
2348436
2348642
2348847
2349049
2349253
2349457
2349663
2349870
2350077
2350280
2350489
2350696
2350900
2351106
2351313
2351520
2351721
2351923
2352127
2352334
2352538
2352744
2352950
2353154
2353358
2353563
2353771
2353972
2354176
2354385
2354591
2354796
2355000
2355204
2355412
2355616
2355820
2356024
2356227
2356431
2356634
2356840
2357047
2357255
2357456
2357660
2357862
2358067
2358269
2358474
2358678
2358883
2359086
2359290
2359495
2359703
2359904
2360109
2360313
2360515
2360723
2360925
2361131
2361335
2361538
2361744
2361952
2362161
2362363
2362565
2362771
2362974
2363177
2363382
2363591
2363796
2364000
2364205
2364407
2364610
2364815
2365022
2365229
2365432
2365635
2365844
2366047
2366256
2366461
2366665
2366869
2367072
2367276
2367484
2367687
2367891
2368092
2368299
2368504
2368711
2368916
2369122
2369327
2369531
2369736
2369942
2370146
2370350
2370555
2370758
2370962
2371171
2371373
2371579
2371782
2371989
2372194
2372399
2372603
2372807
2373010
2373217
2373421
2373629
2373833
2374039
2374245
2374449
2374653
2374855
2375060
2375266
2375470
2375675
2375879
2376086
2376290
2376496
2376704
2376909
2377113
2377322
2377526
2377731
2377937
2378141
2378348
2378551
2378756
2378960
2379165
2379368
2379571
2379774
2379981
2380187
2380397
2380602
2380808
2381013
2381215
2381419
2381623
2381826
2382029
2382233
2382437
2382639
2382844
2383046
2383250
2383459
2383664
2383875
2384081
2384287
2384494
2384698
2384902
2385104
2385309
2385512
2385715
2385917
2386121
2386326
2386533
2386741
2386944
2387150
2387353
2387559
2387764
2387968
2388173
2388376
2388580
2388783
2388993
2389199
2389405
2389607
2389812
2390017
2390224
2390430
2390633
2390836
2391043
2391249
2391454
2391657
2391861
2392067
2392274
2392477
2392681
2392884
2393089
2393294
2393501
2393707
2393909
2394114
2394318
2394522
2394725
2394929
2395133
2395337
2395540
2395747
2395955
2396157
2396365
2396571
2396775
2396978
2397187
2397389
2397592
2397797
2398003
2398209
2398413
2398617
2398823
2399024
2399229
2399434
2399637
2399840
2400042
2400249
2400452
2400656
2400858
2401063
2401271
2401476
2401686
2401892
2402094
2402301
2402505
2402709
2402915
2403126
2403333
2403540
2403746
2403956
2404164
2404371
2404580
2404783
2404984
2405192
2405397
2405604
2405813
2406022
2406228
2406430
2406631
2406835
2407044
2407246
2407447
2407655
2407858
2408061
2408262
2408464
2408669
2408871
2409078
2409286
2409491
2409697
2409902
2410107
2410312
2410517
2410722
2410929
2411133
2411337
2411541
2411747
2411952
2412156
2412361
2412564
2412770
2412973
2413180
2413383
2413587
2413790
2413996
2414202
2414408
2414613
2414818
2415021
2415230
2415435
2415638
2415846
2416050
2416254
2416464
2416669
2416874
2417080
2417289
2417492
2417696
2417903
2418110
2418314
2418517
2418723
2418927
2419132
2419334
2419538
2419741
2419945
2420150
2420354
2420560
2420763
2420972
2421178
2421386
2421589
2421794
2422001
2422206
2422408
2422613
2422823
2423029
2423234
2423437
2423642
2423850
2424054
2424263
2424466
2424669
2424878
2425079
2425288
2425492
2425692
2425898
2426098
2426305
2426509
2426716
2426917
2427124
2427329
2427535
2427740
2427943
2428145
2428353
2428562
2428770
2428974
2429179
2429383
2429590
2429791
2429996
2430199
2430399
2430602
2430805
2431012
2431216
2431420
2431623
2431827
2432032
2432236
2432442
2432650
2432852
2433059
2433263
2433467
2433676
2433882
2434085
2434289
2434493
2434701
2434907
2435112
2435316
2435524
2435729
2435937
2436139
2436344
2436549
2436752
2436957
2437165
2437368
2437572
2437778
2437982
2438183
2438387
2438597
2438801
2439004
2439209
2439413
2439615
2439823
2440026
2440234
2440439
2440644
2440849
2441052
2441255
2441457
2441665
2441874
2442084
2442292
2442498
2442710
2442916
2443120
2443323
2443528
2443734
2443939
2444144
2444347
2444555
2444758
2444964
2445167
2445372
2445579
2445781
2445991
2446192
2446398
2446605
2446809
2447012
2447213
2447421
2447628
2447832
2448037
2448242
2448447
2448653
2448861
2449064
2449274
2449483
2449690
2449896
2450103
2450309
2450516
2450718
2450928
2451137
2451342
2451548
2451753
2451957
2452160
2452370
2452575
2452780
2452988
2453193
2453400
2453609
2453813
2454017
2454223
2454430
2454635
2454838
2455045
2455250
2455454
2455656
2455857
2456060
2456264
2456472
2456674
2456878
2457080
2457284
2457486
2457696
2457899
2458104
2458306
2458510
2458714
2458917
2459122
2459328
2459532
2459739
2459943
2460145
2460355
2460557
2460765
2460969
2461171
2461375
2461581
2461785
2461990
2462198
2462400
2462609
2462812
2463014
2463219
2463424
2463627
2463832
2464038
2464243
2464446
2464651
2464859
2465067
2465267
2465474
2465679
2465884
2466086
2466294
2466499
2466701
2466905
2467109
2467313
2467517
2467720
2467925
2468127
2468333
2468537
2468741
2468945
2469153
2469359
2469562
2469769
2469973
2470178
2470381
2470586
2470794
2470997
2471203
2471408
2471613
2471815
2472018
2472220
2472427
2472635
2472838
2473038
2473239
2473445
2473649
2473859
2474065
2474270
2474473
2474683
2474888
2475097
2475300
2475502
2475708
2475912
2476120
2476325
2476530
2476739
2476944
2477149
2477350
2477557
2477759
2477963
2478168
2478374
2478579
2478783
2478985
2479191
2479399
2479600
2479805
2480013
2480220
2480424
2480628
2480835
2481045
2481249
2481460
2481664
2481872
2482078
2482281
2482483
2482685
2482888
2483090
2483294
2483499
2483703
2483908
2484115
2484321
2484525
2484729
2484935
2485146
2485348
2485551
2485755
2485960
2486166
2486371
2486575
2486776
2486982
2487187
2487391
2487594
2487799
2488004
2488208
2488415
2488617
2488824
2489027
2489232
2489437
2489640
2489844
2490046
2490248
2490451
2490655
2490858
2491061
2491266
2491473
2491680
2491886
2492096
2492298
2492500
2492702
2492906
2493110
2493319
2493525
2493729
2493934
2494139
2494343
2494543
2494749
2494954
2495159
2495364
2495568
2495774
2495979
2496186
2496391
2496598
2496800
2497002
2497206
2497415
2497617
2497820
2498025
2498231
2498434
2498640
2498845
2499047
2499254
2499456
2499660
2499869
2500072
2500274
2500478
2500689
2500897
2501106
2501310
2501519
2501726
2501931
2502137
2502340
2502547
2502749
2502956
2503168
2503371
2503575
2503780
2503986
2504192
2504401
2504604
2504809
2505013
2505217
2505425
2505632
2505834
2506039
2506243
2506445
2506647
2506853
2507056
2507262
2507473
2507674
2507881
2508092
2508297
2508501
2508708
2508915
2509123
2509326
2509532
2509734
2509941
2510147
2510352
2510558
2510764
2510966
2511170
2511378
2511584
2511790
2511994
2512198
2512402
2512606
2512814
2513018
2513225
2513428
2513633
2513835
2514038
2514242
2514449
2514652
2514855
2515059
2515265
2515473
2515682
2515886
2516091
2516295
2516500
2516709
2516910
2517116
2517320
2517522
2517728
2517934
2518142
2518348
2518552
2518755
2518955
2519161
2519362
2519565
2519771
2519975
2520182
2520387
2520596
2520802
2521008
2521212
2521419
2521624
2521828
2522033
2522234
2522439
2522643
2522848
2523056
2523258
2523463
2523671
2523877
2524084
2524287
2524490
2524695
2524900
2525108
2525312
2525517
2525721
2525925
2526132
2526334
2526539
2526742
2526946
2527153
2527359
2527563
2527768
2527970
2528177
2528385
2528587
2528793
2528997
2529200
2529403
2529612
2529819
2530023
2530226
2530432
2530638
2530841
2531048
2531251
2531458
2531668
2531876
2532079
2532281
2532484
2532688
2532894
2533099
2533302
2533506
2533713
2533921
2534123
2534327
2534529
2534731
2534937
2535141
2535346
2535549
2535755
2535961
2536166
2536368
2536574
2536779
2536981
2537188
2537393
2537598
2537807
2538009
2538219
2538429
2538639
2538842
2539045
2539250
2539455
2539660
2539866
2540071
2540277
2540486
2540693
2540896
2541102
2541310
2541514
2541720
2541925
2542134
2542340
2542548
2542750
2542954
2543159
2543363
2543568
2543777
2543983
2544188
2544389
2544593
2544800
2545007
2545215
2545416
2545624
2545831
2546032
2546237
2546444
2546648
2546854
2547058
2547263
2547471
2547678
2547883
2548085
2548286
2548492
2548695
2548897
2549101
2549309
2549514
2549720
2549922
2550124
2550330
2550537
2550743
2550949
2551154
2551364
2551566
2551768
2551971
2552176
2552379
2552584
2552787
2552996
2553198
2553404
2553612
2553818
2554022
2554225
2554428
2554632
2554839
2555042
2555246
2555453
2555658
2555864
2556066
2556270
2556476