526.5181
522.4434
522.6601
520.1841
522.1295
520.8575
517.5462
519.0531
517.3208
519.3043
513.8132
517.0354
514.8699
516.1708
516.1052
516.5048
515.6315
513.9858
517.0374
515.6663
513.787
515.0679
514.1807
512.5746
512.5997
511.5034
510.021
511.1018
514.0427
511.6382
511.838
510.8654
509.9986
509.2777
510.71
511.52
510.7771
511.5455
508.5628
510.5743
509.4461
512.6049
508.9645
511.6345
509.8647
509.4608
506.942
507.6559
506.6691
510.7509
509.1407
506.7883
506.963
507.3071
506.2649
507.0409
509.2979
507.9709
506.6584
507.6115
507.821
506.607
505.5625
505.5506
505.9401
506.8698
504.4856
505.5166
503.6257
504.2078
504.6571
504.288
505.0829
503.2239
506.8466
503.3795
505.4809
506.7528
505.7827
504.6308
506.1328
505.1384
503.4112
506.3225
504.4456
504.9021
506.4016
505.14
507.311
505.4397
505.8931
505.8184
505.5289
504.4655
503.9252
507.967
503.5739
503.4501
504.5483
505.2805
507.8026
506.1039
504.9291
503.5091
503.6395
504.2582
504.3669
505.2453
504.722
504.8259
505.6232
505.2429
503.8572
503.2468
505.4253
504.8972
502.8689
503.9321
503.1736
504.4232
504.3965
504.3332
504.4204
503.2039
504.0013
503.3347
504.9867
501.6769
503.6523
505.4932
499.6111
501.786
504.4971
503.2983
504.2519
500.0106
502.1437
504.2889
503.9876
502.0909
499.952
502.7124
502.0339
504.0613
502.7431
501.7587
502.1908
500.4573
501.5528
500.2462
501.4113
502.0839
499.8218
501.8175
502.0908
500.895
500.771
502.5427
503.0526
500.7636
502.5891
499.8355
502.1121
500.8161
501.7993
500.5693
502.8234
499.9876
501.9971
500.9999
501.6369
501.0994
500.7349
498.6949
501.9349
499.2191
501.9017
499.361
499.8155
500.8756
499.5437
499.6653
501.0943
501.5043
500.8777
501.6809
499.1545
501.5855
501.9403
501.9057
500.734
499.3866
502.2231
500.8963
497.9302
498.3134
499.5787
500.3312
498.0182
502.5018
498.4804
497.8961
496.056
498.3303
498.2447
499.555
501.4742
500.8601
498.2105
499.7972
496.0337
497.1913
498.9846
495.2338
497.5039
497.9309
498.5703
496.9078
494.3158
498.1779
497.8684
497.1182
497.5292
502.606
499.1571
496.3641
495.2426
497.2027
497.1628
497.511
494.9622
496.3962
494.0359
496.6901
495.6754
497.3841
500.5662
497.6569
496.5029
494.8926
500.4602
500.7347
494.9096
497.74
497.1307
499.6997
497.8834
496.2106
497.6806
495.8326
495.255
496.5158
496.5777
494.775
495.2972
494.6479
494.4705
495.7886
494.7887
495.317
497.68
496.5248
494.5993
491.3643
491.1035
495.0099
492.9849
493.7557
497.2465
496.3354
493.8032
496.0201
493.036
490.005
490.9723
491.7325
492.64
495.2326
492.629
494.1314
492.2927
493.4785
495.3996
496.579
492.3662
493.8273
492.9248
490.8255
495.4447
491.4585
493.7307
493.4156
491.2197
493.7133
492.2662
492.8557
493.8848
496.4763
494.5692
492.1061
493.4189
492.1523
492.0639
493.3604
492.8867
491.4214
491.7056
491.0923
491.1935
491.6498
492.4669
493.2978
492.3078
492.7164
495.2168
490.8987
491.9092
491.6066
491.4494
493.0851
491.4292
493.5639
491.3147
490.9141
491.3754
492.186
490.6799
491.4036
490.5942
491.341
492.3926
491.4622
490.1536
493.5139
493.2847
490.2357
490.2863
492.2392
490.4189
493.3176
492.1824
491.7238
491.0608
490.5274
489.0764
488.7751
490.1448
486.8088
490.9489
489.3674
489.0421
491.4656
490.1983
491.4336
489.5395
491.4286
490.9089
488.9737
489.8176
491.9489
491.4406
491.6557
489.6047
490.6666
487.673
489.4997
487.5498
490.7721
489.1597
492.6137
489.7139
490.8382
490.4548
488.0425
490.7064
487.2729
488.9072
492.3941
489.2776
490.4074
487.7535
490.9666
490.5911
489.2454
490.615
492.158
489.5006
493.2358
488.179
487.3314
486.7705
490.6654
491.1799
490.7281
490.4208
490.2173
490.0679
487.1364
489.66
492.9562
490.3041
492.2173
487.9119
490.5678
491.5284
488.3055
491.6032
490.7263
490.1367
489.2611
489.0251
489.6187
488.4125
488.7079
489.1899
488.8431
489.1629
489.2071
487.3209
486.2913
488.7675
489.2394
489.3984
488.8636
490.007
490.4375
490.8347
488.755
486.8007
492.9676
491.6361
489.0263
487.0745
488.0614
488.7892
487.3207
487.9765
487.7055
490.3939
489.4673
490.2864
489.7372
488.5984
491.2546
489.1151
490.2848
487.6744
489.6812
488.4825
486.6367
489.3707
489.8578
487.2671
492.0553
485.6563
491.3679
488.8064
489.5969
485.9197
489.7072
487.9933
487.4436
489.2288
486.9984
485.8141
486.555
487.8099
489.1389
486.4455
489.037
485.5862
485.5946
489.047
487.8694
484.4785
484.1364
487.4309
488.2696
490.3258
489.4147
491.1195
487.4161
485.5585
489.9827
490.0902
489.4002
487.4923
486.3229
487.7756
484.7395
488.757
489.3336
486.9836
487.5306
490.1014
490.5312
486.8542
490.7894
488.5954
488.8795
483.2691
486.0208
489.166
489.337
485.9006
485.7806
484.822
484.6685
486.2397
481.9937
484.5491
485.4654
483.9702
485.3429
483.2141
484.633
489.3674
487.9779
486.8626
486.7747
487.39
488.5052
485.9922
485.0205
487.0609
490.4711
482.8624
485.3018
487.7804
488.1286
487.8159
484.9213
485.7177
484.0791
487.1285
487.2647
485.2315
488.46
485.4681
490.0361
483.7542
487.8243
483.8167
485.6237
489.8401
488.1194
486.3775
483.8743
485.8414
483.8781
485.5134
485.1105
483.9319
486.3271
485.6571
485.1837
485.9518
484.3813
485.5411
487.8575
485.449
485.5865
486.5033
485.2433
486.7554
484.4236
486.262
486.7961
487.0761
482.8194
481.987
485.7288
484.599
486.0432
485.5149
486.4955
484.9879
486.7722
485.6169
482.7859
483.9474
486.5709
486.8951
483.1626
488.5332
488.3954
486.3995
486.2489
482.4562
485.3389
483.1859
484.3901
485.8014
486.2203
486.4243
484.2424
483.882
482.7639
483.2895
487.429
484.2546
485.8603
482.4214
482.1248
484.9979
481.8533
484.7325
484.6819
486.6061
483.9606
484.1966
487.3083
482.5447
487.3862
484.0627
484.1573
485.5105
484.101
488.5599
485.4192
488.1055
486.0623
488.3525
485.3107
485.3402
486.6097
479.8847
488.586
483.3001
485.824
487.1833
485.3516
487.3995
486.4562
486.6704
487.7
484.3894
483.8695
483.7867
482.1126
485.8524
484.3089
485.3134
485.5965
479.9371
483.2064
481.2509
484.0828
481.3343
484.6274
482.5735
485.0976
485.7191
485.6199
484.6847
487.8017
485.8098
485.0265
486.0986
483.6407
486.235
485.4323
486.3718
484.1834
483.208
484.1451
485.2706
480.5083
487.2744
484.5426
483.3036
486.302
486.479
480.618
486.0857
486.8221
481.7382
486.1989
484.4325
479.3926
487.3636
483.9842
482.522
484.7296
482.5759
484.2117
481.9191
484.6272
480.645
481.1811
485.4808
483.7915
483.2724
483.4762
481.8944
482.7897
481.76
484.3606
482.3292
483.1157
483.1243
482.902
482.5189
480.7437
485.2757
482.3537
478.486
480.0164
483.8899
482.2245
481.8598
484.3635
479.5525
483.2996
484.8155
480.0383
484.0491
479.9334
480.5658
482.5549
483.2162
480.8121
479.0786
482.2076
479.5558
481.1147
483.6299
479.1244
481.373
483.3889
481.0779
481.6193
486.3647
483.4794
481.9956
477.7863
484.4498
484.9939
478.8225
480.4105
478.2329
480.5387
475.6168
483.424
483.0597
479.2646
481.4568
480.1041
482.4937
481.6017
478.5166
481.5251
483.8923
481.2499
483.2523
481.2358
480.744
479.1556
481.3287
482.5724
484.3495
485.8279
481.459
481.0452
478.5213
479.4295
483.0155
478.3374
480.8797
478.3382
480.2837
481.4354
476.5938
478.2926
482.0503
480.3481
477.5201
482.1588
477.0958
479.7854
478.5074
481.4678
480.872
481.7125
480.6903
478.7623
483.173
478.7544
479.4201
479.5589
481.182
479.0148
480.5496
477.3983
479.2596
479.2335
479.0677
481.5722
477.7774
477.7318
475.7594
478.9805
476.6514
483.0588
478.5321
478.0483
486.4396
481.2401
478.1053
476.0573
477.086
484.8907
481.2885
480.11
476.1977
478.1434
480.8096
482.7351
480.8471
481.7678
482.645
478.8987
478.5182
477.2028
481.2737
477.1738
477.7669
481.1026
480.0054
480.0008
476.6535
476.3527
478.5029
478.6469
478.1118
474.4846
472.9191
475.8526
479.2046
477.2138
479.3913
478.6283
478.3878
480.6043
476.6102
478.6341
478.7753
482.3418
479.6519
473.7881
477.6778
481.895
473.3142
477.629
476.9901
479.2149
477.1076
480.1327
482.1423
477.6021
475.1434
478.8044
480.3049
479.1201
478.6208
478.2838
480.0104
477.4408
480.8462
479.9656
477.0355
478.6272
470.0315
480.6323
482.297
477.0821
481.4782
476.6837
479.6183
475.9822
473.0783
477.6781
479.2624
477.1666
476.382
478.8661
479.191
481.0291
473.9196
476.9264
477.7805
476.2237
478.148
478.3821
477.8478
477.0102
478.7844
475.2141
475.3598
478.9821
472.6094
476.0922
473.5715
477.3322
472.2085
476.5995
478.4788
474.7172
479.8726
478.0071
479.3058
477.956
479.6152
477.008
480.1386
476.3432
474.0746
478.9711
475.9768
478.0241
477.8598
476.0963
473.9145
476.8507
475.5348
479.5881
478.1046
476.0812
473.1124
482.9018
479.4149
481.0746
476.7347
479.1432
475.5267
478.7738
474.8984
477.1591
478.6193
472.6642
478.7206
478.8833
475.8879
477.9085
478.5897
471.6948
481.5399
474.7767
474.5337
476.6279
473.2694
475.3956
474.2215
474.8705
472.8853
474.1613
475.3533
476.7343
475.2635
467.907
471.6178
474.1117
479.9966
480.4814
475.1703
481.078
471.9969
478.856
474.9514
478.2228
480.4305
475.7914
474.9166
477.0765
476.664
479.4104
475.6797
478.1312
480.8296
470.5735
479.9414
473.2556
471.8848
480.1493
473.9752
468.1024
476.6259
478.3828
469.6097
479.5946
474.2099
475.7161
472.0834
476.9613
473.0547
478.1853
473.2489
476.7686
478.6938
479.9103
477.9755
475.0098
476.0687
473.1618
476.6009
478.4648
474.2444
470.4229
475.1893
478.7162
476.0752
475.6899
473.8509
477.645
475.4179
471.7839
466.0912
478.8246
476.4712
476.5085
474.2063
479.5804
477.2189
478.0853
480.0364
478.7738
475.226
471.99
471.2435
474.9725
474.4198
476.5175
476.9139
476.6047
475.3722
472.6579
470.4089
477.1622
471.3621
473.5995
470.9961
473.2484
475.0278
479.2085
471.2978
478.6367
470.8965
477.6151
475.67
477.0531
470.0316
475.7461
475.6757
473.2241
476.1165
473.7679
477.2665
471.9065
479.1209
474.3076
473.5312
475.7513
475.0671
477.3417
474.4299
481.4077
474.5002
477.7254
477.4858
475.4907
472.0417
474.9054
468.6472
469.1998
465.3146
478.462
477.2318
474.8748
478.8585
473.8294
473.2634
471.7357
474.7757
469.7719
471.9241
471.1053
470.6707
465.6364
471.83
478.7152
466.5677
472.1162
473.5494
476.0407
475.9714
472.0201
474.2638
471.9837
469.5313
473.9866
471.4466
476.3754
470.273
476.9961
474.6974
482.1967
473.8891
473.0468
476.568
468.5989
473.2561
470.8222
471.4488
470.6041
477.9808
474.725
472.0557
470.913
475.1244
472.5518
472.2504
475.0771
472.0701
470.2198
476.9606
470.4019
471.1641
473.7196
481.6403
473.0772
469.5408
468.3389
474.8929
469.0419
475.8273
476.3693
472.0269
473.0312
472.0712
477.3319
472.2148
467.2436
475.6246
474.5482
473.4805
472.7418
473.0161
463.1738
474.5727
471.8675
462.1479
473.0363
470.079
468.3294
474.1468
474.275
470.8787
474.4587
471.937
474.1365
468.6869
474.3602
473.6886
478.8452
479.9336
467.7073
472.7743
463.4735
476.2624
476.568
471.7798
475.4986
469.6863
465.916
471.4507
472.0894
474.2623
471.2349
475.9725
470.2095
472.7251
462.2411
470.8891
469.4706
472.5734
473.151
472.464
466.3928
471.029
478.4678
477.5485
473.2913
471.6654
466.9185
469.6439
473.6502
473.7772
464.3822
475.48
474.8003
470.743
475.4727
475.0731
475.1141
471.3651
474.0234
472.3686
467.8096
473.8364
468.2691
472.689
468.1812
475.6954
475.8811
468.264
467.697
470.9342
465.9747
469.6583
471.2073
474.023
476.7436
475.66
475.5597
470.2812
466.4314
472.2716
465.2091
472.8134
472.5639
475.3928
469.4892
470.1399
459.7669
470.7214
468.0212
462.5163
463.8535
468.7502
470.8047
466.465
473.2825
468.7825
471.5046
473.1087
464.9535
468.2676
471.549
468.9455
461.5184
461.6282
469.4149
463.45
470.8894
470.1023
467.9523
473.3901
467.7107
465.8925
467.9885
456.5355
471.8236
471.0518
470.7028
466.1752
468.278
467.742
468.7697
467.335
476.3021
470.5116
466.1898
472.3173
461.7588
468.3459
468.8556
470.5344
476.2773
462.0337
470.5237
465.0918
474.6552
465.1151
467.5376
473.2197
463.2145
469.6527
469.4135
468.1138
469.5659
473.1965
462.4682
462.6261
467.9883
466.3983
465.1756
475.1251
473.4005
463.1231
466.9865
465.5497
468.3688
472.2855
462.6669
470.1168
468.8711
467.966
469.3976
470.2731
466.6176
465.7433
470.1304
468.8845
467.9979
471.3017
468.5385
466.2607
458.089
468.7671
456.6413
468.1427
475.1415
470.9536
476.4545
468.0817
463.087
461.4471
468.2325
460.0267
470.6967
466.8484
466.6789
465.7958
461.5841
461.4746
467.3777
460.1017
465.1649
463.2025
468.6416
465.7988
474.5445
458.2529
457.558
460.5125
467.82
470.0636
463.1752
469.5456
467.1631
469.0211
464.0855
464.3677
465.3444
466.6893
469.5441
466.892
471.7544
468.43
459.3443
466.5585
470.662
469.9485
449.4724
465.9777
465.0661
456.3344
463.5795
464.9091
451.7196
471.8795
466.5904
460.7472
462.1136
454.7271
456.5626
474.9725
465.7809
466.685
474.2919
468.5914
466.8131
461.3998
472.4577
462.9448
471.7614
457.1061
462.6287
467.2566
469.4795
461.2386
465.3456
464.2076
471.6401
465.4839
460.909
461.6369
466.4504
458.7216
468.1905
466.0529
463.9902
463.5167
466.0374
454.8843
452.6282
459.536
469.0266
456.8745
460.5577
457.1417
466.8537
458.5752
463.1803
455.0842
457.3404
456.7834
460.9743
469.8996
458.4311
460.7433
458.6925
465.8445
466.0191
457.7557
453.6624
465.8236
464.4555
465.7859
452.5949
465.1078
465.7715
459.817
473.8217
460.3583
461.0891
456.4191
462.253
462.4393
467.5094
457.4496
461.0311
467.4072
469.7562
467.3222
462.9702
467.4362
454.395
465.9489
466.5229
466.9052
461.4313
467.0528
453.884
466.8868
456.4619
444.6712
463.5684
471.7241
464.9199
463.2409
458.0479
457.262
456.837
450.8687
459.4625
456.7608
476.0853
463.6141
467.5741
464.2655
454.3047
465.9194
462.9315
463.16
459.3618
455.9948
457.3528
461.5229
466.2384
453.4341
456.8053
458.0083
459.7882
460.5291
461.2783
451.3581
471.6557
469.4445
459.0079
467.7812
465.2075
467.5493
463.2975
459.9853
467.4518
457.4768
461.8241
467.3315
442.2202
468.0759
458.1006
463.7105
453.8372
460.3769
467.1012
467.1861
460.8659
468.7683
461.3108
456.2385
466.4251
465.5145
460.1
463.5584
466.5565
451.9335
457.5646
452.209
450.1277
460.0096
446.0732
470.2085
458.1637
465.3069
469.4492
466.8339
453.7299
457.9803
451.3717
465.2856
463.5201
464.7807
466.3023
444.2155
459.8979
461.4922
468.004
464.7198
464.6276
465.8951
462.0848
461.4365
463.3748
460.5615
451.4488
456.8762
460.4211
449.9966
463.9434
454.9452
466.0977
452.5366
444.8219
459.0588
452.0273
464.0114
460.0825
472.6522
462.6703
452.8763
453.0718
456.2021
453.445
457.3245
464.0394
459.6619
460.6105
448.4368
451.2789
463.3947
455.018
460.8317
468.1746
448.4717
469.407
440.7271
454.8901
468.6124
458.8124
453.1733
449.1562
457.9475
453.2491
454.6585
448.2245
459.7839
456.1857
453.096
464.455
462.1963
461.472
463.1952
458.0638
453.227
457.3983
450.6499
459.3266
449.8875
458.1922
450.5202
438.5776
454.7529
452.0721
459.4301
454.7751
463.3075
462.585
449.7687
450.9012
436.4882
452.5213
457.7748
457.9492
453.9311
450.1727
449.0189
449.0218
467.4557
469.5438
431.5377
458.1515
447.6649
455.0447
449.1165
459.0648
446.1469
441.1555
462.2657
449.5909
445.7981
450.7168
444.1829
442.7501
454.3646
463.5417
457.4972
458.2543
466.527
449.8293
449.0675
453.7821
459.9036
443.7351
457.1479
455.244
452.9199
459.2454
457.7281
447.0551
460.3981
462.1537
439.4905
449.9134
462.8993
457.9433
452.9949
433.2485
467.1245
464.928
443.2172
439.8718
450.2884
453.8752
439.5239
445.5179
463.9338
460.1914
459.0073
461.4803
446.2464
457.5346
450.9069
433.9796
462.4812
456.7859
454.3581
423.6959
447.5845
454.9105
446.7474
456.8079
429.8747
455.5686
452.1746
452.272
440.0306
446.4954
437.4601
466.648
442.1133
459.0105
454.1881
466.9354
456.9716
457.8996
445.552
449.4741
432.7787
460.5524
455.7268
447.1894
464.0632
447.0017
455.9662
423.6959
445.5785
434.2936
436.4019
446.7329
440.2691
450.2642
453.5779
464.6971
455.3862
430.7134
447.286
445.1022
443.4312
451.3624
458.182
445.5024
437.6984
442.9994
450.8366
430.7283
445.2589
459.0855
454.7266
448.9905
450.5014
453.5062
448.2174
451.4358
432.2282
445.581
462.3885
445.6395
455.4565
437.3054
430.729
449.382
457.6832
441.5955
427.7791
443.4953
444.428
447.6983
453.6994
436.0724
448.8314
425.1327
464.7481
422.824
453.0338
435.8398
446.362
450.1904
444.5118
440.9915
452.77
456.92
432.0288
435.5182
447.8759
448.4047
441.7343
435.1906
446.8848
453.4722
460.8339
456.2372
440.8316
447.3062
441.8838
455.2848
451.137
434.3108
446.1806
443.0632
431.5692
443.8477
442.3336
441.5752
437.2218
447.9634
452.7827
452.4227
435.3097
422.824
447.5507
450.8812
451.0904
434.2179
451.1434
448.5294
448.5116
449.2628
422.824
448.191
455.3776
435.4604
431.7409
446.2373
458.9041
446.5211
423.5692
446.5007
437.9554
439.7727
450.0035
429.3198
445.5912
445.9474
437.7001
432.8584
422.824
436.6937
422.824
423.2308
447.6296
430.3625
457.969
433.7077
451.5942
456.3161
456.8467
438.8753
440.78
436.786
442.1287
454.5737
422.824
442.2181
453.2833
429.2535
444.5436
446.4673
442.2551
442.9315
434.8033
438.2789
457.7499
433.1924
447.4177
422.824
422.824
424.1775
445.9102
435.2686
444.5794
444.748
434.3024
438.5349
443.1467
444.9944
443.8576
446.5997
422.824
445.6434
444.8685
458.8436
439.1592
424.2563
448.0185
454.0644
423.6024
436.4562
433.8461
422.824
422.824
446.4083
445.2808
440.6467
430.1743
452.1263
447.551
434.0407
433.3404
453.4141
435.4134
446.3699
422.824
446.5079
443.8254
431.3631
444.222
430.1352
429.0883
459.8826
452.1431
442.1157
427.9257
444.2433
428.7528
425.8647
429.9157
422.824
449.9228
422.824
451.4914
422.824
430.2534
445.1181
449.2714
445.9034
440.4242
460.2647
451.2001
436.2592
424.7616
429.1727
425.2079
449.1007
425.5911
443.6773
422.824
422.824
444.2839
422.824
422.824
434.6087
422.824
422.824
432.6346
422.824
424.0128
436.2338
430.3708
422.824
435.4805
441.871
440.7041
422.824
442.8946
440.7144
422.824
443.8584
444.5461
423.1938
422.824
438.2971
430.0749
422.824
453.7055
445.6621
427.3931
439.4624
422.824
422.824
434.1093
426.6233
428.6308
422.824
438.1015
442.6998
429.7111
453.1906
436.439
422.824
422.824
431.8215
437.9342
432.7127
440.2266
422.824
430.8165
422.824
422.824
422.824
424.1673
436.7702
432.1353
422.9163
425.0642
422.824
431.0049
445.9995
449.7632
428.8836
422.824
443.3842
428.2216
422.824
445.808
426.3597
422.824
443.4386
428.6136
422.824
444.975
422.824
422.824
441.424
422.824
444.0173
422.824
432.6525
422.0334
422.824
433.0649
425.0595
442.0209
439.8687
430.1547
443.2118
443.7921
439.0315
422.598
423.1544
422.598
429.9698
441.6208
446.7635
422.598
422.598
435.6916
422.5663
422.5663
422.5663
422.5663
443.294
423.4757
421.9478
425.3749
433.0449
422.3185
445.8813
423.0956
427.023
434.7006
422.0334
431.3836
438.2517
432.8781
444.2512
431.4695
430.3038
422.0334
424.7704
439.5772
422.0017
422.0017
422.0017
426.0518
421.972
421.972
421.972
421.972
429.7904
421.9403
421.9403
431.3763
429.3273
421.9403
422.0166
421.9403
421.9403
421.9403
421.9403
421.9403
449.2079
422.5016
421.7562
421.7562
434.2249
447.4053
423.7003
421.7562
421.7562
422.1997
428.87
428.8661
421.7562
431.4802
421.7562
441.2673
434.9329
427.0327
424.1924
421.7562
421.7562
421.7562
440.4555
421.7562
432.8394
432.7447
427.7497
432.6574
438.9076
443.8879
421.7562
428.6574
430.3909
421.7562
421.8985
421.7562
421.9502
421.7562
421.7562
431.6813
424.5709
421.7562
421.7562
421.7562
423.8513
446.5496
435.5299
421.7562
421.7562
421.7562
431.2599
423.5167
421.7562
439.1007
421.7562
425.3631
421.7562
421.7562
421.7562
427.8328
421.8985
421.8985
421.7562
421.7562
421.7562
421.7562
421.7562
421.7562
421.7562
431.7207
421.7562
421.8307
421.7562
429.1684
432.3846
421.7562
445.384
440.5211
421.8985
421.7562
421.7562
435.4557
421.7562
421.7562
421.7562
428.885
421.7562
421.7598
435.2782
421.7562
421.7562
432.443
421.7562
425.686
421.7562
432.812
421.7562
421.7562
425.0795
428.9785
421.7562
425.0753
421.7562
421.7562
421.7562
421.7562
422.1626
426.1462
421.7562
421.7562
436.9864
421.5134
421.5134
421.5134
432.2093
422.9716
421.5134
427.3256
421.6176
425.6043
421.6176
421.6176
421.6176
421.6176
429.533
421.6176
421.6176
421.6176
421.6176
426.5021
421.6176
427.4457
421.6176
434.209
421.6176
421.6176
432.1669
421.3711
421.3711
421.3711
433.2285
421.3711
421.3711
426.4058
425.1947
421.3711
421.3711
433.4431
421.3711
430.5522
421.3711
433.0447
421.4375
421.7749
421.4375
426.9147
437.2232
422.9733
422.9733
428.5259
422.9733
421.3711
425.7173
421.4645
421.3711
421.3711
429.763
421.3711
426.1363
421.3711
421.3711
422.7133
430.4784
434.1281
421.3711
421.3711
421.3711
421.3711
421.3711
421.3711
421.3711
421.3711
421.3711
421.3711
432.1501
421.3711
421.3711
421.3711
421.3711
427.7289
421.3711
421.3711
421.3711
421.3711
421.3711
421.3711
421.3453
421.3453
421.3453
421.3453
421.3453
421.3453
421.3453
421.3453
424.5984
421.3453
421.3453
421.3453
421.3453
421.3453
428.826
421.3453
421.3453
421.9323
422.5695
422.5695
422.5695
422.5695
421.763
421.763
421.763
421.763
421.763
420.9565
420.7872
420.7872
420.7872
420.7872
420.7872
420.7872
420.7872
420.7872
420.7872
420.7872
420.7872
420.7872
420.7872
420.7872
420.7872
424.9338
425.1707
420.7872
420.7872
420.7872
420.7872
420.7872
420.7872
420.7872
420.7872
420.7872
420.7872
420.7872
420.7872
420.7872
420.7872
420.7872
420.7872
420.7872
420.7872
420.7872
420.7872
420.7872
420.7872
420.7872
420.7872
420.7872
420.7872
420.7872
420.7872
420.7872
420.7872
420.7872
438.5554
421.0231
420.7872
420.7872
420.7872
420.7872
420.7872
420.7872
420.7872
420.7872
420.7872
420.7872
420.7872
420.7872
420.7872
420.7872
420.7872
420.7872
420.7872
426.3253
420.7872
422.9048
420.7872
420.7872
420.7872
420.7872
420.7387
420.7872
420.7387
420.7387
420.7387
420.7387
420.7387
420.7387
420.7387
420.7387
420.7387
420.7387
420.7387
420.7387
420.7387
420.7387
420.7387
420.7387
420.7387
420.7387
420.7387
420.7387
420.7387
420.7387
420.7387
420.7387
420.7387
420.7387
420.7387
420.7387
420.7387
420.7387
420.7387
420.7387
420.7387
420.7387
420.8058
420.7387
420.7387
420.7387
420.7387
420.7387
420.7387
420.7387
420.7387
420.7387
420.7387
420.7387
420.7387
420.7387
420.7387
420.7387
420.7387
420.7387
420.7387
420.7387
420.7387
420.7387
420.7387
420.7387
420.7387
422.2082
421.5287
421.4181
421.9855
421.9855
421.9855
421.9855
421.7391
421.6646
421.6646
421.6646
421.6646
421.6646
421.6646
421.6646
438.7923
421.6646
421.6646
421.6646
421.6646
421.6646
421.6646
421.6646
421.6646
421.6646
421.6646
421.6646
421.6646
421.6646
421.6646
421.6646
421.6646
421.6646
421.6646
421.6646
421.6646
421.6646
421.6646
421.6646
421.6646
421.6646
421.6646
421.6646
421.6646
421.6646
421.6646
421.6646
421.6646
421.6646
421.6646
421.6646
421.6646
421.6646
421.6646
421.6646
421.6646
421.6646
421.6646
421.6646
421.6646
421.6646
421.6646
421.6646
421.6646
421.6646
421.6646
421.6646
421.6646
421.6646
421.6646
421.6646
421.6646
421.6646
421.6646
421.6646
421.6646
421.6646
421.6646
421.6646
421.6646
421.6646
421.6646
421.6646
421.6646
421.6646
421.6646
421.6646
421.6646
421.6646
421.6646
421.6646
421.6646
421.6646
421.6646
421.6646
421.6646
421.6646
421.6646
421.6646
421.6646
421.6646
421.6646
421.6646
421.6646
421.6646
421.6176
421.6176
421.4419
421.4419
421.4419
421.4419
421.4181
421.4181
421.4181
421.4181
421.4181
421.4181
421.4181
421.4181
421.4181
421.4181
421.4181
421.4181
421.4181
421.4181
421.4181
421.4181
421.4181
421.4181
421.4181
421.4181
421.4181
421.4181
421.4181
421.4181
421.4181
421.4181
421.4181
421.4181
421.4181
421.4181
421.4181
421.4181
421.4181
421.4181
421.4181
421.4181
421.4181
421.4181
421.4181
421.4181
421.4181
421.4181
421.4181
421.4181
421.4181
421.4181
421.4181
421.3193
421.3193
420.4662
420.4662
420.4662
420.4662
420.4662
420.4662
420.4662
420.4662
420.4662
420.4662
420.4662
420.4662
420.4662
420.4662
420.4662
420.4662
420.4662
420.7872
420.7872
420.7127
420.7127
420.7127
420.7127
420.7127
420.7127
420.7127
420.7127
420.7127
420.7127
420.7127
420.7127
420.7127
420.4901
420.4901
420.4901
420.4901
420.4662
420.4662
420.4662
420.4662
420.4662
420.4662
420.4662
420.4662
420.4662
420.4662
420.4662
420.4662
420.4662
420.4662
420.4662
420.4662
420.4662
420.4662
420.4662
420.4662
420.4662
420.4662
420.4662
420.4662
420.4662
420.4662
420.4662
420.4662
420.4662
420.4662
420.4662
420.4662
420.4662
420.4662
420.4662
420.4662
420.4662
420.4662
420.4662
420.4662
420.4662
420.4662
420.4662
420.4662
420.4662
420.4662
420.4662
420.4662
420.4662
420.4662
420.4662
420.4662
420.4662
420.4662
420.4662
420.4662
420.4662
420.4662
420.4662
420.4662
420.4662
420.4662
420.4662
420.4662
420.4662
420.4662
420.4662
420.4662
420.4662
420.4662
420.4662
420.4662
420.4662
420.4662
420.4662
420.4662
420.4662
420.4662
420.4662
420.4662
420.4662
420.4662
420.4662
420.4662
420.4662
420.4662
420.4662
420.4662
420.4662
420.4662
420.4662
420.4662
420.4662
420.4662
420.4662
420.4662
420.4662
420.4662
420.4662
420.4662
420.4662
420.4662
420.4662
420.4662
420.4662
420.4662
420.4662
420.4662
420.4662
420.4662
420.4662
420.4662
420.4662
420.4662
420.4662
420.4662
420.4662
420.4662
420.4662
420.4662
420.4662
420.4662
420.4662
420.4662
420.4662
420.4662
420.4662
420.4662
420.4662
420.4662
420.4662
420.4662
420.4662
420.4662
420.4662
420.4662
420.4662
420.4662
420.4662
420.4662
420.4662
420.4662
420.4662
420.4662
420.4662
420.4662
420.4662
420.4662
420.4662
420.4662
420.4662
420.4662
420.4662
420.4662
420.4662
420.4662
420.4662
420.4662
420.4662
420.4662
420.4662
420.4662
420.4662
420.4662
420.4662
420.4662
420.4662
420.4662
420.4662
420.4662
420.4662
420.4662
420.4662
420.4662
420.4662
420.4662
420.4662
420.4662
420.4662
420.4662
420.4662
420.4662
420.4662
420.4662
420.4662
420.4662
420.4662
420.4662
420.4662
420.4662
420.4662
420.4662
420.4662
420.4662
420.4662
420.4662
420.4662
420.4662
420.4662
420.4662
420.4662
420.4662
420.4662
420.4662
420.4662
420.4662
420.4662
420.4662
420.4662
420.4662
420.4662
420.4662
420.4662
420.4662
420.4662
420.4662
420.4662
420.4662
420.4662
420.4662
420.4662
420.4662
420.4662
420.4662
420.4662
420.4662
420.4662
420.4662
420.4662
420.4662
420.4662
420.4662
420.4662
420.4662
420.4662
420.4662
420.4662
420.4662
420.4662
420.4662
420.4662
420.4662
420.4662
420.4662
420.4662
420.4662
420.4662
420.4662
420.4662
420.4662
420.4662
420.4662
420.4662
420.4662
420.4662
420.4662
420.4662
420.4662
420.4662
420.4662
420.4662
420.4662
420.4662
420.4662
420.4662
420.4662
420.4662
420.4662
420.4662
420.4662
420.4662
420.4662
420.4662
420.4662
420.4662
420.4662
420.4662
420.4662
420.4662
420.4662
420.4662
420.4662
420.4662
420.4662
420.4662
420.4662
420.4662
420.4662
420.4662
420.4662
420.4662
420.4662
420.4662
420.4662
420.4662
420.4662
420.4662
420.4662
420.4662
420.4662
420.4662
420.4662
420.4662
420.4662
420.4662
420.4662
420.4662
420.4662
420.4662
420.4662
420.4662
420.4662
420.4662
420.4662
420.4662
420.4662
420.4662
420.4662
420.4662
420.4662
420.4662
420.4662
420.4662
420.4662
420.4662
420.4662
420.4662
420.4662
420.4662
420.4662
420.4662
420.4662
420.4662
420.4662
420.4662
420.4662
420.4662
420.4662
420.4662
420.4662
420.4662
420.4662
420.4662
420.4662
420.4662
420.4662
420.4662
420.4662
420.4662
420.4662
420.4662
420.4662
420.4662
420.4662
420.4662
420.4662
420.4662
420.4662
420.4662
420.4662
420.4662
420.4662
420.4662
420.4662
420.4662
420.4662
420.4662
420.4662
420.4662
420.4662
420.4662
420.4662
420.4662
420.4662
420.4662
420.4662
420.4662
420.4662
420.4662
420.4662
420.4662
420.4662
420.4662
420.4662
420.4662
420.4662
420.4662
420.4662
420.4662
420.4662
420.4662
420.4662
420.4662
420.4662
420.4662
420.4662
420.4662
420.4662
420.4662
420.4662
420.4662
420.4662
420.4662
420.4662
420.4662
420.4662
420.4662
420.3855
420.3287
420.3287
420.3287
420.3287
420.3287
420.3287
420.3287
420.3287
420.3287
420.3287
420.3287
420.3287
420.3287
420.3287
420.3287
420.3287
420.3287
420.3287
420.3287
420.3287
420.3287
420.3287
420.3287
420.3287
420.3287
420.3287
420.3287
420.3287
420.3287
420.3287
420.3287
420.3287
420.3287
420.3287
420.3287
420.3287
420.3287
420.3287
420.3287
420.3287
420.3287
420.3287
420.3287
420.3287
420.3287
420.3287
420.3287
420.2436
420.2436
420.2436
420.2436
420.2436
420.2436
420.2436
420.2436
420.2436
420.2436
420.2436
420.2436
420.2436
420.2436
420.2436
420.2436
420.2436
420.2436
420.2436
420.2436
420.2436
420.2436
420.2436
420.2436
420.2436
420.2436
420.2436
420.2436
420.2436
420.2436
420.2436
420.2436
420.2436
420.2436
420.2436
420.2436
420.2436
420.2436
420.2436
420.2436
420.2436
420.2436
420.2436
420.2436
420.2436
420.2436
420.2436
420.2436
420.2436
420.2436
420.2436
420.2436
420.2436
420.2436
420.2436
420.2436
420.2436
420.2436
420.1808
420.1808
420.1808
420.1808
420.1808
420.1808
420.1808
420.1808
420.1808
420.1808
420.1808
420.1808
420.1808
420.1808
420.1808
420.1808
420.1808
419.7165
419.7165
419.7165
420.0957
420.0957
420.0957
420.0957
420.0957
420.0957
420.0957
420.0957
420.0957
420.0957
420.0957
420.0957
420.0957
420.0957
419.24
419.24
419.178
419.178
419.178
419.178
419.178
419.178
419.178
419.178
419.178
419.178
419.178
419.178
419.178
419.178
419.178
419.178
419.178
419.178
419.178
419.178
419.178
419.178
419.178
419.178
419.178
419.178
419.4807
419.0301
419.0301
419.0301
419.0301
419.0301
419.3148
419.3148
419.3148
419.0301
419.0301
419.0301
419.0297
419.0297
419.0297
419.0297
419.0297
419.0297
419.0297
419.0297
419.0297
419.0297
419.0297
419.0297
419.0297
419.0297
419.0297
419.0297
419.0297
419.0297
419.0297
419.0297
419.0297
419.0297
419.0297
419.0297
419.0297
419.0297
419.0297
419.0297
419.0297
419.0297
419.0297
419.0297
419.0297
419.0297
419.0297
419.0297
419.0297
419.0297
419.0297
419.0297
419.0297
419.0297
419.0297
419.0297
419.0297
419.0297
419.0297
419.0297
419.0297
419.0297
419.0297
419.0297
419.0297
419.0297
419.0297
419.0297
419.0297
419.0297
419.0297
419.0297
419.0297
419.0297
419.0297
419.0297
419.0297
419.0297
419.0297
419.0297
419.0297
419.0297
419.0297
419.0297
419.0297
419.0297
419.0297
419.0297
419.0297
419.0297
419.0297
419.0297
419.0297
419.0297
419.0297
419.0297
419.0297
419.0297
419.0297
419.0297
419.0297
419.0297
419.0297
419.0297
419.0297
419.0297
419.0297
419.0297
419.0297
419.0297
419.0297
419.0297
419.0297
419.0297
419.0297
419.0297
419.0297
419.0297
419.0297
419.0297
419.0297
419.0297
419.0297
419.0297
419.0297
419.0297
419.0297
419.0297
419.0301
419.0301
419.0301
419.0301
419.0301
419.0301
419.0301
419.0301
419.0301
419.0301
419.0301
419.0301
419.0301
419.0301
419.0301
419.0301
419.0301
419.0301
419.0301
419.0301
419.0301
419.0301
419.0301
419.0301
419.0301
419.0301
419.0301
419.0301
419.0301
419.0301
419.0301
419.0301
419.0301
419.0301
419.0301
419.0301
419.0301
419.0301
419.0301
419.0301
419.0301
419.0301
419.0301
419.0301
419.0301
419.0301
419.0301
419.0301
419.0301
419.0301
419.0301
419.0301
419.0301
419.0301
419.0301
419.0301
419.0301
419.0301
419.0301
419.0301
419.0301
419.0301
419.0301
419.0301
419.0301
419.0301
419.0301
419.0301
419.0301
419.0301
419.0301
419.0301
419.0301
419.0301
419.0301
419.0301
419.0301
419.0301
419.0301
419.0301
419.0301
419.0301
419.0301
419.0301
419.0301
419.0301
419.0301
419.0301
419.0301
419.0301
419.0301
419.0301
419.0301
419.0301
419.0301
419.0301
419.0301
419.0301
419.0301
419.0301
419.0301
419.0301
419.0301
419.0301
419.0301
419.0301
419.0301
419.0301
419.0301
419.0301
419.0301
419.0301
419.0301
419.0301
419.0301
419.0301
419.0301
419.0301
419.0301
419.0301
419.0301
419.0301
419.0301
419.0301
419.0301
419.0301
419.0301
419.0301
419.0301
419.0301
419.0301
419.0301
419.0301
419.0301
419.0301
419.0301
419.0301
419.0301
419.0301
419.0301
419.0301
419.0301
419.0301
419.0301
419.0301
419.0301
419.0301
419.0301
419.0301
419.0301
419.0301
419.0301
419.0301
419.0301
419.0301
419.0301
419.0301
419.0301
419.0301
419.0301
419.0301
419.0301
419.0301
419.0301
419.0301
419.0301
419.0301
419.0301
419.0301
419.0301
419.0301
419.0301
419.0301
419.0301
419.0301
419.0301
419.0301
419.0301
419.0301
419.0301
419.0301
419.0301
419.0301
419.0301
419.0301
419.0301
419.0301
419.0301
419.0301
419.0301
419.0301
419.0301
419.0301
419.0301
419.0301
419.0301
419.0301
419.0301
419.0301
419.0301
419.0301
419.0301
419.0301
419.0301
419.0301
419.0301
419.0301
419.0301
419.0301
419.0301
419.0301
419.0301
419.0301
419.0301
419.0301
419.0301
419.0301
419.0301
419.0301
419.0301
419.0301
419.0301
419.0301
419.0301
419.0301
419.0301
419.0301
419.0301
419.0301
419.0301
419.0301
419.0301
419.0301
419.0301
419.0301
419.0301
419.0301
419.0301
419.0301
419.0301
419.0301
419.0301
419.0301
419.0301
419.0301
419.0301
419.0301
419.0301
419.0301
419.0301
419.0301
419.0301
419.0301
419.0301
419.0301
419.0301
419.0301
419.0301
419.0301
419.0301
419.0301
419.0301
419.0301
419.0301
419.0301
419.0301
419.0301
419.0301
419.0301
419.0301
419.0301
419.0301
419.0301
419.0301
419.0301
419.0301
419.0301
419.0301
419.0301
419.0301
419.0301
419.0301
419.0301
419.0301
419.0301
419.0301
419.0301
419.0301
419.0301
419.0301
419.0301
419.0301
419.0301
419.0301
419.0301
419.0301
419.0301
419.0301
419.0301
419.0301
419.0301
419.0301
419.0301
419.0301
419.0301
419.0301
419.0301
419.0301
419.0301
419.0301
419.0301
419.0301
419.0301
419.0301
419.0301
419.0301
419.0301
419.0301
419.0301
419.0301
419.0301
419.0301
419.0301
419.0301
419.0301
419.0301
419.0301
419.0301
419.0301
419.0301
419.0301
419.0301
419.0301
419.0301
419.0301
419.0301
419.0301
419.0301
419.0301
419.0301
419.0301
419.0301
419.0301
419.0301
419.0301
419.0297
419.0297
419.0297
419.0297
419.0297
419.0297
419.0297
419.0297
419.0297
419.0297
419.0297
419.0297
419.0297
419.0297
419.0297
419.0297
419.0297
419.0297
419.0297
419.0297
419.0297
419.0297
419.0297
419.0297
419.0297
419.0297
419.0297
419.0297
419.0297
419.0297
419.0297
419.0297
419.0297
419.0297
419.0297
419.0297
419.0297
419.0297
419.0297
419.0297
419.0297
419.0297
419.0297
419.0297
419.0297
419.0297
419.0297
419.0297
419.0297
419.0297
419.0297
419.0297
419.0297
419.0297
419.0297
419.0297
419.0297
419.0297
419.0297
419.0297
419.0297
419.0297
419.0297
419.0297
419.0297
419.0297
419.0297
419.0297
419.0297
419.0297
419.0297
419.0297
419.0297
419.0297
419.0297
419.0297
419.0297
419.0297
419.0297
419.0297
419.0297
419.0297
419.0297
419.0297
419.0297
419.0297
419.0297
419.0297
419.0297
419.0297
419.0297
419.0297
419.0297
419.0297
419.0297
419.0297
419.0297
419.0297
419.0297
419.0297
419.0297
419.0297
419.0297
419.0297
419.0297
419.0297
419.0297
419.0297
419.0297
419.0297
419.0297
419.0297
419.0297
419.0297
419.0297
419.0297
419.0297
419.0297
419.0297
419.0297
419.0297
419.0297
419.0297
419.0297
419.0297
419.0297
419.0297
419.0297
419.0297
419.0297
419.0297
419.0297
419.0297
419.0297
419.0297
419.0297
419.0297
419.0297
419.0297
419.0297
419.0297
419.0297
419.0297
419.0297
419.0297
419.0297
419.0297
419.0297
419.0297
419.0297
419.0297
419.0297
419.0297
419.0297
419.0297
419.0297
419.0297
419.0297
419.0297
419.0297
419.0297
419.0297
419.0297
419.0297
419.0297
419.0297
419.0297
419.0297
419.0297
419.0297
419.0297
419.0297
419.0297
419.0297
419.0297
419.0297
419.0297
419.0297
419.0297
419.0297
419.0297
419.0297
419.0297
419.0297
419.0297
419.0297
419.0297
419.0297
419.0297
419.0297
419.0297
419.0297
419.0297
419.0297
419.0297
419.0297
419.0297
419.0297
419.0297
419.0297
419.0297
419.0297
419.0297
419.0297
419.0297
419.0297
419.0297
419.0297
419.0297
419.0297
419.0297
419.0297
419.0297
419.0297
419.0297
419.0297
419.0297
419.0297
419.0297
419.0297
419.0297
419.0297
419.0297
419.0297
419.0297
419.0297
419.0297
419.0297
419.0297
419.0297
419.0297
419.0297
419.0297
419.0297
419.0297
419.0297
419.0297
419.0297
419.0297
419.0297
419.0297
419.0297
419.0297
419.0297
419.0297
419.0297
419.0297
419.0297
419.0297
419.0297
419.0297
419.0297
419.0297
419.0297
419.0297
419.0297
419.0297
419.0297
419.0297
419.0297
419.0297
419.0297
419.0297
419.0297
419.0297
419.0297
419.0297
419.0297
419.0297
419.0297
419.0297
419.0297
419.0297
419.0297
419.0297
419.0297
419.0297
419.0297
419.0297
419.0297
419.0297
419.0297
419.0297
419.0297
419.0297
419.0297
419.0297
419.0297
419.0297
419.0297
419.0297
419.0297
419.0297
419.0297
419.0297
419.0297
419.0297
419.0297
419.0297
419.0297
419.0297
419.0297
419.0297
419.0297
419.0297
419.0297
419.0297
419.0297
419.0297
419.0297
419.0297
419.0297
419.0297
419.0297
419.0297
419.0297
419.0297
419.0297
419.0297
419.0297
419.0297
419.0297
419.0297
419.0297
419.0297
419.0297
419.0297
419.0297
419.0297
419.0297
419.0297
419.0297
419.0297
419.0297
419.0297
419.0297
419.0297
419.0297
419.0297
419.0297
419.0297
419.0297
419.0297
419.0297
419.0297
419.0297
419.0297
419.0297
419.0297
419.0297
419.0297
419.0297
419.0297
419.0297
419.0297
419.0297
419.0297
419.0297
419.0297
419.0297
419.0297
419.0297
419.0297
419.0297
419.0297
419.0297
419.0297
419.0297
419.0297
419.0297
419.0297
419.0297
419.0297
419.0297
419.0297
419.0297
419.0297
419.0297
419.0297
419.0297
419.0297
419.0297
419.0297
419.0297
419.0297
419.0297
419.0297
419.0297
419.0297
419.0297
419.0297
419.0297
419.0297
419.0297
419.0297
419.0297
419.0297
419.0297
419.0297
419.0297
419.0297
419.0297
419.0297
419.0297
419.0297
419.0297
419.0297
419.0297
419.0297
419.0297
419.0297
419.0297
419.0297
419.0297
419.0297
419.0297
419.0297
419.0297
419.0297
419.3625
418.1357
418.1357
418.8686
418.8686
418.8686
418.8686
419.329
418.7972
418.7972
418.7972
418.7972
418.7972
418.7972
418.7972
418.7972
418.7972
418.7972
418.7972
418.7972
418.7972
418.636
419.0297
418.5284
418.5284
418.5284
418.5284
418.5284
418.5284
418.5284
418.5284
418.5284
418.5284
418.5284
418.5284
418.5284
418.5284
417.8781
418.7972
418.7972
418.7565
418.7565
418.7565
418.7565
418.7565
418.7565
418.7565
418.7565
418.7565
418.7565
418.7565
418.7565
418.7565
418.7565
418.7565
418.7565
418.7565
418.7565
417.6455
417.6455
417.6455
417.6455
417.6455
417.6455
417.8781
418.5284
418.5284
418.5284
418.5284
418.5284
418.5284
418.5284
418.5284
418.5284
418.5284
418.5284
418.5284
418.5284
418.5284
418.5284
418.5284
418.5284
418.5284
418.5284
418.5284
418.5284
418.5284
418.5284
418.5284
418.5284
418.5284
418.5284
418.5284
418.5284
418.5284
418.5284
418.5284
418.5284
418.5284
418.5284
418.5284
418.5284
418.5284
418.5284
418.5284
418.5284
418.5284
418.5284
418.5284
418.5284
418.5284
418.5284
418.5284
418.5284
418.5284
418.5284
418.5284
418.5284
418.5284
417.7075
417.7075
417.7075
417.7075
417.7075
417.7075
417.7075
417.7075
417.7075
417.7075
417.7075
417.7075
417.7075
417.7075
417.7075
417.7075
417.7075
417.7075
417.7075
417.7075
417.7075
417.7075
417.7075
417.7075
417.7075
417.7075
417.7075
417.7075
417.7075
417.7075
417.7075
417.7075
417.7075
417.7075
417.7075
417.7075
417.7075
417.7075
417.7075
417.7075
417.7075
417.7075
417.7075
417.7075
417.7075
417.7075
418.141
418.1609
417.8014
417.8014
417.8014
417.8014
417.8014
417.8014
417.8014
417.8014
417.8014
417.8014
417.8014
417.8014
417.8014
417.8014
417.8014
417.8014
417.8014
417.8014
417.8014
417.8014
417.8014
417.8014
417.8014
417.8014
417.8014
417.8014
417.8014
417.8014
417.8014
417.8014
417.8014
417.8014
417.8014
417.8014
417.8014
417.8014
417.8014
417.8014
416.9229
416.9229
416.9229
416.9229
416.9229
416.9229
416.9229
416.9229
416.9229
416.9229
416.9229
416.9229
416.9229
416.9229
416.9229
416.9229
416.9229
416.9229
416.9229
416.9229
416.9229
416.9229
416.9229
416.9229
416.9229
416.9229
416.9229
416.9229
416.9229
416.9229
416.9229
416.9229
416.9229
416.9229
416.9229
416.9229
416.9229
416.9229
416.9229
416.9229
416.9229
416.9229
416.9229
416.9229
416.9229
416.9229
416.9229
416.9229
416.9229
416.9229
416.9229
416.9229
416.9229
416.9229
416.9229
416.9229
416.9229
416.9229
416.9229
416.9229
416.9229
416.9229
416.9229
416.9229
417.5785
417.5785
417.5785
417.5785
417.5785
417.5785
417.5785
417.5785
417.5785
416.7
416.7
416.7
416.7
416.7
416.7
416.7
416.7
416.7
416.7
416.7
416.7
416.7
416.7
416.7
416.7
416.7
416.7
416.7
416.7
416.7
416.7
416.7
416.7
416.7
416.7
416.7
416.7
416.7
416.7
416.7
416.7
416.7
416.7
416.7
416.7
416.7
416.7
416.7
416.7
416.7
416.7
416.7
416.7
416.7
416.7
416.7
416.7
416.7
416.7
416.7
416.7
416.7
416.7
416.7
416.7
416.7
416.7
416.7
416.7
416.7
416.7
416.7
416.7
416.7
416.7
416.7
416.7
416.7
416.7
416.7
416.7
416.7
416.7
416.7
416.7
416.7
416.7
416.7
416.7
416.7
416.7
416.7
416.7
416.7
416.7
416.7
416.7
416.7
416.7
416.7
416.7
416.7
416.7
416.7
416.7
416.7
416.7
416.7
416.7
416.7
416.7
416.7
416.7
416.7
416.7779
416.7779
416.7779
416.7779
416.7779
416.7779
416.7621
416.2941
416.7779
416.7779
416.7779
415.8994
415.8994
415.8994
415.8994
415.8994
415.8994
415.8994
415.8994
415.8994
415.8994
415.8994
415.8994
415.8994
415.8994
415.8994
415.8994
415.8994
415.8994
415.8994
415.8994
415.8994
415.8994
415.8994
415.8994
415.8994
415.8994
415.8994
415.8994
415.8994
415.8994
415.8994
415.8994
415.8994
415.8994
415.8994
415.8994
415.8994
415.8994
415.8994
415.8994
415.8994
415.8994
415.8994
415.8994
415.8994
415.8994
415.8994
415.8994
415.8994
415.8994
415.8994
415.8994
415.8994
415.8994
415.8994
415.8994
415.8994
415.8994
415.8994
415.8994
415.8994
415.8994
415.8994
415.8994
415.8994
415.8994
415.8994
415.8994
415.8994
415.8994
415.8994
415.8994
415.8994
415.8994
415.8994
415.8994
415.8994
415.8994
415.8994
415.8994
415.8994
415.8994
415.8994
415.8994
415.8994
415.8994
415.8994
415.8994
415.8994
415.8994
415.8994
415.8994
415.8994
415.8994
415.8994
415.8994
415.8994
415.8994
415.8994
415.8994
415.8994
415.8994
415.8994
415.8994
415.8994
415.8994
415.8994
415.8994
415.8994
415.8994
415.8994
415.8994
415.8994
415.8994
415.8994
415.8994
415.8994
415.8994
415.8994
415.8994
415.8994
415.8994
415.8994
415.8994
415.8994
415.8994
415.8994
415.8994
415.8994
415.8994
415.8994
415.8994
415.8994
415.8994
415.8994
415.8994
415.8994
415.8994
415.8994
415.8994
415.8994
415.8994
415.9615
415.5512
414.9099
416.2419
416.2419
416.2419
416.2419
416.2419
416.2419
416.2419
416.2419
415.083
414.7052
414.7052
414.7052
414.6777
414.6777
414.6777
414.6777
414.6777
414.6777
414.6777
414.6777
414.6777
414.6777
414.8824
414.8824
414.8824
414.8824
414.8824
415.9452
415.9452
415.2184
415.2184
415.2184
415.2184
415.2184
415.2184
415.2184
415.2184
415.2184
415.2184
415.2184
415.2184
415.2184
415.2184
415.2184
415.2184
415.2184
415.2184
415.2184
415.2184
415.2184
415.2184
415.2184
415.2184
415.2184
415.2184
415.2184
414.9217
414.9217
414.9217
414.9217
414.9217
414.9217
414.9217
414.9217
414.9217
414.9217
414.9217
414.9217
414.9217
414.9217
414.9217
414.9217
414.9217
414.9217
414.9217
414.9217
414.9217
414.9217
414.9217
414.9217
414.9217
414.9217
414.9217
414.9217
414.9217
414.9217
414.9217
414.9217
414.9217
414.9217
414.9217
414.9217
414.9217
414.9217
414.9217
414.9217
414.9217
414.9217
414.9217
414.9217
414.9217
414.9217
414.9217
414.9217
414.9217
414.9217
414.9217
414.9217
414.9217
414.9217
414.9217
414.9217
414.9217
414.9217
414.9217
414.9217
414.9217
414.9217
414.9217
414.9217
414.9217
414.9217
414.9217
414.9217
414.9217
414.9217
414.9217
414.9217
414.9217
414.9217
414.9217
414.9217
414.9217
414.4099
414.4099
414.4099
414.4099
414.4099
414.4099
414.4099
414.4099
414.4099
414.4099
414.4099
414.4099
414.4099
414.4099
414.4099
414.4099
414.4099
414.4099
414.4099
414.4099
414.4099
414.4099
414.4099
414.4099
414.4099
414.4099
414.4099
414.4099
414.4099
414.4099
414.4099
414.4099
414.4099
414.4099
414.4099
414.4099
414.4099
414.4099
414.4099
414.4099
414.4099
414.4099
414.4099
414.4099
414.4099
414.4099
414.4099
414.4099
414.4099
414.4099
414.4099
414.4099
414.4099
414.4099
414.2014
414.2014
414.2014
414.2014
414.2014
414.2014
414.2014
414.2014
414.2014
414.2014
414.2014
414.2014
414.2014
414.2014
414.2014
414.2014
414.2014
414.2014
414.2014
414.2014
414.2014
414.2014
414.2014
414.2014
414.2014
414.2014
414.2014
414.2014
414.2014
414.2014
414.2014
414.2014
414.2014
414.2014
414.2014
414.2014
414.2014
413.9047
413.9047
413.9047
413.9047
413.9047
413.9047
413.9047
413.9047
413.9047
413.9047
413.9047
413.6895
413.6895
413.6895
413.6895
413.6895
413.6895
413.6895
413.6895
413.6895
413.6895
413.6895
413.6895
413.6895
413.6895
413.6895
413.6895
413.6895
413.6895
413.6895
413.6895
413.6895
413.6895
413.6895
413.6895
413.6895
413.6895
413.6895
413.6895
413.6895
413.6895
413.6895
413.3928
413.3928
413.3928
413.3928
413.3928
413.3928
413.3928
413.3928
413.3928
413.3928
413.3928
413.3928
413.3928
413.3928
413.3928
413.3928
413.3928
413.3928
413.3928
413.3928
413.3928
413.3928
413.3928
413.3928
413.3928
413.3928
413.3928
413.3928
413.3928
413.3928
413.3928
413.3928
413.3928
413.3928
413.3928
413.3928
413.3928
413.3928
413.3928
413.3928
413.3928
413.3928
413.3928
413.3928
413.3928
413.3928
413.3928
413.3928
413.3928
413.3928
413.3928
413.3928
413.3928
413.3928
413.3928
413.3928
413.3928
413.3928
413.3928
413.3928
413.3928
413.3928
413.3928
413.3928
413.3928
413.3928
413.3928
413.3928
413.3928
413.3928
413.3928
413.3928
413.3928
413.3928
413.3928
413.3928
413.3928
413.3928
413.3928
413.3928
413.3928
413.3928
413.3928
413.3928
413.3928
413.3928
413.3928
413.3928
413.3928
413.3928
413.3928
413.3928
413.3928
413.3928
413.3928
413.3928
413.3928
413.3928
413.3928
413.3928
413.3928
413.3928
413.3928
413.3928
413.3928
413.3928
413.3928
413.3928
413.3928
413.3928
413.3928
413.3928
413.3928
413.3928
413.3928
413.3928
413.3928
413.3928
413.3928
413.3928
413.3928
413.3928
413.3928
413.3928
413.3928
413.3928
413.3928
413.3928
413.3928
413.3928
413.3928
413.3928
413.3928
413.3928
413.3928
413.3928
413.3928
413.3928
413.3928
413.3928
413.3928
413.3928
413.3928
413.3928
413.3928
413.3928
413.3928
413.3928
413.3928
413.3928
413.3928
413.3928
413.3928
413.3928
413.3928
413.3928
413.3928
413.3928
413.3928
413.3928
413.3928
413.3928
413.3928
413.3928
413.3928
413.3928
413.3928
413.3928
413.3928
413.3928
413.3928
413.3928
413.3928
413.3928
413.3928
413.3928
413.3928
413.3928
413.3928
413.3928
413.3928
413.3928
413.3928
413.3928
413.3928
413.3928
413.3928
413.3928
413.3928
413.3928
413.3928
413.3928
413.3928
413.3928
413.3928
413.3928
413.3928
413.3784
413.3928
413.3928
413.3928
413.3928
413.3928
413.3928
413.3928
413.3928
413.3928
413.3928
413.3928
413.3928
413.3928
413.3928
413.3928
413.3928
413.3928
413.3928
413.3928
413.3928
413.3928
413.3928
413.3928
413.3928
413.3928
413.3928
413.3928
413.3928
413.3928
413.3928
413.3928
413.3928
413.3928
413.3928
413.3928
413.3928
413.3928
413.3928
413.3928
413.3928
413.3928
413.3928
413.3928
413.3928
413.3928
413.3928
413.3928
413.3928
413.3928
413.3928
413.3928
413.3928
413.3928
413.3928
413.3928
413.182
413.182
413.182
413.182
413.182
413.182
413.182
413.182
413.182
413.182
413.182
413.182
413.182
413.182
413.7163
412.9341
412.9341
412.9341
412.9341
412.9341
412.9341
412.9341
412.9341
412.7096
412.7096
412.9229
412.9229
413.174
412.9991
412.2348
412.2348
412.2348
412.2348
412.2348
412.2348
412.2348
412.2348
412.2348
412.2348
412.2348
412.2348
412.2348
412.2348
412.2348
412.2348
412.2348
412.2348
412.2348
412.2348
412.2348
412.2348
412.2348
412.2348
412.2348
412.2348
412.2348
412.024
412.024
412.024
412.024
412.024
412.024
412.024
412.024
412.024
412.024
412.024
412.024
412.024
412.024
412.024
412.024
412.024
412.024
412.024
412.024
412.024
412.024
412.024
412.024
412.024
412.024
412.024
412.024
412.024
412.024
412.024
412.024
412.024
412.024
412.024
412.024
412.024
412.024
412.024
412.024
412.024
412.024
412.024
412.024
412.024
412.024
412.024
412.024
412.024
412.024
412.024
412.024
412.024
412.024
412.024
412.024
412.024
412.024
412.024
412.024
412.024
412.024
412.024
412.024
412.024
412.024
412.024
412.024
412.024
412.024
412.024
412.024
412.024
412.024
412.024
412.024
412.024
412.024
412.024
412.024
412.024
412.024
412.024
412.024
412.024
412.024
412.024
412.024
412.9196
411.9475
411.9475
412.8568
411.9475
411.9475
411.9475
411.9475
412.7758
412.4884
412.4884
412.4884
412.4884
412.4884
412.4884
412.4884
412.4884
412.4884
412.4884
412.4884
412.4884
412.4884
412.4884
412.4884
412.4884
412.4884
412.7538
412.3756
412.3756
412.3756
412.2348
412.2348
412.2348
412.2348
412.2348
412.2348
412.2348
412.428
412.428
412.428
412.428
412.428
412.428
412.428
412.428
412.428
412.428
412.428
412.428
412.428
412.428
412.428
412.428
412.428
412.428
412.428
412.428
412.428
412.428
412.428
412.428
412.428
412.428
412.428
412.428
412.428
412.428
412.428
412.428
412.428
412.428
412.428
412.428
412.428
412.428
412.428
412.428
412.9338
412.9338
411.9775
412.3498
412.024
412.024
412.1921
411.1377
411.1377
411.1377
411.1377
411.1377
411.1377
411.1377
411.1377
411.1377
411.1377
411.1377
411.1377
411.1377
412.024
412.024
411.6621
411.1292
411.1292
411.1292
411.1292
411.1292
411.1292
411.0034
411.0034
411.0034
411.0034
411.0034
411.0034
411.0034
411.0034
411.0034
411.0034
411.0034
411.0034
411.0034
411.0034
411.0034
411.0034
411.0034
411.0034
411.0034
411.0034
411.0034
411.0034
410.6254
410.6254
410.6254
410.6254
410.6254
410.6254
410.6254
410.6254
410.6254
410.6254
410.6254
410.6254
410.6254
410.6254
410.6254
410.6254
410.6254
410.6254
410.6254
410.6254
410.6254
410.6254
410.6254
410.6254
410.6254
410.6254
410.6254
410.6254
410.6254
410.6254
410.6254
410.6254
410.6254
410.6254
410.6254
410.6254
410.6254
410.6254
410.6254
410.6254
410.6254
410.6254
410.6254
410.6254
410.6254
410.6254
410.6254
410.6254
410.6254
410.6254
410.6254
410.6254
410.6254
410.6254
410.6254
410.6254
410.6254
410.6254
410.6254
410.6254
410.6254
410.6254
410.6254
410.6254
410.6254
410.6254
410.6254
410.6254
410.6254
410.6254
410.6254
410.6254
410.6254
410.6254
410.6254
410.6254
410.6254
410.6254
410.6254
410.6254
410.6254
410.6254
410.6254
410.6254
410.6254
410.6254
410.6254
410.6254
410.6254
410.6254
410.6254
410.6254
410.6254
410.6254
410.6254
410.6254
410.6254
410.6254
410.6254
410.6254
410.6254
410.6254
410.6254
410.6254
410.6254
410.6254
410.6254
410.6254
410.6254
410.6254
410.6254
410.6254
410.6254
410.6254
410.6254
410.6254
410.6254
410.6254
410.6254
410.6254
410.6254
410.6254
410.6254
410.6254
410.6254
410.6254
410.6254
410.6254
410.6254
410.6254
410.6254
410.6254
410.6254
410.6254
410.6254
410.6254
410.6254
410.6254
410.6254
410.6254
410.6254
410.6254
410.6254
410.6254
410.6254
410.6254
410.6254
410.6254
410.6254
410.6254
410.6254
410.6254
410.6254
410.6254
410.6254
410.6254
410.6254
410.6254
410.6254
410.6254
410.6254
410.6254
410.5539
410.5539
410.5539
410.5539
410.5539
410.5539
410.5539
410.5539
410.5539
410.5539
411.6622
410.2225
410.2225
410.2225
410.2225
410.2225
410.2225
410.2225
410.2225
410.2225
410.2225
410.2225
410.2225
411.0119
411.0119
410.2225
410.2225
410.2225
410.2225
410.2225
410.2225
410.2225
410.2225
410.2225
410.2225
410.2225
410.2225
410.4531
410.4531
410.4531
410.4531
410.4531
410.4531
410.4531
410.4531
410.4531
410.6165
410.6165
410.6165
410.6165
410.6165
410.6165
410.6165
410.6165
410.6165
410.6165
410.6165
410.6165
410.6165
410.6165
410.6165
410.6165
410.5262
410.5262
410.5262
410.5262
410.5262
410.5262
410.5262
410.5262
410.5262
410.5262
410.5262
410.3859
410.3859
410.3859
410.3807
410.3807
409.6275
411.3242
411.3242
411.3242
411.3242
411.3242
410.0573
410.0573
410.0573
410.0573
410.0573
409.9496
409.9496
409.8794
409.3258
409.3258
409.3258
409.3258
409.3258
409.2672
409.2672
409.2672
409.7862
409.6576
409.5773
409.5773
409.5773
409.5773
409.5773
409.5773
409.5773
409.5773
409.5773
409.5773
409.5015
409.5015
409.5015
409.4343
409.3862
409.3173
409.3173
409.3173
409.3173
409.3173
409.3173
409.3173
409.3173
409.3173
409.3173
409.3173
409.3173
409.3173
408.8942
408.8942
408.8942
408.8942
408.8862
408.8862
408.8862
408.8862
408.8862
408.8862
408.8862
408.8862
408.8862
408.8862
408.8862
408.8862
408.8862
408.8862
408.8862
408.8862
408.8862
408.8862
408.8862
408.8862
408.8862
408.8862
408.8862
408.8862
408.8862
408.8862
408.8862
408.8862
408.8862
408.8862
408.8862
408.8862
408.8862
408.8862
408.8862
408.8862
408.8862
408.8862
408.8862
408.8862
408.8862
408.8862
408.8862
408.8862
408.8862
408.8862
408.8862
408.8862
408.8862
408.8862
408.8862
408.8862
408.8862
408.8862
408.8862
408.8862
408.8862
408.8862
408.8355
408.8275
408.8275
408.8275
408.8275
408.8275
408.8275
408.8275
408.8275
408.8275
408.8275
408.8275
408.8275
408.8275
408.8275
408.8275
408.8275
408.8275
408.8275
408.8275
408.8275
408.8275
408.8275
408.8275
408.8275
408.8275
408.8275
408.8006
408.8006
408.8006
408.8006
408.8006
408.8006
408.8006
408.8006
408.8006
408.8006
408.8006
408.8006
408.8006
408.8006
408.8006
408.8006
408.8006
408.8006
408.8006
408.8006
408.8006
408.8006
408.8006
408.8006
408.8006
408.8006
408.8006
408.8006
408.8006
408.8006
408.8006
408.8006
408.7335
408.7335
408.7335
408.7335
408.7335
408.7335
408.7335
408.7335
408.7335
408.7335
408.7335
408.7335
408.7335
408.7335
408.7335
408.7335
408.7335
408.7335
408.7335
408.5139
408.5139
408.5139
408.5139
408.5139
408.5139
408.5139
408.5139
408.5139
408.5139
408.5139
408.5139
408.5139
408.5139
408.5139
408.5139
408.5139
408.5139
408.5139
408.5139
408.5139
408.5139
408.5139
408.5139
408.5139
408.5139
408.5139
408.5139
408.5139
408.5139
408.5139
408.5139
408.5139
408.5139
408.5139
408.5139
408.5139
408.5139
408.5139
408.5139
408.5139
408.5139
408.5139
408.5139
408.5139
408.5139
408.5139
408.5139
408.5139
408.5139
408.5139
408.5139
408.5139
408.5139
408.5139
408.5139
408.5139
408.5139
408.5139
408.5139
408.5139
408.5139
408.5139
408.5139
408.5139
408.5139
408.5139
408.5139
408.5139
408.5139
408.5139
408.5139
408.5139
408.5139
408.5139
408.5139
408.5139
408.5139
408.5139
408.5139
408.5139
408.5139
408.5139
408.5139
408.5139
408.5139
408.5139
408.5139
408.5139
408.5139
408.5139
408.5139
408.5139
408.5139
408.5139
408.5139
408.5139
408.5139
408.5139
408.5139
408.4813
408.4813
408.4813
408.4813
408.4813
408.4813
408.4813
408.4813
408.4813
408.4813
408.4813
408.4813
408.4813
408.4813
408.4467
408.3228
408.3228
408.3228
408.3228
408.3228
408.3228
408.2921
408.2921
408.2921
408.2921
408.2921
408.2921
408.2921
408.2921
408.2921
408.2921
410.2419
410.2419
410.2093
410.2093
410.2093
410.2093
410.2093
410.2093
410.2093
410.2093
410.2093
410.2093
410.2093
410.2093
410.2093
410.2093
410.2093
410.2093
410.2093
410.1702
410.1702
410.1702
410.1376
410.1376
410.0276
407.8916
407.8502
407.8502
407.8502
407.8502
407.8502
407.8502
407.8502
407.8502
409.5873
409.586
407.8916
407.8916
407.8916
407.8916
407.8916
407.8916
407.8916
407.8502
407.8502
407.8502
407.8502
407.8502
407.8121
407.6208
407.6208
407.6208
407.6208
407.6208
407.6208
407.6208
407.6208
407.6208
407.6208
407.6208
407.6208
407.6208
407.6208
407.6208
407.6208
407.6208
407.6208
407.6208
407.5606
407.5127
407.5127
407.5127
407.5127
407.5127
407.5127
407.2404
407.2404
407.2404
407.2404
407.2242
407.2242
407.166
407.166
407.166
407.1525
407.1525
407.1525
407.1525
407.1525
406.9897
406.918
406.918
406.6522
406.6522
406.6522
406.6522
406.6522
406.6522
406.6522
406.6522
406.6522
406.6522
406.6522
406.6522
406.6522
406.6522
406.6522
406.6522
406.6522
406.6522
406.6522
406.6522
406.6522
406.6522
406.5482
406.5349
406.5349
406.5349
406.5349
406.5349
406.4765
406.4632
406.4632
406.4632
406.4632
406.4632
406.4632
406.4632
406.4632
406.4632
406.4632
406.4632
406.4632
406.4632
406.4632
406.4632
406.4632
406.4632
406.4632
406.4632
406.4632
406.4632
406.4632
406.4632
406.4632
406.4632
406.4632
406.4632
406.4632
406.4632
406.4632
406.4632
406.4632
406.4632
406.4632
406.4632
406.4632
406.4632
406.4632
406.4632
406.4632
406.4632
406.4632
406.4632
406.4632
406.4632
406.4632
406.4632
406.4632
406.4632
406.4632
406.4632
406.4632
406.4632
406.4632
406.4632
406.4632
406.4632
406.4632
406.4632
406.4632
406.4632
406.4632
406.4632
406.4632
406.4632
406.4632
406.4632
406.4632
406.4632
406.4632
406.4632
406.4632
406.4632
406.0602
406.0602
406.021
406.021
405.9885
405.9885
405.9885
405.9885
405.9885
405.9885
405.9885
405.9885
405.9885
405.8845
405.8128
405.8128
405.6054
405.6054
405.6054
405.6054
405.6054
405.6054
405.6054
405.6054
405.6054
405.6054
405.6054
405.6054
405.6054
405.6054
405.6054
405.6054
405.6054
405.5663
405.5663
405.5663
405.5663
405.5663
405.5663
405.5663
405.5663
405.5663
405.5663
405.5663
405.5663
405.5663
405.5663
405.5663
405.5663
405.5663
405.5663
405.5663
405.5663
405.5663
405.5663
405.5663
405.5338
405.5338
405.5338
405.5338
405.5338
405.5338
405.5338
405.5338
405.5338
405.5338
405.5338
405.5338
405.5338
405.5338
405.5338
405.5338
405.5338
405.5338
405.5338
405.5338
405.5338
405.5338
405.5338
405.5338
405.5338
405.5338
405.5338
405.5338
405.5338
405.5338
405.5338
405.5338
405.5338
405.5338
405.5338
405.5338
405.5338
405.5338
405.5338
405.5338
405.5338
405.5338
405.5338
405.5338
405.5338
405.5338
405.5338
405.5338
405.5338
405.5338
405.5338
405.5338
405.5338
405.5338
405.5338
405.5338
405.5338
405.5338
405.5338
405.5338
405.5338
405.5338
405.5338
405.5338
405.5338
405.5338
405.5338
405.5338
405.5338
405.5338
405.5338
405.5338
405.5338
405.5338
405.5338
405.5338
405.5338
405.5338
405.5338
405.5338
405.5338
405.5338
405.5338
405.5338
405.5338
405.5338
405.5338
405.5338
405.5338
405.5338
405.5338
405.5338
405.5338
405.5338
405.5338
405.5338
405.5338
405.5338
405.5338
405.5338
405.5338
405.5338
405.5338
405.5338
405.5338
405.5338
405.5338
405.5338
405.5338
405.5338
405.5338
405.1939
405.1939
405.1764
405.1764
405.1764
405.1764
405.1764
405.1764
405.1764
405.1764
405.1764
405.1764
405.1764
405.1764
405.1764
405.1764
405.1764
405.1764
405.1764
405.1764
405.1764
405.1764
405.1764
405.1764
405.1764
405.1764
405.1764
405.1764
405.1764
405.1764
405.1764
405.1764
405.1764
405.1764
405.1764
405.1764
405.1764
405.1764
405.1764
405.1764
405.1764
405.1764
405.1764
405.1764
405.1764
405.1764
405.1764
405.1764
405.1764
405.1764
405.1764
405.1764
405.1764
405.1764
405.1764
405.1764
405.1764
405.1764
404.5234
404.5234
404.5234
404.5234
404.5234
404.5234
404.5234
404.5234
404.5234
404.5234
404.5234
404.5234
404.5234
404.5234
404.5234
404.5234
404.5234
404.5234
404.5234
404.5234
404.5234
404.5234
404.5234
404.5234
404.5234
404.5234
404.5234
404.5234
404.5234
404.5234
404.5234
404.5234
404.5234
404.5234
404.5234
404.5234
404.5234
404.5234
404.5234
404.5234
404.5234
404.1661
404.1661
404.1661
404.1661
404.1661
404.1661
404.1661
404.1661
404.1661
404.1661
404.1661
404.1661
404.1661
404.1661
404.1661
404.1661
404.1661
404.1661
404.1661
404.1661
404.1661
404.1661
404.1661
404.1661
404.1661
404.1661
404.1661
404.1661
404.1661
404.1661
404.1661
404.1661
404.1661
404.1661
404.1661
404.1661
404.1661
404.1661
404.1661
404.1661
404.1661
404.1661
404.1661
404.1661
404.1661
404.1661
404.1661
404.1661
404.1661
404.1661
404.1661
404.1661
404.1661
404.1661
404.1661
404.1661
404.1661
404.1661
404.1661
404.1661
404.1661
404.1661
404.1661
404.1661
404.1661
404.1661
404.1661
404.1661
404.1661
404.1661
404.1661
404.1661
404.1661
404.1661
404.1661
404.1661
404.1661
404.1661
404.1661
404.1661
404.1661
404.1661
404.1661
404.1661
404.1661
404.1661
404.1661
404.1661
404.1661
404.1661
404.1661
404.1661
404.1661
404.1661
404.1661
404.1661
404.1661
404.1661
404.1661
404.1661
404.1661
404.1661
404.1661
404.1661
404.1661
404.1661
404.1661
404.1661
404.1661
404.1661
404.1661
404.1661
404.1661
404.1661
404.1661
404.1661
404.1661
404.1661
404.1661
404.1661
404.1661
404.1661
404.1661
404.1661
404.1661
404.1661
404.1661
404.1661
404.1661
404.1661
404.1661
404.1661
404.1661
404.1661
404.1661
404.1661
404.1661
404.1661
404.1661
404.1661
404.1661
404.1661
404.1661
404.1661
404.1661
404.1661
404.1661
404.1661
404.1661
404.1661
404.1661
404.1661
404.1661
404.1661
404.1661
404.1661
404.1661
404.1661
404.1661
404.1661
404.1661
404.1661
404.1661
404.1661
404.1661
404.1661
404.1661
404.1661
404.1661
404.1661
404.1661
404.1661
404.1661
404.1661
404.1661
404.1661
404.1661
404.1661
404.1661
404.1661
404.1661
404.1661
404.1661
404.1661
404.1661
404.1661
404.1661
404.1661
404.1661
404.1661
404.1661
404.1661
404.1661
404.1661
404.1661
404.1661
404.1661
404.1661
404.1661
404.1661
404.1661
404.1661
404.1661
404.1661
404.1661
404.1661
404.1661
404.1661
404.1661
404.1661
404.1661
404.1661
404.1661
404.1661
404.1661
404.1661
404.1661
404.1661
404.1661
404.1661
404.1661
404.1661
404.1661
404.1661
404.1661
404.1661
404.1661
404.1661
404.1661
404.1661
404.1661
404.1661
404.1661
404.1661
404.1661
404.1661
404.1661
404.1661
404.1661
404.1661
404.1661
404.1661
404.1661
404.1661
404.1661
404.1661
404.1661
404.1661
404.1661
404.1661
404.1661
404.1661
404.1661
404.1661
404.1661
404.1661
404.1661
404.1661
404.1661
404.1661
404.1661
404.1661
404.1661
404.1661
404.1661
404.1661
404.1661
404.1661
404.1661
404.1661
404.1661
404.1661
404.1661
404.1661
404.1661
404.1661
404.1661
404.1661
404.1661
404.1661
404.0915
404.0915
404.0915
404.0915
404.0915
404.0915
404.0915
404.0915
404.0915
404.0915
404.0915
404.0915
404.0915
404.0915
404.0915
404.0915
404.0915
404.0915
404.0915
404.0915
404.0915
404.0915
404.0915
404.0915
404.0915
404.0915
404.0915
404.0915
404.0915
404.0915
404.0915
404.0915
404.0915
404.0915
404.0915
404.0915
404.0915
404.0915
404.0915
404.0915
404.0915
404.0915
404.0915
404.0915
404.0915
404.0915
404.0915
404.0915
404.0915
404.0915
404.0915
404.0915
404.0915
404.0915
404.0915
404.0915
404.0915
404.0915
404.0915
404.0915
404.0915
404.0915
404.0915
404.0915
404.0915
404.0915
404.0915
404.0915
404.0915
404.0915
404.0915
404.0915
404.0915
404.0915
404.0915
404.0915
404.0915
404.0915
404.0915
404.0915
404.0915
404.0915
404.0915
404.0915
404.0915
404.0915
404.0915
404.0915
404.0915
404.0915
404.0915
404.0915
404.0915
404.0915
404.0915
404.0915
404.0915
404.0915
404.0469
404.0469
404.0469
404.0469
404.0469
404.0469
404.0469
404.0469
404.0469
404.0469
404.0469
404.0469
404.0469
404.0469
404.0469
404.0469
404.0469
404.0469
404.0469
404.0469
404.0469
404.0469
404.0469
404.0469
404.0469
404.0469
404.0469
404.0469
404.0469
404.0469
404.0469
404.0469
404.0469
404.0469
404.0469
404.0469
404.0469
404.0469
404.0469
404.0469
404.0469
404.0469
404.0469
404.0469
403.9868
403.9868
403.9801
403.9801
403.9801
403.9801
403.9801
403.9801
403.9801
403.9801
403.9801
403.9801
403.9801
403.9801
403.9801
403.9801
403.9801
403.9801
403.9801
403.9801
403.9801
403.9801
403.9801
403.9801
403.9801
403.9801
403.9801
403.9801
403.9801
403.9801
403.9801
403.9801
403.9801
403.9801
403.9801
403.9801
403.9801
403.9801
403.9801
403.9801
403.9801
403.9801
403.9801
403.9801
403.9801
403.9801
403.9801
403.9801
403.9801
403.9801
403.9801
403.9801
403.9801
403.9801
403.9801
403.9801
403.9801
403.9801
403.9801
403.9801
403.9801
403.9801
403.9801
403.9801
403.9801
403.9801
403.9801
403.9801
403.9801
403.9801
403.9801
403.9801
403.9801
403.9801
403.9801
403.9801
403.9801
403.9801
403.9801
403.9801
403.9801
403.9801
403.9801
403.9801
403.9801
403.9801
403.9801
403.9801
403.9801
403.9801
403.9801
403.9801
403.9801
403.9801
403.9801
403.9801
403.9801
403.9801
403.9801
403.9801
403.9801
403.9801
403.9801
403.9801
403.9801
403.9801
403.9801
403.9801
403.9801
403.9801
403.9801
403.9801
403.9801
405.1725
405.1725
403.7793
403.7793
403.7793
403.7793
403.7793
403.7793
403.7793
403.7793
403.1943
403.1943
403.1943
403.1943
403.1943
403.1943
403.1943
403.1943
403.1943
403.1943
403.1943
403.4873
403.4873
403.4873
403.4873
402.7166
402.7166
402.7166
402.7166
402.7166
402.7166
402.7166
402.7166
402.7166
402.7166
402.7166
402.7166
402.7166
402.7166
404.248
404.248
404.248
402.8351
402.8351
402.8351
402.8351
402.8351
402.8351
402.8351
402.8351
402.8351
402.8351
402.8351
402.8351
402.8351
402.8351
402.8351
402.8351
402.8351
402.8351
402.8351
403.9801
403.9801
403.9801
403.9801
403.9801
403.9801
403.9801
403.9801
403.9801
403.9801
403.9801
403.9801
402.7238
402.7238
402.7238
402.7238
402.7238
402.7238
402.7238
402.7238
402.7238
402.7238
402.7238
403.8602
403.8602
403.8602
403.8602
403.8602
403.7793
403.7793
403.7793
403.7793
403.5879
403.5879
403.5879
403.5879
403.5879
403.5879
403.5879
403.5879
403.5879
403.5879
402.3092
402.3092
402.3092
403.5209
403.3871
403.3871
403.3871
403.3871
403.3871
403.3871
403.3871
403.3871
403.3871
403.3871
403.3871
403.3871
402.8611
402.8611
402.8611
402.8611
402.8351
402.8351
402.8351
402.8351
402.8351
402.8351
402.8351
402.8351
402.8351
402.8351
402.8351
402.8351
402.8351
402.8351
402.8351
402.8351
402.8351
402.8351
402.8351
402.8351
402.8351
402.8351
402.8351
402.8351
402.8351
402.8351
402.8351
402.8351
402.8351
402.8351
402.8351
402.8351
402.8351
402.8351
402.8351
402.8351
402.8351
402.8351
402.8351
402.8351
402.8351
402.8351
402.8351
402.8351
402.8351
402.8351
402.8351
402.8351
402.8351
402.8351
402.8351
402.8351
402.8351
402.8351
402.8351
402.8351
402.7591
402.7483
402.7483
402.5583
402.5475
402.5475
402.5475
402.5475
402.5475
402.5475
402.5475
402.5475
402.5475
402.5475
402.5475
402.5475
402.5475
402.5475
402.5475
402.5475
402.5475
402.5475
402.5475
402.5475
402.5475
402.5475
402.5475
402.5475
402.5475
402.5475
402.5475
402.5475
402.5475
402.5475
402.5475
402.5475
402.5475
402.5475
402.5475
402.5475
402.5475
402.5475
402.5475
402.4714
402.4714
402.4714
402.4714
402.4714
402.4714
402.3092
402.3092
402.3092
402.3092
402.3092
402.3092
402.3092
402.3092
402.2706
402.2706
402.2706
402.2706
402.2706
402.2706
402.2706
402.2706
402.2706
402.2706
402.2706
402.2706
402.2706
402.2706
402.2706
402.2706
402.2706
402.2706
402.2706
402.2706
402.2706
402.2706
402.2706
402.2706
402.2706
402.2706
402.2706
402.2706
402.2706
402.2706
402.2706
402.2706
402.2706
402.2706
402.2706
402.2706
402.2706
402.2706
402.2706
402.2706
402.2706
402.2706
402.2706
402.2706
402.2706
402.2706
402.2706
402.2706
402.2706
402.2706
402.2706
402.2706
402.2706
402.2706
402.2706
402.2706
402.2706
402.2706
402.2706
402.2706
402.2706
402.2706
402.2706
402.2706
402.2706
402.2706
402.2706
402.2706
402.2706
402.2706
402.2706
402.2706
402.2706
402.2706
402.2706
402.2706
402.2706
402.2706
402.2706
402.2706
402.2706
402.2706
402.2706
402.2706
402.2706
402.2706
402.2706
402.0215
402.0215
402.0215
402.0215
402.0215
402.0215
402.0215
402.0215
402.0215
402.0215
402.0215
402.0215
402.0215
402.0215
402.0215
402.0215
402.0215
402.0215
402.0215
402.0215
402.0215
402.0215
402.0215
402.0215
402.0215
402.0215
402.0215
402.0215
402.0215
402.0215
402.0215
402.0215
402.0215
402.0215
402.0215
402.0215
402.0215
402.0215
402.0215
402.0215
402.0215
402.0215
402.0215
402.0215
402.0215
402.0215
402.0215
402.0215
402.0215
402.0215
402.0215
402.0215
402.0215
402.0215
402.0215
402.0215
402.0215
402.0215
402.0215
402.0215
402.0215
402.0215
401.7698
401.7698
401.5207
401.5207
401.5207
401.5207
401.5207
401.5207
401.5207
401.5207
401.5207
401.5207
401.5207
401.5207
401.5207
401.5207
401.5207
401.5207
401.5207
401.5207
401.5207
401.5207
401.5207
401.5207
401.5207
401.5207
401.5207
401.5207
401.5207
401.5207
401.5207
401.5207
401.5207
401.5207
401.5207
401.5207
401.5207
401.5207
401.5207
401.5207
401.5207
401.5207
401.5207
401.5207
401.5207
401.5207
401.5207
401.5207
401.5207
401.5207
401.5207
401.5207
401.5207
401.5207
401.5207
401.5207
401.5207
401.5207
401.5207
401.5207
401.5207
401.5207
401.5207
401.5207
401.5207
401.5207
401.5207
401.5207
401.5207
401.5207
401.5207
401.5207
401.5207
401.5207
401.5207
401.5207
401.5207
401.5207
401.5207
401.5207
401.5207
401.5207
401.5207
401.5207
401.5207
401.5207
401.5207
401.5207
401.5207
401.5207
401.5207
401.5207
401.5207
401.5207
401.5207
401.5207
401.5207
401.5207
401.5207
401.5207
401.5207
401.5207
401.5207
401.5207
401.5207
401.5207
401.5207
401.5207
401.5207
401.5207
401.5207
401.5207
401.5207
401.5207
401.5207
401.5207
401.5207
401.5207
401.5207
401.5207
401.5207
401.5207
401.5207
401.5207
401.5207
401.5207
401.5207
401.5207
401.5207
401.5207
401.5207
401.5207
401.5207
401.5207
401.5207
401.5207
401.5207
401.5207
401.5207
401.5207
401.5207
401.5207
401.5207
401.5207
401.5207
401.5207
401.5207
401.5207
401.5207
401.5207
401.5207
401.5207
401.5207
401.5207
401.5207
401.5207
401.5207
401.5207
401.5207
401.5207
401.5207
401.5207
401.5207
401.5207
401.2689
401.2689
401.2689
401.5057
401.5057
401.5057
401.5057
401.5057
401.5057
401.5057
401.5057
401.5207
401.5207
401.5207
401.5207
401.5207
401.5207
401.5207
401.5207
401.5207
401.4301
401.4301
401.4301
401.4301
401.4301
401.4301
401.4301
401.4301
401.4301
401.4301
401.4301
401.4301
401.4301
401.4301
401.4301
401.4301
401.4301
401.4301
401.4301
401.4301
401.4301
401.4203
401.4203
401.4203
401.4203
401.4203
401.4203
401.4203
400.7824
400.7824
400.7824
401.382
401.4301
401.4203
401.326
401.326
401.326
401.326
401.326
401.326
401.326
401.326
401.326
401.326
401.326
401.326
401.326
401.326
401.326
401.326
401.326
401.326
401.326
401.326
401.326
401.326
401.326
401.326
401.326
401.326
401.326
401.326
401.382
401.3266
401.326
401.326
401.326
401.326
401.326
401.326
401.326
401.326
401.326
401.326
401.326
401.326
401.326
401.326
401.326
401.326
401.326
401.326
401.326
401.326
401.326
401.326
401.326
401.326
401.326
401.326
401.326
401.326
401.326
401.326
401.326
401.326
401.326
401.326
401.326
401.326
401.326
401.326
401.326
401.326
401.326
401.326
401.326
401.326
401.326
401.326
401.326
401.326
401.326
401.326
401.326
401.326
401.326
401.326
401.326
401.326
401.326
401.326
401.326
401.326
401.326
401.326
401.326
401.326
401.326
401.326
401.326
401.326
401.326
401.326
401.326
401.326
401.326
401.326
401.326
401.326
401.326
401.326
401.326
401.326
401.326
401.326
401.326
401.326
401.326
401.326
401.326
401.326
401.326
401.326
401.326
401.326
401.326
401.326
401.326
401.326
401.326
401.326
401.326
401.326
401.326
401.326
401.326
401.326
401.326
401.326
401.326
401.326
401.326
401.326
401.326
401.326
401.326
401.326
401.326
401.326
401.326
401.326
401.326
401.326
401.326
401.326
401.326
401.326
401.326
401.326
401.326
401.326
401.326
401.326
401.326
401.326
401.326
401.326
401.326
401.326
401.326
401.326
401.326
401.326
401.326
401.326
401.326
401.326
401.326
401.326
401.326
401.326
401.326
401.326
401.326
401.326
401.326
401.326
401.326
401.326
401.326
401.326
401.326
401.326
401.326
401.326
401.326
401.326
401.326
401.326
401.326
401.326
401.326
401.326
401.326
401.326
401.326
401.326
401.326
401.326
401.326
401.326
401.326
401.326
401.326
401.326
401.326
401.326
401.326
401.326
401.326
401.326
401.326
401.326
401.326
401.326
401.326
401.326
401.326
401.326
401.326
401.326
401.326
401.326
401.326
401.326
401.326
401.326
401.326
401.326
401.326
401.326
401.326
401.326
401.326
401.326
401.326
401.326
401.326
401.326
401.326
401.326
401.326
401.326
401.326
401.326
401.326
401.326
401.326
401.326
401.326
401.326
401.326
401.326
401.326
401.326
401.326
401.326
401.326
401.326
401.326
401.326
401.326
401.326
401.2361
401.2505
401.2406
401.2406
401.2406
401.0563
401.0563
401.0563
401.0563
401.0563
401.0563
401.0563
401.0563
401.0563
401.0563
401.0563
401.0563
401.0563
401.0563
401.0563
401.0563
401.0563
401.0563
401.0563
401.0563
401.0563
401.0563
401.0563
401.0563
401.0563
401.0563
401.0563
401.0563
401.0563
401.0563
401.0563
401.0563
401.0563
401.0563
401.0563
401.0563
401.0563
401.0563
401.0563
401.0563
401.0563
401.0563
401.0563
401.0563
401.0563
401.0563
401.0563
401.0563
401.0563
401.0563
401.0563
401.0563
401.0563
401.0563
401.0563
401.0563
401.0563
401.0563
401.0563
401.0563
401.0563
401.0563
401.0563
401.0563
401.0563
401.0563
401.0563
401.0563
401.0563
401.0563
401.0563
401.0563
401.0563
401.0563
401.0563
401.0563
401.0563
401.0563
401.0563
401.0563
401.0563
401.0563
401.0563
401.0563
401.0563
401.0563
401.0563
401.0563
401.0563
401.0563
401.0563
401.0563
401.0563
401.0563
401.0563
401.0563
401.0563
401.0563
401.0563
401.0563
401.0563
401.0563
401.0563
401.0563
401.0563
401.0563
401.0563
401.0563
401.0563
401.0563
401.0563
401.0563
401.0563
401.0563
401.0563
401.0563
401.0563
401.0563
401.0563
401.0563
401.0563
401.0563
401.0563
401.0563
401.0563
401.0563
401.0563
401.0563
401.0563
401.0563
401.0563
401.0563
401.0563
401.0563
401.0563
401.0563
401.0563
401.0563
401.0563
401.0563
401.0563
401.0563
401.0563
401.0563
401.0563
401.0563
401.0456
401.0456
401.0456
401.0456
400.9384
400.9384
400.9384
400.9384
400.9384
400.9384
400.9384
400.9384
400.9384
400.9384
400.9384
400.9384
400.9384
400.9384
400.9384
400.9384
400.9384
400.9384
400.9384
400.9384
400.9384
400.9384
400.9384
400.9384
400.9384
400.9384
400.9384
400.9384
400.9384
400.9384
400.9384
400.9384
400.9384
400.9384
400.9384
400.9384
400.9384
400.9384
400.9384
400.9384
400.9384
400.9384
400.9384
400.9384
400.9384
400.9384
400.9384
400.9384
400.9384
400.9384
400.9384
400.9384
400.9384
400.9384
400.9384
400.9384
400.9384
400.9384
400.9384
400.9384
400.9384
400.9384
400.9384
400.9384
400.9384
400.9384
400.9384
400.9384
400.9384
400.9384
400.9384
400.9384
400.9384
400.9384
400.9384
400.9384
400.9384
400.9384
400.9384
400.9384
400.9384
400.9384
400.9384
400.9384
400.9384
400.9384
400.9384
400.9384
400.9384
400.9384
400.9384
400.9384
400.9384
400.9384
400.9384
400.9384
400.9384
400.9384
400.9384
400.9384
400.9384
400.9384
400.9384
400.9384
400.9384
400.9384
400.9384
400.9384
400.9384
400.9384
400.9384
400.9384
400.9384
400.9384
400.9384
400.9337
400.9337
400.9337
400.9337
400.9337
400.9337
400.9337
400.9337
400.9337
400.9337
400.9337
400.9337
400.9337
400.9337
400.9337
400.9337
400.9337
400.9337
400.9337
400.9337
400.9337
400.9337
400.9337
400.9337
400.9337
400.9337
400.9337
400.9337
401.5436
400.9384
400.9384
400.9337
400.9337
400.9337
400.9337
400.9337
400.9337
400.9337
400.9337
400.9337
400.9337
400.9337
401.7696
401.156
401.156
401.156
401.156
401.156
401.156
401.156
401.156
401.156
401.156
401.156
401.156
401.156
401.156
401.156
401.156
401.156
401.156
401.156
401.156
401.156
401.156
401.156
401.156
401.156
401.156
401.156
401.156
401.156
401.156
401.156
401.156
401.156
401.156
401.156
401.156
401.156
401.156
401.156
401.156
401.156
401.156
401.156
401.156
401.1513
401.1513
401.1513
401.1513
401.1513
401.1513
401.1513
401.1513
401.1513
401.1513
401.1513
401.1513
401.1513
401.1513
401.5067
401.5067
401.5067
401.5067
401.5067
401.5067
401.5067
401.5067
401.5067
401.5067
401.5067
401.5067
401.5067
401.5067
401.5067
401.5067
401.5067
401.5067
401.5067
401.5067
401.5067
401.5067
401.5067
401.5067
401.5067
401.5067
401.5067
401.5067
401.5067
401.5067
401.5067
401.5067
401.5067
401.5067
401.5067
401.5067
401.5067
401.5067
401.5067
401.5067
401.5067
401.5067
401.5067
401.5067
401.5067
401.5067
401.5067
401.5067
401.5067
401.5067
401.5067
401.5067
401.5067
401.5067
401.5067
401.5067
401.5067
401.5067
401.5067
401.5067
401.5067
401.5067
401.5067
401.5067
401.5067
401.5067
401.5067
401.5067
401.5067
401.5067
401.5067
401.5067
401.5067
401.5067
401.5067
401.5067
401.5067
401.5067
401.5067
401.5067
401.5067
401.5067
401.5067
401.5067
401.5067
401.5067
401.5067
401.5067
401.5067
401.5067
401.5067
401.5067
401.5067
401.5067
401.5067
401.5067
401.5067
401.5067
401.5067
401.5067
401.5067
401.5067
401.5067
401.5067
401.5067
401.5067
401.5067
401.5067
401.5067
401.5067
401.5067
401.5067
401.5067
400.9384
400.9384
400.9384
400.9384
400.9384
400.9384
400.9384
400.9384
400.9384
400.9384
400.9384
400.9384
400.9384
400.9384
400.9384
400.9384
400.9384
400.9384
400.9384
400.9384
400.9384
400.9384
400.9384
400.9384
400.9384
400.9384
400.9384
400.9384
400.9384
400.9384
400.9384
400.9384
400.9384
400.9384
400.9384
400.9384
400.9384
400.9384
400.9384
400.9384
400.9384
400.9384
400.9384
400.9384
400.9384
400.9384
400.9384
400.9384
400.9384
400.9384
400.9384
400.9384
400.9384
400.9384
400.9384
400.9384
400.9384
400.9384
400.9384
400.9384
400.9384
400.9384
400.9384
400.9384
400.9384
400.9384
400.9384
400.9384
400.9384
400.9384
400.9384
400.9384
400.9384
400.9384
400.9384
400.9384
400.9384
400.9384
400.9384
400.9384
400.9384
400.9384
400.9384
400.9384
400.9384
400.9384
400.9384
400.9384
400.9384
400.9384
400.9384
400.9384
400.9384
400.9384
400.9384
400.9384
400.9384
401.5067
401.5067
401.5067
401.5067
401.5067
401.5067
401.5067
401.5067
401.5067
401.5067
401.5067
401.5067
401.5067
401.5067
401.5067
401.5067
401.5067
401.5067
401.5067
401.5067
401.5067
401.5067
401.5067
401.5067
401.5067
401.5067
401.5067
401.5067
401.5067
401.5067
401.5067
401.5067
401.5067
401.5067
401.5067
401.5067
401.5067
401.5067
401.5067
401.5067
401.5067
401.5067
401.5067
401.5067
401.5067
401.5067
401.5067
401.5067
401.5067
401.5067
401.5067
401.5067
401.5067
401.5067
401.5067
401.5067
401.5067
401.5067
401.5067
401.5067
401.5067
401.5067
401.5067
401.5067
401.5067
401.5067
401.5067
401.5067
401.5067
401.5067
401.5067
401.5067
401.5067
401.5067
401.5067
401.5067
401.5067
401.5067
401.5067
401.5067
401.5067
401.5067
401.5067
401.5067
401.5067
401.5067
401.5067
401.5067
401.5067
401.5067
401.5067
401.5067
401.5067
401.5067
401.5067
401.5067
401.5067
401.5067
401.5067
401.5067
401.5067
401.5067
401.5067
401.5067
401.5067
401.5067
401.5067
401.5067
401.5067
401.5067
401.5067
401.5067
401.5067
401.5067
401.5067
401.5067
401.5067
401.5067
401.5067
401.5067
401.5067
401.5067
401.5067
401.5067
401.5067
401.5067
401.5067
401.5067
401.5067
401.5067
401.5067
401.5067
401.5067
401.5067
401.5067
401.5067
401.5067
401.5067
401.5067
401.5067
401.5067
401.5067
401.5067
401.5067
401.5067
401.5067
401.5067
401.5067
401.5067
401.5067
401.5067
401.5067
401.5067
401.5067
401.5067
401.5067
401.5067
401.5067
401.5067
401.5067
401.5067
401.5067
401.5067
401.5067
401.5067
401.5067
401.5067
401.5067
401.5067
401.5067
401.5067
401.5067
401.5067
401.5067
401.5067
401.5067
401.5067
401.5067
401.5067
401.5067
401.5067
401.5067
401.5067
401.5067
401.5067
401.5067
401.5067
401.5067
401.5067
401.5067
401.5067
401.5067
401.5067
401.5067
401.5067
401.5067
401.5067
401.5067
401.5067
401.5067
401.5067
401.5067
401.5067
401.5067
401.5067
401.5067
401.5067
401.5067
401.5067
401.5067
401.5067
401.5067
401.5067
401.5067
401.5067
401.5067
401.5067
401.5067
401.5067
401.5067
401.5067
401.5067
401.5067
401.5067
401.5067
401.5067
401.5067
401.5067
401.5067
401.5067
401.5067
401.5067
401.5067
401.5067
401.5067
401.5067
401.5067
401.5067
401.5067
401.5067
401.5067
401.5067
401.5067
401.5067
401.5067
401.5067
401.5067
401.5067
401.5067
401.5067
401.5067
401.5067
401.5067
401.5067
401.5067
401.5067
401.5067
401.5067
401.5067
401.5067
401.5067
401.5067
401.5067
401.5067
401.5067
401.5067
401.5067
401.5067
401.5067
401.5067
401.5067
401.5067
401.5067
401.5067
401.5067
401.5067
401.5067
401.5067
401.5067
401.5067
401.5067
401.5067
401.5067
401.5067
401.5067
401.5067
401.5067
401.5067
401.5067
401.5067
401.5067
401.5067
401.5067
401.5067
401.5067
401.5067
401.5067
401.5067
401.5067
401.5067
401.5067
401.5067
401.5067
401.5067
401.5067
401.5067
401.5067
401.5067
401.5067
401.5067
401.5067
401.5067
401.5067
401.5067
401.5067
401.5067
401.5067
401.5067
401.5067
401.5067
401.5067
401.5067
401.5067
401.5067
401.5067
401.5067
401.5067
401.5067
401.5067
401.5067
401.5067
401.5067
401.5067
401.5067
401.5067
401.5067
401.5067
401.5067
401.5067
401.5067
401.5067
401.5067
401.5067
401.5067
401.5067
401.5067
401.5067
401.5067
401.5067
401.5067
401.5067
401.5067
401.5067
401.5067
401.5067
401.5067
401.5067
401.5067
401.5067
401.5067
401.5067
401.5067
401.5067
401.5067
401.5067
401.5067
401.5067
401.5067
401.5067
401.5067
401.5067
401.5067
401.5067
401.5067
401.5067
401.5067
401.5067
401.5067
401.5067
401.5067
401.5067
401.5067
401.5067
401.5067
401.5067
401.5067
401.5067
401.5067
401.5067
401.5067
401.5067
401.5067
401.5067
401.5067
401.5067
401.5067
401.5067
401.5067
401.5067
401.5067
401.5067
401.5067
401.5067
401.5067
401.5067
401.5067
401.5067
401.5067
401.5067
401.5067
401.5067
401.5067
401.5067
401.5067
401.5067
401.5067
401.5067
401.5067
401.5067
401.5067
401.5067
401.5067
401.5067
401.5067
401.5067
401.5067
401.5067
401.5067
401.5067
401.5067
401.5067
401.5067
401.5067
401.5067
401.5067
401.5067
401.5067
401.5067
401.5067
401.5067
401.5067
401.5067
401.5067
401.5067
401.5067
401.5067
401.5067
401.5067
401.5067
401.5067
401.5067
401.5067
401.5067
401.5067
401.5067
401.5067
401.5067
401.5067
401.5067
401.5067
401.5067
401.5067
401.5067
401.5067
401.5067
401.5067
401.5067
401.5067
401.5067
401.5067
401.5067
401.5067
401.5067
401.5067
401.5067
401.5067
401.5067
401.5067
401.5067
401.5067
401.5067
401.5067
401.5067
401.5067
401.5067
401.5067
401.5067
401.5067
401.5067
401.5067
401.5067
401.5067
401.5067
401.5067
401.5067
401.5067
401.5067
401.5067
401.5067
401.5067
401.5067
401.5067
401.5067
401.5067
401.5067
401.5067
401.5067
401.5067
401.5067
401.5067
401.5067
401.5067
401.5067
401.5067
401.5067
401.5067
401.5067
401.6549
401.6549
401.6549
401.4881
401.4881
401.5067
401.5067
401.5067
401.5067
401.4687
401.4687
401.4687
401.3891
401.3891
401.3891
401.2987
401.0329
401.0329
401.0329
401.0329
401.0329
401.0329
401.0329
401.0329
401.0329
401.0329
401.0329
401.0329
400.9949
400.9949
400.9949
400.9384
400.9384
400.7548
400.7548
400.7548
400.6263
400.5882
400.4615
400.4539
400.4539
400.4539
400.4539
400.4615
400.4615
400.4615
400.4615
400.4615
400.4615
400.4615
400.4615
400.4615
400.4615
400.4615
400.4615
400.4615
400.4234
400.4234
400.4234
400.4234
400.4234
400.0439
400.0439
400.0059
400.0059
400.0059
400.0059
400.0059
400.0059
400.0059
400.0059
400.0059
400.0059
400.0059
400.0059
400.0059
400.0059
400.0059
400.0059
400.0059
400.0059
400.0059
400.0059
400.0059
400.0059
399.9496
399.9496
399.9496
399.9496
399.9496
399.9496
399.9496
399.9496
399.9496
399.9496
399.9496
399.9496
399.9496
399.9496
399.9496
399.9496
399.9496
399.5842
399.5842
399.5842
399.5842
399.5842
399.5842
399.5842
399.5842
399.5842
399.5842
399.5842
399.5842
399.5842
399.5842
399.5842
399.5842
399.5701
399.5701
399.5462
399.5462
399.5462
399.5321
399.4194
399.3813
399.3813
399.3813
399.0019
399.0019
399.0019
399.0019
399.0019
399.0019
399.0019
399.0019
399.0019
399.0019
399.0019
398.9638
398.9638
398.9638
398.9638
398.9638
398.9638
398.9638
398.9638
398.9638
398.9638
398.9638
398.9638
398.9638
398.9638
398.9638
398.9638
398.9638
398.9638
398.9638
398.9638
398.9638
398.9638
398.6516
398.6516
398.6516
398.6516
398.6516
398.6516
398.6516
398.6516
398.6516
398.6897
398.6897
398.6897
398.6897
398.6897
398.6897
398.6897
398.6516
398.6516
398.6516
398.6516
398.6516
398.6516
398.6516
398.6516
398.6516
398.6516
398.6516
398.6516
398.6516
398.6516
398.6516
398.6516
398.6516
398.6516
398.6516
398.6516
398.6516
398.6516
398.539
398.539
398.1215
398.1215
398.1215
398.1215
398.1215
398.1215
398.1215
398.1215
398.1215
398.0834
398.0834
398.0834
398.0834
398.0834
398.0834
398.0834
398.0834
398.0834
398.0834
398.0834
398.0834
398.0834
398.0834
398.0834
398.0834
398.0834
398.0834
398.0834
398.0834
398.0834
398.0834
398.0834
398.0834
398.0834
398.0834
398.0834
398.0834
398.0834
398.0834
398.0834
398.0834
398.0834
398.0834
398.0834
398.0834
398.0834
398.0834
398.0834
398.0834
398.0834
398.0834
398.0834
398.0834
398.0834
398.0834
398.0834
398.0834
398.0834
398.0834
398.0834
398.0834
398.0834
398.0834
398.0834
398.0834
398.0834
398.0834
398.0834
398.0834
398.0834
398.0834
398.0834
398.0834
398.0834
398.0834
398.0834
398.0834
398.0834
398.0834
398.0834
398.0834
398.0834
398.0834
398.0834
398.0834
398.0834
398.0834
398.0834
398.0834
398.0834
398.0834
398.0834
398.0834
398.0834
398.0834
398.0834
397.7017
397.7017
397.7017
397.7017
397.7017
397.7017
397.7017
397.7017
397.7017
397.7017
397.7017
397.7017
397.7017
397.7017
397.7017
397.7017
397.7017
397.7017
397.7017
397.7017
397.7017
397.7017
397.7017
397.7017
397.7017
397.7017
397.7017
397.7017
397.7017
397.7017
397.7017
397.7017
397.7017
397.7017
397.7017
397.7017
397.7017
397.7017
397.7017
397.7017
396.9918
396.9538
397.1335
397.1335
397.1335
397.1335
397.1335
397.1335
397.1335
397.1335
397.1335
397.1335
397.1335
397.1335
397.1335
397.1335
397.1335
397.1335
397.1335
397.1335
397.1335
397.1335
397.1335
397.1335
397.0954
397.0954
397.0954
397.0954
397.0954
397.0954
397.0954
397.0954
397.0954
397.0954
397.0954
397.0954
397.0954
397.0954
397.0954
397.0954
397.0954
397.0954
397.0954
397.0954
397.0954
397.0954
397.0954
397.0954
397.0954
397.0954
397.0954
397.0954
397.0954
397.0954
397.0954
397.0954
397.0954
397.0954
397.0954
397.0954
397.0954
397.0954
397.0954
397.0954
397.0954
397.0954
397.0954
397.0954
397.0954
397.0954
397.0954
397.0954
397.0954
397.0954
397.0954
397.0954
397.0954
397.0954
397.0954
397.0954
397.0954
397.0954
397.0954
397.0954
397.0954
396.8119
396.8119
396.8119
396.8119
396.8119
396.8119
396.8119
396.8119
396.8119
396.8119
396.8119
396.8119
396.8119
396.8119
396.8119
396.8119
396.8119
396.8119
396.8119
396.8119
396.8119
396.8119
396.8119
396.8119
396.8119
396.8119
396.8119
396.8119
396.8119
396.8119
396.8119
396.8119
396.8119
396.8119
396.8119
396.8119
396.8119
396.8119
396.8119
396.8119
396.8119
396.7738
396.7738
396.7738
396.7738
396.7132
396.2581
396.2581
396.2581
396.2581
396.2581
396.2581
396.2581
396.2581
396.2581
396.2581
396.2581
396.2581
396.2581
396.2581
396.2581
396.2581
396.2581
396.2581
396.2581
396.2581
396.2581
396.2581
396.2581
396.2581
396.2581
396.2581
396.2581
396.2581
396.2581
396.2581
396.2581
396.2581
396.2581
396.2581
396.2581
396.2581
396.2581
396.2581
396.2581
396.2581
396.2581
396.2581
396.2581
396.2581
396.2581
396.2581
396.2581
396.2581
396.2581
396.2581
396.2581
396.2581
396.2581
396.22
396.22
396.22
396.22
396.22
396.22
396.22
396.22
396.22
396.22
396.22
396.22
396.22
396.22
396.22
396.22
396.22
396.22
396.22
396.22
396.22
396.22
396.22
396.22
396.22
396.22
396.22
396.22
396.22
396.22
396.22
396.22
396.22
396.22
396.22
396.22
396.22
396.22
396.22
396.22
396.22
396.22
396.22
396.22
396.22
396.22
396.22
396.22
396.22
396.22
396.22
396.22
396.22
396.22
396.22
396.22
396.22
396.22
396.22
396.22
396.22
396.22
396.22
396.22
396.22
396.22
396.22
396.22
396.22
396.22
396.22
396.22
396.22
396.22
396.22
396.22
396.22
396.22
396.22
396.22
396.22
396.22
396.22
396.22
396.22
396.22
396.22
396.22
396.22
396.22
396.22
396.22
396.22
396.22
396.22
396.22
396.22
396.22
396.22
396.22
396.22
396.22
396.22
396.22
396.22
396.22
396.22
396.22
396.22
396.22
396.22
396.22
396.22
396.22
396.22
396.22
396.22
396.22
396.22
396.22
396.22
396.22
396.22
396.22
396.22
396.22
396.22
396.22
396.22
396.22
396.22
396.22
396.22
396.22
396.22
396.22
396.22
396.22
396.22
396.22
396.22
396.22
396.22
396.22
396.22
396.22
396.22
396.22
396.22
396.22
396.22
396.22
396.22
396.22
396.22
396.22
396.22
396.22
396.22
396.22
396.22
396.22
396.22
396.22
396.22
396.22
396.22
396.22
396.22
396.22
396.22
396.22
396.22
396.22
396.22
396.22
396.22
396.22
396.22
396.22
396.22
396.22
396.22
396.22
396.22
396.22
396.22
396.22
396.22
396.22
396.22
396.22
396.22
396.22
396.22
396.22
396.22
396.22
396.22
396.22
396.22
396.22
396.22
396.22
396.22
396.22
396.22
396.22
396.22
396.22
396.22
396.22
396.22
396.22
396.22
396.22
396.22
396.22
396.22
396.22
396.22
396.22
396.22
396.22
396.22
396.22
396.22
396.22
396.22
396.22
396.22
396.22
396.22
396.22
396.22
396.22
396.22
396.22
396.22
396.22
396.22
396.22
396.22
396.22
396.22
396.22
396.22
396.22
396.22
396.22
396.22
396.22
396.22
396.22
396.22
396.22
396.22
396.22
396.22
396.22
396.22
396.22
396.22
396.22
396.22
396.22
396.22
396.22
396.22
396.22
396.22
396.22
396.22
396.22
396.22
396.22
396.22
396.22
396.22
396.22
396.22
396.22
396.22
396.22
396.22
396.22
396.22
396.22
396.22
396.22
396.22
396.22
396.22
396.22
396.22
396.22
396.22
396.22
396.22
396.22
396.22
396.22
396.22
396.22
396.22
396.22
396.22
396.22
396.22
396.22
396.22
396.22
396.22
396.22
396.22
396.22
396.22
396.22
396.22
396.22
396.22
396.22
396.22
396.22
396.22
396.22
396.22
396.22
396.22
396.22
396.22
396.22
396.22
396.22
396.22
396.22
396.22
396.22
396.22
396.22
396.22
396.22
396.22
396.22
396.22
396.22
396.22
396.22
396.22
396.22
396.22
396.22
396.22
396.22
396.22
396.22
396.22
396.22
396.22
396.22
396.22
396.22
396.22
396.22
396.22
396.22
396.22
396.22
396.22
396.22
396.22
396.22
396.22
396.22
396.22
396.1806
396.1806
396.1806
396.1806
396.1806
396.1806
396.1806
396.1806
396.1806
396.1806
396.1806
396.1806
396.1806
396.1806
396.1806
396.1806
396.1806
396.1806
396.1806
396.1806
396.1806
396.0589
396.0589
396.0589
396.0589
396.0589
396.0589
396.0589
396.0589
396.0589
396.0589
396.0589
396.0589
396.0589
396.0589
396.0589
396.0589
396.0589
396.0589
396.0589
396.0589
396.0589
396.0589
396.0589
396.0589
396.0589
396.0589
396.0589
396.0589
396.0589
396.0589
396.0589
396.0589
396.0589
396.0589
396.0589
396.0589
396.0589
396.0589
396.0589
396.0589
396.0589
396.0589
396.0589
396.0589
396.0589
396.0589
396.0589
396.0589
396.0589
396.0589
396.0589
396.0589
396.0589
396.0589
396.0589
396.0589
396.0589
396.0589
396.0589
396.0589
396.0589
396.0589
396.0589
396.0094
396.0094
396.0094
396.0094
396.0094
396.0094
396.0094
396.0094
396.0094
396.0094
396.0094
396.0094
396.0094
396.0094
396.0094
396.0094
396.0094
396.0094
396.0094
396.0094
396.0094
396.0094
396.0094
396.0094
396.0094
395.9382
395.9382
395.9382
395.9382
395.9382
395.9382
395.8887
395.8887
395.8887
395.8887
395.8887
395.8887
395.8887
395.8887
395.8887
395.8887
395.8887
395.8887
395.8887
395.8887
395.8887
395.8887
395.8887
395.8887
395.8887
395.8887
395.4127
395.4127
395.4127
395.4127
396.4236
396.2596
395.8043
395.8043
395.8043
396.2301
396.22
396.22
396.1694
396.1094
396.0994
396.0994
396.0994
396.0994
396.0994
397.7198
396.22
396.0094
396.1094
396.1094
396.1094
396.1094
396.1094