0.8444218515250481 0.7579544029403025
0.420571580830845 0.25891675029296335
0.5112747213686085 0.4049341374504143
0.7837985890347726 0.30331272607892745
0.4765969541523558 0.5833820394550312
0.9081128851953352 0.5046868558173903
0.28183784439970383 0.7558042041572239
0.6183689966753316 0.25050634136244054
0.9097462559682401 0.9827854760376531
0.8102172359965896 0.9021659504395827
0.3101475693193326 0.7298317482601286
0.8988382879679935 0.6839839319154413
0.47214271545271336 0.1007012080683658
0.4341718354537837 0.6108869734438016
0.9130110532378982 0.9666063677707588
0.47700977655271704 0.8653099277716401
0.2604923103919594 0.8050278270130223
0.5486993038355893 0.014041700164018955
0.7197046864039541 0.39882354222426875
0.824844977148233 0.6681532012318508
0.0011428193144282783 0.49357786646532464
0.8676027754927809 0.24391087688713198
0.32520436274739006 0.8704712321086546
0.19106709150239054 0.5675107406206719
0.23861592861522019 0.9675402502901433
0.80317946927987 0.44796957143557037
0.08044581855253541 0.32005460467254576
0.5079406425205739 0.9328338242269067
0.10905784593110368 0.5512672460905512
0.7065614098668896 0.5474409113284238
0.814466863291336 0.540283606970324
0.9638385459738009 0.603185627961383
0.5876170641754364 0.4449890262755162
0.5962868615831063 0.38490114597266045
0.5756510141648885 0.290329502402758
0.18939132855435614 0.1867295282555551
0.6127731798686067 0.6566593889896288
0.47653099200938076 0.08982436119559367
0.7576039219664368 0.8767703708227748
0.9233810159462806 0.8424602231401824
0.898173121357879 0.9230824398201768
0.5405999249480544 0.3912960502346249
0.7052833998544062 0.27563412131212717
0.8116287085078785 0.8494859651863671
0.8950389674266752 0.5898011835311598
0.9497648732321206 0.5796950107456059
0.4505631066311552 0.660245378622389
0.9962578393535727 0.9169412179474561
0.7933250841302242 0.0823729881966474
0.6127831050407122 0.4864442019691668
0.6301473404114728 0.8450775756715152
0.24303562206185625 0.7314892207908478
0.11713429320851798 0.22046053686782852
0.7945829717105759 0.33253614921965546
0.8159130965336595 0.1006075202160962
0.14635848891230385 0.6976706401912388
0.04523406786561235 0.5738660367891669
0.9100160146990397 0.534197968260724
0.6805891325622565 0.026696794662205203
0.6349999099114583 0.6063384177542189
0.5759529480315407 0.3912094093228269
0.3701399403351875 0.9805166506472687
0.036392037611485795 0.021636509855024078
0.9610312802396112 0.18497194139743833
0.12389516442443171 0.21057650988664645
0.8007465903541809 0.9369691586445807
0.022782575668658378 0.42561883196681716
0.10150021937416975 0.259919889792832
0.22082927131631735 0.6469257198353225
0.3502939673965323 0.18031790152968785
0.5036365052098872 0.03937870708469238
0.10092124118896661 0.9882351487225011
0.19935579046706298 0.35855530131160185
0.7315983062253606 0.8383265651934163
0.9184820619953314 0.16942460609746768
0.6726405635730526 0.9665489030431832
0.05805094382649867 0.6762017842993783
0.8454245937016164 0.342312541078584
0.25068733928511167 0.596791393469411
0.44231403369907896 0.17481948445144113
0.47162541509628797 0.40990539565755457
0.5691127395242802 0.5086001300626332
0.3114460010002068 0.35715168259026286
0.837661174368979 0.25093266482213705
0.560600218853524 0.012436318829314397
0.7415743774106636 0.3359165544734606
0.04569649356841665 0.28088316421834825
0.24013040782635398 0.9531293398277989
0.35222556151550743 0.2878779148564
0.35920119725374633 0.9469058356578911
0.6337478522492526 0.6210768456186673
0.7156193503014563 0.38801723531250565
0.4144179882772473 0.650832862263345
0.001524221856720187 0.1923095412446758
0.3344016906625016 0.23941596018595857
0.6373994011293003 0.37864807032309444
0.8754233917130172 0.5681514209101919
0.4144063966836443 0.40226707511907955
0.7018296239336754 0.41822655329246605
0.6621958889738174 0.04677968595679827
