305
508
712
919
1125
1333
1537
1743
1946
2152
2358
2562
2766
2972
3176
3381
3588
3796
4004
4208
4414
4618
4826
5032
5239
5452
5655
5860
6067
6274
6479
6681
6886
7089
7292
7499
7702
7907
8112
8316
8523
8730
8940
9150
9356
9563
9771
9973
10179
10385
10591
10797
11000
11207
11414
11621
11823
12028
12232
12436
12640
12845
13047
13253
13458
13669
13875
14080
14286
14488
14694
14900
15103
15309
15515
15718
15919
16125
16334
16538
16743
16948
17152
17360
17565
17774
17985
18191
18397
18601
18806
19011
19217
19420
19625
19828
20034
20240
20443
20647
20851
21054
21259
21465
21670
21873
22079
22288
22493
22696
22900
23104
23310
23516
23721
23923
24125
24331
24539
24747
24952
25158
25365
25568
25773
25981
26189
26396
26602
26810
27016
27220
27425
27629
27832
28036
28243
28449
28655
28860
29068
29273
29476
29680
29888
30092
30294
30499
30705
30914
31121
31328
31530
31735
31940
32142
32343
32547
32752
32959
33162
33369
33575
33785
33991
34196
34399
34604
34806
35012
35215
35418
35622
35823
36029
36234
36441
36645
36847
37053
37256
37462
37667
37869
38072
38279
38484
38688
38891
39097
39301
39505
39712
39916
40120
40323
40525
40731
40937
41141
41344
41550
41755
41960
42164
42367
42574
42778
42981
43185
43389
43595
43798
44002
44203
44407
44610
44813
45017
45220
45425
45635
45841
46047
46252
46460
46663
46867
47073
47280
47486
47690
47901
48105
48314
48521
48725
48930
49133
49339
49544
49751
49957
50162
50367
50573
50776
50984
51189
51395
51601
51804
52010
52212
52418
52627
52832
53036
53243
53447
53651
53856
54060
54262
54467
54672
54873
55076
55280
55492
55694
55898
56102
56312
56516
56722
56933
57137
57340
57544
57750
57960
58164
58375
58580
58785
58990
59195
59401
59603
59811
60018
60224
60429
60636
60840
61044
61246
61448
61654
61857
62063
62270
62475
62681
62889
63096
63302
63508
63711
63916
64122
64325
64532
64739
64945
65152
65355
65557
65762
65968
66173
66379
66582
66787
66998
67206
67411
67616
67820
68025
68229
68439
68644
68849
69051
69258
69463
69671
69874
70082
70285
70488
70692
70895
71096
71305
71513
71717
71926
72129
72334
72535
72737
72941
73144
73349
73553
73759
73963
74167
74371
74577
74781
74988
75190
75392
75595
75802
76008
76211
76416
76621
76828
77030
77233
77440
77646
77852
78056
78262
78466
78673
78876
79079
79286
79492
79700
79904
80109
80315
80524
80729
80937
81139
81343
81546
81750
81954
82157
82363
82567
82774
82977
83180
83385
83594
83797
84001
84205
84410
84614
84820
85024
85233
85435
85645
85850
86053
86256
86458
86663
86868
87073
87280
87482
87692
87897
88102
88305
88507
88712
88919
89126
89335
89538
89744
89946
90151
90354
90561
90765
90969
91176
91380
91583
91787
91992
92195
92402
92608
92816
93018
93225
93430
93634
93835
94041
94244
94448
94655
94859
95067
95276
95485
95689
95895
96099
96305
96507
96717
96923
97129
97331
97539
97743
97946
98151
98358
98564
98768
98974
99180
99385
99593
99796
100000
100204
100408
100614
100821
101024
101227
101429
101638
101840
102043
102248
102454
102658
102868
103079
103284
103490
103694
103896
104097
104304
104509
104716
104919
105126
105328
105533
105737
105941
106148
106353
106557
106762
106965
107172
107375
107582
107794
108004
108208
108415
108618
108824
109032
109238
109440
109644
109851
110058
110262
110464
110668
110872
111078
111283
111485
111690
111895
112103
112309
112511
112715
112922
113127
113331
113537
113739
113940
114142
114346
114551
114761
114967
115169
115371
115574
115777
115982
116187
116391
116597
116799
117006
117210
117417
117622
117824
118029
118233
118435
118637
118839
119044
119247
119454
119661
119866
120074
120278
120483
120688
120889
121093
121299
121504
121708
121913
122120
122326
122534
122736
122943
123147
123354
123559
123765
123970
124175
124378
124585
124793
124997
125204
125412
125614
125819
126026
126229
126435
126641
126846
127050
127253
127460
127665
127867
128075
128282
128490
128697
128904
129112
129315
129516
129723
129928
130131
130336
130544
130750
130956
131160
131370
131575
131780
131982
132190
132394
132600
132801
133004
133209
133415
133620
133826
134031
134235
134439
134642
134846
135052
135256
135463
135672
135877
136080
136284
136486
136687
136894
137099
137302
137509
137715
137923
138132
138337
138540
138740
138943
139146
139349
139551
139760
139964
140167
140369
140575
140779
140983
141194
141397
141601
141808
142011
142216
142418
142625
142831
143036
143241
143445
143649
143856
144061
144266
144471
144677
144883
145091
145298
145505
145707
145913
146116
146323
146525
146729
146931
147136
147346
147553
147757
147961
148166
148366
148571
148774
148980
149184
149393
149602
149807
150011
150217
150426
150628
150829
151032
151235
151446
151649
151853
152054
152260
152468
152670
152871
153075
153281
153485
153691
153898
154108
154315
154524
154731
154938
155145
155349
155562
155771
155974
156179
156383
156588
156795
156999
157205
157410
157617
157827
158030
158236
158443
158646
158852
159056
159262
159465
159669
159876
160078
160286
160491
160696
160899
161105
161310
161513
161717
161921
162125
162330
162540
162744
162947
163155
163358
163563
163770
163975
164178
164381
164587
164791
164997
165201
165405
165606
165810
166019
166222
166427
166634
166837
167040
167248
167456
167662
167864
168068
168271
168480
168682
168887
169089
169293
169499
169701
169908
170114
170318
170520
170723
170929
171130
171336
171546
171750
171955
172159
172363
172567
172769
172973
173175
173385
173590
173792
173996
174202
174404
174608
174811
175016
175221
175425
175631
175835
176043
176245
176447
176657
176861
177068
177273
177478
177683
177889
178095
178299
178504
178707
178913
179119
179324
179531
179738
179941
180145
180354
180556
180760
180964
181171
181374
181582
181789
181999
182201
182407
182614
182818
183025
183230
183435
183642
183848
184053
184260
184466
184671
184874
185081
185287
185491
185698
185901
186108
186316
186521
186726
186929
187138
187346
187556
187761
187963
188168
188377
188581
188787
188990
189194
189399
189601
189804
190008
190214
190423
190625
190828
191033
191241
191448
191652
191856
192060
192270
192478
192688
192895
193099
193306
193509
193717
193920
194124
194331
194533
194739
194940
195146
195354
195560
195764
195970
196177
196382
196590
196796
197000
197204
197411
197617
197823
198028
198230
198433
198637
198841
199047
199258
199463
199668
199871
200071
200280
200486
200691
200896
201100
201307
201515
201717
201919
202120
202324
202531
202737
202946
203150
203357
203562
203766
203970
204175
204375
204580
204784
204993
205197
205404
205614
205819
206027
206230
206434
206636
206839
207043
207247
207451
207655
207860
208065
208269
208478
208684
208890
209090
209295
209499
209699
209901
210109
210316
210520
210728
210933
211141
211346
211550
211758
211965
212173
212383
212587
212795
213001
213209
213411
213616
213824
214028
214234
214441
214646
214851
215057
215261
215468
215674
215879
216090
216293
216501
216709
216915
217119
217320
217523
217730
217932
218135
218340
218549
218758
218962
219166
219375
219576
219777
219983
220193
220399
220607
220814
221019
221223
221431
221636
221840
222043
222246
222450
222661
222864
223069
223273
223480
223686
223888
224093
224302
224504
224710
224916
225119
225322
225527
225734
225938
226140
226347
226548
226751
226952
227156
227357
227561
227768
227971
228177
228382
228590
228792
228994
229197
229400
229603
229809
230017
230223
230428
230631
230838
231044
231253
231460
231667
231870
232073
232277
232481
232685
232891
233095
233298
233502
233706
233911
234114
234317
234520
234724
234930
235135
235339
235547
235749
235953
236159
236365
236569
236774
236980
237185
237397
237601
237804
238008
238211
238415
238620
238825
239027
239235
239441
239646
239852
240059
240270
240472
240674
240879
241081
241286
241492
241695
241901
242105
242309
242512
242716
242922
243127
243331
243537
243742
243946
244151
244353
244559
244762
244967
245169
245376
245581
245785
245991
246196
246400
246605
246809
247014
247222
247425
247630
247833
248037
248242
248452
248657
248863
249070
249274
249479
249683
249886
250090
250291
250495
250695
250900
251105
251308
251514
251718
251920
252124
252328
252531
252744
252951
253157
253363
253565
253769
253972
254180
254385
254590
254794
254999
255205
255410
255618
255824
256030
256233
256438
256644
256848
257055
257256
257464
257668
257877
258082
258283
258484
258687
258892
259096
259301
259509
259714
259919
260123
260326
260533
260738
260941
261147
261349
261555
261759
261963
262164
262366
262573
262778
262980
263184
263389
263591
263796
263998
264200
264408
264611
264817
265021
265226
265432
265638
265842
266046
266252
266455
266661
266867
267073
267277
267480
267682
267884
268088
268291
268498
268707
268914
269118
269324
269532
269737
269942
270144
270352
270557
270759
270963
271167
271374
271576
271779
271985
272189
272394
272601
272804
273009
273211
273421
273622
273824
274029
274232
274437
274643
274852
275055
275263
275465
275673
275878
276081
276286
276490
276694
276899
277111
277315
277521
277729
277934
278145
278349
278552
278756
278963
279167
279374
279577
279785
279988
280196
280401
280606
280811
281018
281221
281427
281631
281836
282041
282247
282452
282661
282867
283071
283275
283478
283682
283886
284090
284298
284503
284713
284920
285126
285332
285536
285738
285942
286145
286347
286554
286761
286964
287169
287370
287575
287781
287988
288197
288398
288606
288808
289012
289216
289418
289623
289831
290034
290239
290448
290652
290859
291061
291268
291472
291676
291878
292085
292290
292492
292697
292900
293109
293311
293514
293722
293927
294133
294344
294551
294752
294960
295166
295369
295573
295777
295987
296192
296399
296606
296813
297018
297222
297427
297630
297835
298038
298248
298456
298666
298868
299076
299281
299482
299687
299892
300097
300304
300511
300717
300924
301133
301337
301545
301748
301950
302156
302359
302561
302765
302973
303178
303383
303587
303793
303998
304201
304405
304608
304811
305014
305220
305427
305632
305835
306042
306247
306450
306654
306858
307063
307266
307469
307672
307875
308080
308285
308490
308696
308900
309108
309312
309517
309724
309933
310139
310344
310550
310756
310960
311165
311369
311574
311779
311980
312183
312387
312595
312802
313005
313209
313414
313617
313826
314033
314240
314446
314650
314858
315061
315267
315471
315676
315882
316083
316297
316500
316703
316908
317114
317322
317524
317730
317931
318137
318342
318546
318750
318954
319156
319362
319565
319770
319973
320180
320385
320589
320793
320997
321207
321413
321617
321823
322027
322232
322435
322639
322844
323047
323251
323455
323658
323863
324068
324273
324475
324681
324885
325092
325297
325500
325702
325908
326116
326323
326532
326736
326942
327149
327355
327558
327767
327975
328179
328386
328592
328797
329001
329208
329415
329617
329821
330022
330227
330432
330638
330843
331048
331249
331454
331662
331869
332076
332280
332483
332683
332888
333094
333303
333509
333709
333916
334118
334321
334527
334731
334939
335149
335353
335556
335762
335967
336174
336379
336581
336788
336992
337194
337399
337602
337807
338009
338217
338424
338627
338832
339036
339240
339446
339651
339857
340063
340268
340473
340680
340886
341094
341300
341502
341704
341907
342112
342321
342523
342726
342930
343135
343341
343548
343755
343960
344167
344370
344572
344776
344978
345179
345384
345586
345788
345993
346199
346406
346611
346819
347025
347229
347432
347639
347845
348054
348260
348464
348670
348876
349082
349285
349489
349696
349901
350106
350310
350519
350725
350931
351134
351338
351542
351745
351950
352157
352361
352569
352774
352978
353185
353389
353599
353805
354014
354219
354425
354628
354833
355037
355240
355441
355644
355849
356055
356260
356463
356667
356874
357075
357280
357484
357690
357893
358097
358302
358512
358717
358927
359135
359341
359547
359752
359959
360171
360376
360584
360790
360993
361197
361399
361607
361810
362016
362221
362422
362624
362827
363031
363243
363449
363660
363861
364067
364271
364476
364679
364879
365086
365294
365504
365706
365912
366116
366322
366525
366729
366938
367145
367348
367554
367762
367971
368173
368378
368580
368785
368990
369195
369399
369606
369810
370014
370215
370419
370623
370832
371037
371242
371445
371650
371858
372062
372267
372478
372682
372890
373095
373304
373508
373712
373920
374125
374336
374544
374750
374958
375160
375365
375569
375772
375979
376184
376389
376591
376799
377006
377210
377413
377620
377823
378026
378229
378433
378641
378845
379045
379250
379455
379658
379862
380066
380269
380471
380677
380880
381084
381287
381494
381698
381903
382108
382315
382520
382726
382932
383140
383342
383548
383753
383960
384162
384368
384570
384774
384977
385182
385388
385597
385804
386011
386219
386425
386628
386834
387038
387244
387451
387659
387860
388067
388270
388474
388678
388884
389087
389295
389498
389702
389908
390113
390317
390519
390723
390924
391127
391329
391534
391738
391944
392148
392354
392560
392766
392970
393177
393382
393586
393796
394001
394208
394414
394620
394824
395030
395235
395446
395651
395853
396058
396264
396471
396673
396882
397088
397293
397497
397699
397904
398109
398310
398511
398720
398922
399127
399335
399535
399741
399945
400150
400357
400562
400766
400972
401181
401385
401593
401796
402003
402207
402413
402615
402819
403023
403229
403434
403645
403852
404058
404265
404470
404677
404879
405082
405286
405489
405692
405898
406104
406307
406514
406717
406921
407122
407326
407533
407738
407944
408148
408353
408558
408763
408969
409173
409380
409588
409793
409998
410201
410405
410608
410818
411021
411224
411429
411633
411838
412047
412256
412461
412667
412871
413075
413281
413482
413687
413891
414094
414300
414506
414710
414915
415116
415322
415527
415733
415936
416143
416350
416556
416761
416967
417172
417380
417583
417789
417992
418196
418406
418611
418813
419017
419224
419429
419636
419841
420047
420253
420458
420664
420867
421068
421272
421480
421684
421889
422095
422299
422504
422708
422909
423112
423317
423524
423728
423935
424140
424348
424551
424756
424962
425167
425373
425575
425779
425986
426192
426402
426605
426806
427009
427211
427414
427619
427826
428034
428237
428440
428643
428848
429049
429256
429460
429662
429869
430075
430282
430488
430694
430899
431102
431306
431511
431717
431922
432127
432332
432536
432739
432945
433150
433357
433562
433767
433975
434179
434384
434587
434790
434996
435203
435409
435617
435821
436025
436229
436435
436640
436847
437057
437266
437472
437677
437883
438086
438288
438490
438696
438902
439104
439309
439515
439721
439927
440130
440339
440542
440745
440949
441155
441361
441570
441778
441984
442191
442393
442596
442802
443004
443209
443411
443615
443819
444024
444231
444435
444640
444842
445047
445250
445457
445665
445870
446072
446277
446482
446686
446890
447092
447294
447499
447705
447908
448112
448315
448520
448727
448932
449135
449339
449544
449750
449957
450157
450361
450567
450771
450979
451184
451388
451593
451799
452002
452206
452410
452615
452821
453027
453235
453440
453649
453855
454060
454266
454469
454673
454881
455087
455289
455494
455698
455903
456109
456316
456524
456731
456936
457143
457354
457561
457767
457973
458177
458383
458593
458798
459003
459205
459410
459615
459820
460024
460227
460434
460638
460839
461044
461250
461456
461660
461867
462072
462277
462482
462686
462890
463096
463305
463508
463716
463921
464128
464335
464541
464749
464954
465157
465358
465565
465770
465978
466183
466393
466598
466801
467006
467211
467417
467622
467830
468035
468239
468446
468656
468860
469065
469269
469473
469677
469879
470084
470287
470493
470696
470900
471106
471313
471520
471728
471935
472140
472344
472550
472752
472958
473162
473371
473578
473784
473990
474196
474398
474605
474811
475014
475215
475421
475627
475833
476037
476242
476447
476653
476857
477060
477267
477467
477670
477876
478085
478290
478499
478704
478911
479118
479324
479531
479733
479939
480149
480357
480559
480762
480966
481170
481375
481581
481785
481988
482190
482399
482606
482811
483017
483221
483424
483634
483838
484041
484243
484446
484652
484853
485058
485260
485467
485670
485876
486080
486287
486489
486692
486898
487100
487304
487509
487711
487915
488126
488331
488535
488738
488942
489146
489352
489555
489761
489969
490174
490377
490582
490785
490995
491199
491408
491613
491818
492021
492225
492428
492630
492837
493042
493247
493451
493655
493860
494062
494266
494469
494673
494877
495083
495285
495493
495698
495903
496113
496321
496526
496733
496939
497142
497348
497553
497754
497959
498163
498368
498574
498778
498988
499196
499399
499607
499813
500016
500220
500425
500632
500838
501042
501244
501450
501658
501864
502068
502273
502479
502685
502889
503096
503301
503504
503707
503916
504119
504324
504529
504733
504938
505141
505348
505553
505758
505962
506164
506368
506575
506781
506985
507190
507395
507601
507804
508011
508220
508422
508626
508829
509031
509238
509439
509643
509845
510053
510257
510464
510667
510875
511078
511281
511488
511693
511898
512104
512306
512510
512717
512921
513125
513326
513532
513738
513943
514146
514350
514560
514761
514964
515171
515373
515583
515785
515991
516202
516407
516614
516822
517023
517226
517429
517630
517836
518043
518245
518451
518658
518861
519069
519273
519474
519678
519882
520086
520289
520495
520699
520904
521110
521315
521519
521724
521927
522131
522335
522538
522742
522946
523155
523361
523568
523771
523976
524181
524384
524586
524791
524992
525196
525403
525610
525814
526022
526226
526430
526638
526843
527046
527249
527451
527655
527860
528066
528270
528480
528683
528890
529094
529301
529504
529707
529910
530116
530320
530525
530729
530934
531136
531339
531541
531746
531949
532153
532359
532561
532765
532968
533171
533375
533587
533792
533999
534204
534410
534614
534817
535021
535224
535429
535635
535844
536046
536250
536452
536657
536866
537073
537276
537482
537683
537887
538094
538298
538505
538711
538916
539118
539325
539528
539736
539941
540144
540346
540554
540762
540966
541173
541379
541582
541785
541991
542197
542402
542604
542811
543011
543217
543425
543629
543833
544038
544240
544441
544652
544857
545061
545269
545470
545675
545881
546087
546295
546499
546705
546909
547113
547321
547524
547728
547932
548138
548344
548549
548752
548953
549157
549364
549569
549775
549980
550187
550394
550597
550799
551005
551210
551413
551618
551825
552036
552239
552443
552646
552853
553057
553264
553469
553676
553881
554084
554287
554495
554699
554907
555110
555317
555521
555729
555934
556137
556343
556548
556755
556958
557166
557370
557572
557774
557980
558183
558385
558587
558791
558999
559200
559404
559607
559812
560017
560219
560424
560630
560832
561039
561240
561448
561653
561855
562057
562265
562472
562679
562884
563092
563294
563501
563707
563916
564120
564325
564530
564733
564944
565147
565352
565561
565766
565968
566173
566375
566576
566780
566984
567192
567395
567599
567805
568010
568215
568419
568629
568832
569038
569242
569449
569654
569858
570063
570265
570470
570676
570881
571085
571289
571493
571699
571902
572109
572312
572515
572718
572926
573128
573333
573538
573744
573945
574150
574360
574564
574769
574977
575180
575386
575591
575798
576001
576203
576404
576609
576817
577022
577226
577430
577638
577841
578046
578251
578455
578662
578869
579073
579281
579488
579692
579896
580099
580303
580509
580714
580918
581121
581325
581529
581733
581943
582147
582350
582553
582758
582962
583165
583368
583573
583779
583981
584184
584389
584592
584796
585000
585208
585409
585616
585821
586026
586233
586440
586644
586852
587054
587262
587463
587667
587872
588072
588277
588480
588683
588887
589088
589294
589500
589707
589910
590115
590321
590523
590725
590935
591142
591344
591550
591754
591960
592167
592375
592581
592784
592989
593193
593399
593608
593814
594022
594229
594432
594636
594836
595039
595240
595448
595655
595859
596065
596267
596473
596681
596884
597087
597291
597493
597697
597900
598104
598308
598514
598722
598931
599136
599340
599547
599753
599957
600159
600363
600566
600771
600976
601181
601385
601593
601800
602000
602204
602407
602612
602816
603024
603225
603427
603631
603838
604044
604249
604455
604661
604866
605071
605273
605475
605683
605890
606096
606299
606507
606712
606918
607124
607328
607531
607734
607940
608143
608347
608555
608758
608961
609167
609373
609576
609778
609983
610186
610387
610590
610793
610999
611211
611417
611621
611826
612029
612236
612440
612647
612855
613062
613269
613473
613677
613879
614083
614294
614504
614706
614913
615119
615329
615531
615737
615939
616144
616350
616553
616761
616966
617172
617374
617578
617781
617985
618191
618391
618596
618802
619008
619212
619417
619622
619828
620034
620239
620445
620651
620853
621057
621263
621467
621672
621874
622080
622284
622489
622695
622898
623101
623303
623509
623716
623923
624127
624330
624538
624742
624945
625152
625354
625560
625768
625974
626175
626380
626585
626789
626995
627201
627405
627607
627808
628009
628214
628421
628626
628831
629033
629240
629447
629653
629855
630057
630262
630469
630678
630886
631092
631297
631502
631710
631914
632116
632325
632529
632730
632934
633140
633345
633549
633751
633958
634162
634366
634577
634778
634982
635186
635391
635597
635802
636009
636217
636419
636623
636825
637029
637234
637440
637647
637852
638058
638265
638470
638676
638884
639090
639292
639493
639696
639902
640105
640308
640512
640719
640928
641133
641339
641546
641750
641955
642160
642364
642569
642774
642978
643182
643387
643589
643793
643995
644201
644404
644608
644815
645017
645224
645426
645629
645832
646039
646242
646449
646654
646856
647061
647267
647470
647677
647882
648086
648289
648491
648693
648901
649108
649313
649518
649726
649935
650140
650340
650544
650748
650954
651159
651363
651568
651769
651971
652177
652382
652587
652793
652998
653203
653411
653614
653823
654027
654230
654436
654646
654849
655053
655256
655463
655668
655876
656079
656286
656488
656692
656894
657100
657304
657513
657715
657919
658124
658328
658531
658738
658941
659144
659348
659551
659762
659967
660171
660374
660578
660784
660989
661192
661401
661610
661815
662020
662225
662430
662639
662843
663049
663254
663458
663664
663868
664073
664280
664483
664686
664890
665096
665302
665508
665709
665911
666117
666329
666535
666742
666950
667155
667361
667563
667768
667971
668176
668383
668590
668797
669006
669209
669417
669618
669822
670025
670234
670440
670645
670850
671050
671259
671466
671667
671871
672074
672280
672485
672686
672892
673101
673309
673514
673717
673924
674127
674331
674536
674742
674949
675151
675358
675566
675775
675978
676183
676385
676592
676797
676999
677203
677409
677615
677824
678032
678239
678440
678645
678853
679057
679262
679466
679672
679881
680093
680298
680502
680707
680912
681118
681327
681531
681734
681939
682143
682344
682547
682750
682951
683157
683360
683563
683766
683969
684176
684380
684587
684793
685006
685216
685424
685628
685834
686038
686246
686451
686655
686857
687060
687265
687472
687674
687876
688081
688285
688486
688689
688896
689101
689304
689510
689715
689924
690129
690332
690541
690746
690951
691161
691369
691575
691778
691981
692187
692392
692601
692804
693006
693213
693421
693627
693830
694033
694237
694441
694645
694852
695059
695262
695468
695674
695881
696084
696288
696493
696700
696910
697114
697320
697526
697734
697938
698141
698346
698549
698757
698962
699170
699379
699583
699787
699992
700201
700410
700613
700817
701021
701229
701432
701637
701844
702054
702259
702464
702673
702877
703085
703290
703493
703697
703907
704111
704315
704517
704724
704926
705128
705334
705538
705743
705944
706145
706349
706553
706757
706961
707164
707367
707570
707773
707984
708191
708395
708602
708811
709018
709224
709430
709636
709839
710042
710246
710452
710656
710863
711067
711269
711475
711679
711886
712092
712296
712504
712707
712910
713115
713322
713526
713730
713939
714144
714348
714552
714756
714964
715171
715373
715576
715781
715984
716188
716391
716601
716803
717008
717210
717418
717627
717837
718044
718249
718452
718659
718864
719068
719274
719479
719687
719889
720098
720302
720504
720707
720911
721119
721321
721527
721730
721936
722139
722344
722547
722751
722957
723161
723364
723570
723774
723975
724179
724385
724595
724797
725003
725209
725412
725619
725825
726029
726234
726436
726642
726844
727047
727252
727462
727665
727868
728072
728279
728484
728690
728896
729103
729310
729520
729726
729930
730135
730341
730544
730749
730951
731155
731360
731566
731775
731985
732192
732396
732603
732806
733010
733213
733415
733622
733825
734027
734232
734437
734643
734848
735050
735256
735462
735665
735870
736076
736280
736485
736693
736896
737099
737307
737513
737721
737923
738129
738333
738538
738745
738949
739157
739360
739562
739770
739975
740179
740381
740586
740795
741000
741204
741407
741612
741816
742023
742228
742433
742639
742847
743053
743256
743458
743664
743871
744077
744284
744487
744690
744896
745102
745306
745515
745718
745922
746125
746328
746534
746735
746943
747146
747350
747554
747760
747967
748170
748372
748575
748780
748990
749198
749401
749606
749813
750022
750230
750434
750639
750843
751044
751249
751453
751658
751861
752065
752270
752472
752675
752881
753084
753290
753495
753698
753901
754104
754307
754509
754714
754923
755129
755336
755538
755749
755956
756162
756365
756571
756778
756982
757192
757397
757602
757811
758017
758226
758430
758634
758843
759045
759248
759454
759657
759863
760068
760275
760484
760688
760893
761101
761301
761507
761710
761913
762117
762323
762526
762729
762933
763139
763344
763551
763752
763954
764159
764363
764569
764773
764980
765185
765387
765596
765804
766007
766213
766422
766625
766828
767033
767238
767440
767645
767848
768052
768255
768460
768663
768867
769069
769273
769482
769689
769892
770099
770308
770512
770719
770925
771131
771337
771544
771754
771959
772166
772371
772574
772779
772982
773189
773395
773600
773806
774009
774211
774417
774620
774829
775031
775234
775438
775643
775849
776052
776256
776462
776663
776868
777072
777277
777481
777688
777895
778099
778308
778511
778716
778922
779132
779336
779538
779743
779946
780152
780354
780556
780761
780964
781170
781373
781577
781786
781992
782195
782404
782610
782813
783018
783226
783428
783636
783843
784045
784249
784450
784653
784857
785062
785272
785475
785679
785884
786087
786292
786500
786709
786915
787118
787321
787529
787738
787945
788149
788354
788555
788760
788966
789172
789378
789582
789788
789989
790196
790403
790608
790819
791027
791236
791442
791649
791853
792058
792262
792466
792673
792876
793083
793288
793498
793704
793904
794110
794314
794524
794728
794932
795135
795340
795548
795751
795953
796156
796361
796567
796773
796979
797185
797393
797597
797803
798008
798212
798416
798623
798832
799044
799247
799451
799655
799859
800065
800274
800479
800687
800892
801095
801298
801504
801707
801911
802117
802321
802524
802726
802928
803132
803336
803541
803751
803956
804160
804369
804571
804777
804979
805181
805390
805597
805803
806009
806214
806421
806623
806830
807037
807243
807448
807654
807858
808060
808264
808468
808674
808880
809090
809293
809498
809706
809913
810119
810323
810528
810733
810940
811144
811350
811558
811760
811966
812174
812378
812585
812793
812999
813202
813405
813612
813817
814029
814236
814442
814646
814851
815058
815259
815464
815669
815873
816077
816283
816488
816695
816900
817105
817311
817517
817721
817926
818131
818335
818544
818750
818954
819157
819359
819564
819767
819972
820181
820382
820586
820794
820997
821206
821409
821613
821821
822025
822228
822430
822634
822836
823040
823243
823448
823654
823860
824064
824272
824477
824680
824883
825088
825290
825495
825696
825901
826106
826312
826521
826727
826934
827140
827341
827543
827749
827956
828159
828365
828568
828772
828976
829181
829385
829588
829796
830002
830210
830412
830620
830826
831030
831238
831443
831649
831857
832066
832274
832477
832684
832897
833101
833306
833509
833717
833921
834126
834331
834537
834747
834948
835151
835361
835564
835768
835971
836177
836382
836585
836789
836993
837197
837401
837608
837812
838015
838218
838425
838633
838846
839051
839255
839460
839665
839870
840074
840276
840477
840679
840884
841088
841293
841502
841710
841918
842124
842328
842531
842739
842944
843149
843355
843562
843769
843971
844172
844376
844582
844785
844989
845193
845399
845605
845812
846017
846221
846429
846636
846840
847048
847252
847457
847659
847865
848068
848273
848479
848684
848886
849092
849300
849503
849707
849911
850116
850326
850529
850735
850942
851149
851356
851559
851765
851970
852172
852375
852576
852783
852986
853191
853395
853600
853807
854015
854218
854423
854628
854833
855037
855241
855443
855651
855860
856064
856268
856473
856677
856880
857085
857288
857489
857696
857901
858106
858311
858514
858717
858923
859131
859334
859538
859741
859947
860155
860368
860576
860780
860984
861187
861388
861596
861798
862003
862211
862416
862618
862823
863030
863236
863444
863652
863855
864055
864265
864469
864671
864875
865080
865282
865487
865693
865897
866101
866305
866508
866709
866912
867117
867322
867524
867728
867934
868141
868347
868555
868764
868969
869172
869375
869583
869791
869994
870198
870400
870605
870806
871009
871216
871422
871625
871829
872036
872239
872443
872648
872851
873054
873257
873462
873668
873871
874074
874277
874484
874689
874894
875097
875303
875507
875711
875914
876118
876320
876523
876725
876928
877134
877339
877542
877750
877955
878162
878362
878567
878778
878983
879191
879395
879597
879801
880005
880212
880418
880623
880832
881034
881241
881445
881652
881853
882058
882265
882469
882674
882876
883079
883281
883490
883696
883902
884109
884317
884522
884728
884932
885136
885345
885548
885753
885959
886163
886366
886573
886777
886985
887194
887399
887603
887810
888015
888223
888424
888629
888833
889035
889241
889446
889649
889854
890058
890261
890465
890671
890879
891082
891286
891489
891696
891906
892109
892312
892516
892717
892924
893130
893336
893542
893744
893950
894158
894360
894563
894767
894967
895173
895379
895585
895790
895998
896204
896407
896613
896818
897020
897226
897432
897640
897843
898045
898251
898460
898666
898870
899074
899280
899486
899692
899893
900097
900306
900508
900714
900919
901124
901327
901535
901741
901947
902152
902354
902559
902763
902970
903173
903378
903586
903792
904001
904212
904415
904619
904826
905030
905234
905435
905642
905847
906049
906255
906459
906661
906867
907074
907282
907489
907698
907901
908103
908308
908510
908713
908915
909120
909321
909522
909727
909929
910132
910338
910545
910751
910962
911166
911372
911578
911783
911987
912189
912397
912602
912806
913014
913218
913424
913629
913831
914035
914238
914442
914650
914852
915058
915261
915466
915672
915875
916082
916289
916492
916697
916903
917107
917313
917519
917724
917933
918136
918341
918547
918752
918954
919158
919361
919569
919775
919978
920181
920385
920590
920797
921007
921211
921415
921623
921825
922029
922235
922439
922642
922849
923051
923257
923461
923666
923874
924076
924280
924486
924690
924899
925104
925306
925513
925714
925921
926126
926333
926543
926749
926952
927156
927358
927560
927764
927967
928171
928373
928577
928785
928990
929193
929397
929603
929808
930015
930219
930424
930625
930835
931042
931248
931453
931659
931865
932071
932280
932484
932687
932892
933103
933306
933513
933721
933925
934132
934335
934542
934744
934950
935152
935360
935563
935765
935972
936174
936376
936579
936784
936990
937196
937406
937609
937816
938024
938227
938430
938634
938841
939044
939254
939458
939666
939871
940079
940287
940493
940698
940903
941107
941315
941517
941722
941927
942129
942335
942539
942744
942949
943157
943365
943569
943773
943976
944180
944387
944588
944795
945000
945207
945409
945609
945817
946023
946225
946431
946634
946836
947040
947243
947450
947654
947860
948062
948267
948472
948676
948881
949086
949292
949497
949699
949906
950111
950313
950517
950722
950923
951130
951337
951543
951753
951958
952161
952366
952571
952778
952984
953191
953395
953599
953799
954003
954207
954412
954623
954826
955031
955234
955440
955646
955852
956054
956261
956464
956669
956876
957084
957288
957493
957697
957902
958106
958309
958515
958719
958923
959126
959335
959538
959742
959946
960148
960352
960564
960771
960977
961181
961383
961588
961794
962002
962211
962415
962622
962827
963032
963236
963444
963649
963855
964062
964267
964472
964677
964882
965084
965287
965494
965701
965905
966111
966314
966520
966728
966932
967134
967344
967546
967752
967957
968161
968367
968576
968780
968983
969191
969395
969601
969805
970008
970217
970421
970627
970833
971037
971243
971443
971656
971860
972064
972267
972469
972671
972875
973077
973282
973484
973691
973899
974102
974306
974514
974721
974923
975128
975335
975538
975742
975949
976153
976360
976564
976770
976973
977177
977379
977584
977790
977994
978198
978401
978611
978814
979020
979225
979431
979644
979847
980052
980256
980460
980661
980865
981071
981275
981483
981688
981890
982099
982308
982513
982720
982923
983129
983331
983537
983743
983946
984153
984356
984561
984767
984972
985176
985380
985584
985791
985997
986203
986410
986614
986815
987019
987224
987428
987635
987839
988045
988251
988457
988660
988866
989068
989271
989476
989681
989885
990090
990298
990504
990709
990915
991117
991320
991525
991729
991932
992136
992337
992539
992743
992952
993159
993363
993567
993773
993981
994186
994388
994590
994795
995008
995211
995414
995623
995827
996030
996233
996438
996644
996852
997058
997269
997474
997678
997880
998089
998295
998503
998711
998918
999124
999328
999534
999736
999940
1000144
1000352
1000555
1000763
1000966
1001169
1001370
1001573
1001778
1001983
1002187
1002393
1002600
1002805
1003011
1003218
1003423
1003627
1003832
1004033
1004239
1004447
1004653
1004853
1005060
1005265
1005468
1005677
1005883
1006084
1006289
1006493
1006697
1006899
1007105
1007312
1007518
1007722
1007926
1008131
1008339
1008546
1008751
1008960
1009165
1009371
1009576
1009781
1009986
1010191
1010396
1010599
1010805
1011008
1011213
1011417
1011623
1011830
1012035
1012241
1012442
1012647
1012854
1013060
1013265
1013469
1013672
1013875
1014082
1014286
1014489
1014690
1014896
1015104
1015308
1015514
1015716
1015922
1016127
1016329
1016530
1016736
1016940
1017149
1017356
1017558
1017759
1017962
1018169
1018376
1018583
1018791
1018993
1019201
1019407
1019613
1019819
1020022
1020223
1020424
1020631
1020839
1021045
1021253
1021462
1021670
1021871
1022075
1022280
1022486
1022692
1022894
1023102
1023305
1023511
1023719
1023925
1024133
1024339
1024543
1024746
1024950
1025159
1025368
1025575
1025780
1025986
1026192
1026397
1026604
1026808
1027013
1027215
1027421
1027624
1027827
1028032
1028233
1028447
1028651
1028859
1029066
1029273
1029478
1029682
1029888
1030094
1030296
1030498
1030702
1030909
1031113
1031320
1031524
1031731
1031934
1032137
1032342
1032544
1032746
1032951
1033154
1033360
1033566
1033770
1033976
1034182
1034386
1034590
1034796
1035004
1035213
1035422
1035631
1035838
1036041
1036247
1036450
1036653
1036857
1037064
1037266
1037468
1037676
1037884
1038087
1038292
1038494
1038697
1038902
1039108
1039314
1039520
1039723
1039929
1040134
1040338
1040541
1040747
1040948
1041155
1041358
1041564
1041768
1041973
1042178
1042385
1042590
1042794
1043001
1043207
1043415
1043617
1043821
1044025
1044228
1044434
1044637
1044841
1045048
1045251
1045456
1045661
1045869
1046074
1046277
1046485
1046692
1046897
1047100
1047304
1047512
1047717
1047920
1048123
1048326
1048528
1048732
1048942
1049146
1049352
1049557
1049760
1049965
1050171
1050378
1050583
1050786
1050991
1051195
1051398
1051603
1051814
1052017
1052222
1052425
1052627
1052833
1053039
1053244
1053451
1053657
1053861
1054066
1054271
1054481
1054684
1054890
1055095
1055302
1055503
1055705
1055911
1056115
1056320
1056527
1056729
1056932
1057134
1057337
1057540
1057748
1057951
1058157
1058365
1058568
1058770
1058975
1059179
1059381
1059584
1059789
1059993
1060195
1060402
1060609
1060815
1061019
1061226
1061427
1061631
1061831
1062037
1062240
1062449
1062657
1062861
1063066
1063272
1063478
1063684
1063889
1064094
1064297
1064500
1064706
1064907
1065109
1065313
1065517
1065727
1065934
1066135
1066338
1066544
1066745
1066948
1067155
1067365
1067578
1067782
1067985
1068189
1068392
1068599
1068802
1069004
1069210
1069418
1069626
1069830
1070033
1070238
1070444
1070647
1070852
1071060
1071268
1071473
1071676
1071879
1072083
1072292
1072495
1072700
1072905
1073109
1073314
1073518
1073722
1073931
1074138
1074344
1074553
1074760
1074963
1075172
1075374
1075579
1075785
1075992
1076197
1076404
1076604
1076810
1077015
1077221
1077429
1077632
1077836
1078044
1078251
1078455
1078657
1078863
1079068
1079271
1079479
1079687
1079894
1080100
1080302
1080507
1080714
1080918
1081122
1081326
1081528
1081732
1081936
1082141
1082342
1082544
1082754
1082961
1083168
1083371
1083578
1083786
1083992
1084196
1084400
1084604
1084808
1085016
1085223
1085428
1085630
1085838
1086041
1086249
1086455
1086659
1086864
1087070
1087278
1087484
1087690
1087896
1088102
1088304
1088511
1088715
1088917
1089122
1089327
1089533
1089739
1089950
1090156
1090363
1090569
1090773
1090976
1091178
1091387
1091593
1091795
1091999
1092204
1092408
1092613
1092817
1093023
1093228
1093429
1093633
1093837
1094048
1094252
1094461
1094666
1094869
1095075
1095283
1095492
1095695
1095899
1096105
1096314
1096521
1096726
1096928
1097133
1097339
1097547
1097750
1097956
1098159
1098370
1098575
1098782
1098991
1099194
1099398
1099605
1099805
1100009
1100214
1100422
1100629
1100832
1101036
1101241
1101448
1101652
1101855
1102062
1102267
1102477
1102681
1102885
1103087
1103294
1103501
1103707
1103913
1104118
1104321
1104523
1104727
1104930
1105139
1105348
1105555
1105759
1105962
1106168
1106371
1106576
1106780
1106985
1107186
1107395
1107597
1107803
1108006
1108210
1108412
1108619
1108822
1109028
1109233
1109438
1109642
1109848
1110054
1110262
1110465
1110673
1110879
1111084
1111289
1111495
1111700
1111907
1112109
1112313
1112516
1112725
1112926
1113130
1113335
1113541
1113747
1113954
1114158
1114369
1114571
1114776
1114983
1115189
1115395
1115600
1115806
1116008
1116214
1116420
1116625
1116831
1117034
1117241
1117450
1117656
1117865
1118069
1118274
1118475
1118683
1118890
1119096
1119299
1119504
1119709
1119917
1120121
1120327
1120530
1120732
1120938
1121144
1121349
1121553
1121755
1121959
1122163
1122365
1122567
1122778
1122985
1123193
1123399
1123606
1123813
1124019
1124225
1124430
1124637
1124839
1125042
1125249
1125453
1125664
1125868
1126073
1126279
1126484
1126693
1126897
1127104
1127309
1127515
1127722
1127923
1128127
1128333
1128538
1128740
1128946
1129152
1129356
1129558
1129761
1129969
1130173
1130377
1130584
1130790
1130992
1131196
1131398
1131605
1131811
1132017
1132220
1132427
1132630
1132833
1133036
1133245
1133448
1133655
1133859
1134066
1134272
1134478
1134681
1134893
1135095
1135305
1135510
1135716
1135923
1136131
1136332
1136537
1136743
1136949
1137155
1137358
1137561
1137765
1137970
1138175
1138384
1138597
1138800
1139006
1139209
1139411
1139616
1139820
1140022
1140223
1140428
1140636
1140841
1141047
1141253
1141455
1141659
1141863
1142066
1142270
1142481
1142685
1142891
1143095
1143301
1143505
1143712
1143914
1144120
1144325
1144530
1144735
1144938
1145143
1145347
1145555
1145759
1145964
1146165
1146371
1146578
1146784
1146989
1147196
1147402
1147608
1147812
1148020
1148226
1148429
1148633
1148836
1149039
1149244
1149449
1149652
1149856
1150058
1150261
1150468
1150675
1150876
1151084
1151291
1151497
1151701
1151903
1152105
1152310
1152517
1152725
1152931
1153137
1153343
1153546
1153751
1153955
1154161
1154364
1154567
1154773
1154978
1155184
1155388
1155593
1155799
1156002
1156205
1156407
1156613
1156817
1157022
1157229
1157433
1157639
1157843
1158048
1158253
1158461
1158669
1158878
1159079
1159283
1159488
1159694
1159902
1160106
1160309
1160512
1160721
1160926
1161134
1161337
1161539
1161745
1161949
1162156
1162362
1162565
1162771
1162980
1163183
1163386
1163590
1163799
1164006
1164210
1164417
1164624
1164826
1165032
1165240
1165446
1165650
1165852
1166058
1166268
1166474
1166680
1166886
1167090
1167301
1167506
1167711
1167918
1168122
1168329
1168534
1168742
1168946
1169149
1169355
1169562
1169766
1169970
1170174
1170377
1170582
1170789
1170992
1171196
1171404
1171608
1171816
1172020
1172224
1172429
1172635
1172839
1173046
1173251
1173457
1173662
1173868
1174076
1174277
1174481
1174686
1174893
1175098
1175302
1175513
1175717
1175921
1176128
1176331
1176534
1176739
1176946
1177154
1177358
1177563
1177767
1177971
1178175
1178378
1178580
1178785
1178990
1179190
1179395
1179597
1179798
1180003
1180209
1180412
1180616
1180818
1181021
1181226
1181431
1181637
1181842
1182044
1182248
1182451
1182654
1182857
1183060
1183265
1183467
1183671
1183875
1184078
1184281
1184487
1184690
1184896
1185105
1185314
1185519
1185723
1185925
1186133
1186341
1186543
1186749
1186955
1187158
1187364
1187573
1187774
1187979
1188184
1188392
1188598
1188805
1189010
1189220
1189423
1189628
1189831
1190033
1190238
1190443
1190650
1190858
1191064
1191270
1191474
1191679
1191884
1192088
1192295
1192497
1192700
1192902
1193108
1193316
1193518
1193723
1193927
1194137
1194341
1194547
1194750
1194956
1195161
1195368
1195575
1195780
1195984
1196190
1196394
1196599
1196804
1197008
1197213
1197419
1197621
1197830
1198035
1198244
1198444
1198651
1198856
1199061
1199265
1199468
1199675
1199878
1200083
1200285
1200488
1200697
1200902
1201109
1201315
1201518
1201721
1201924
1202130
1202335
1202542
1202745
1202948
1203157
1203364
1203568
1203772
1203975
1204177
1204378
1204585
1204792
1204996
1205204
1205410
1205616
1205823
1206027
1206234
1206438
1206642
1206850
1207053
1207257
1207461
1207666
1207873
1208080
1208288
1208491
1208698
1208903
1209109
1209312
1209520
1209722
1209927
1210135
1210338
1210543
1210746
1210956
1211164
1211368
1211570
1211773
1211980
1212183
1212385
1212592
1212797
1213004
1213207
1213417
1213620
1213822
1214025
1214228
1214429
1214631
1214836
1215039
1215242
1215448
1215654
1215859
1216064
1216266
1216473
1216679
1216885
1217089
1217293
1217496
1217702
1217909
1218112
1218317
1218521
1218728
1218934
1219137
1219341
1219546
1219751
1219955
1220159
1220363
1220569
1220774
1220981
1221185
1221390
1221594
1221800
1222008
1222213
1222417
1222623
1222831
1223043
1223247
1223452
1223656
1223858
1224062
1224266
1224473
1224678
1224883
1225087
1225293
1225497
1225702
1225909
1226111
1226317
1226522
1226727
1226932
1227133
1227337
1227544
1227748
1227953
1228158
1228364
1228569
1228775
1228983
1229186
1229392
1229595
1229802
1230005
1230208
1230413
1230619
1230824
1231026
1231234
1231442
1231649
1231854
1232057
1232263
1232466
1232676
1232879
1233082
1233291
1233493
1233697
1233903
1234111
1234312
1234517
1234723
1234927
1235128
1235336
1235543
1235748
1235951
1236158
1236362
1236570
1236777
1236983
1237190
1237393
1237600
1237812
1238020
1238224
1238427
1238628
1238829
1239033
1239235
1239440
1239644
1239850
1240053
1240256
1240461
1240665
1240869
1241073
1241277
1241482
1241688
1241891
1242096
1242303
1242504
1242707
1242914
1243119
1243322
1243530
1243735
1243942
1244145
1244351
1244557
1244766
1244970
1245177
1245384
1245589
1245797
1246005
1246209
1246413
1246621
1246827
1247031
1247234
1247437
1247643
1247853
1248055
1248260
1248468
1248673
1248876
1249082
1249285
1249488
1249692
1249897
1250101
1250301
1250505
1250708
1250913
1251117
1251323
1251527
1251731
1251936
1252145
1252350
1252560
1252763
1252970
1253174
1253375
1253577
1253781
1253985
1254195
1254400
1254603
1254808
1255012
1255218
1255423
1255630
1255833
1256037
1256242
1256444
1256650
1256858
1257063
1257267
1257471
1257676
1257887
1258090
1258291
1258496
1258701
1258904
1259106
1259308
1259512
1259714
1259920
1260124
1260328
1260532
1260741
1260942
1261143
1261346
1261554
1261758
1261961
1262169
1262371
1262577
1262784
1262989
1263196
1263400
1263604
1263805
1264012
1264218
1264421
1264626
1264830
1265035
1265238
1265441
1265643
1265848
1266055
1266258
1266465
1266671
1266876
1267079
1267287
1267490
1267697
1267903
1268111
1268314
1268516
1268728
1268931
1269134
1269344