526.21
523.437
522.4711
515.7753
511.9424
508.3599
509.7431
506.4026
501.4722
499.6685
501.9859
500.6535
494.2987
493.3516
493.348
493.6448
491.4109
490.1344
492.4033
492.1687
489.3642
490.3049
486.5333
484.1649
487.5835
481.2138
478.5836
477.664
477.4018
476.6637
476.8092
475.8787
473.3346
473.3538
470.1256
469.6162
471.3633
469.5081
468.2966
469.6915
466.1016
464.6165
464.9475
464.0171
462.2123
462.574
462.5247
460.0623
459.2141
460.2087
458.6948
456.6858
453.875
453.9441
453.7008
451.5609
448.4535
447.1123
446.6189
446.1588
443.7014
443.3806
443.8321
441.3895
440.9138
439.3339
436.6462
437.968
435.4686
436.266
433.631
433.5117
433.6944
433.5266
432.5369
432.9319
431.438
431.3419
429.0186
429.3423
429.6788
429.978
426.4469
427.006
422.6366
421.3917
420.3485
420.8591
418.2152
418.3712
418.6077
417.1104
416.526
416.5114
416.2721
416.2787
414.9667
413.7974
412.8035
413.9622
413.6638
412.7309
412.2054
412.4804
412.2556
411.1717
409.7239
409.867
408.5249
409.9187
407.9233
408.7889
406.8823
405.2361
404.6701
404.5916
404.6535
403.4024
403.3671
402.786
402.5185
403.3868
402.3282
401.6469
401.2013
399.3886
400.4227
398.5457
399.0333
396.9464
396.6014
397.3645
396.0786
394.8978
394.4065
392.9662
392.6178
391.1382
391.3367
391.2797
391.5861
390.7642
390.9004
390.9584
391.1498
389.2141
389.6652
387.7489
388.6391
388.1375
386.1526
386.4625
385.3677
384.5863
382.8969
383.5685
382.431
381.1526
382.1022
381.4684
381.0844
379.5862
379.87
380.2271
379.0265
378.7489
379.5801
377.804
377.2402
377.5067
375.9173
375.7922
375.0858
374.9152
374.4029
372.6309
372.4708
370.2286
370.4854
368.8221
367.869
369.5765
369.1206
368.2785
368.145
366.7126
366.8999
367.1395
367.0464
366.0713
365.1678
364.8571
363.9721
364.2569
363.007
362.9934
361.9656
361.2998
360.7832
361.252
360.5656
360.1346
359.841
360.483
358.6033
359.0905
359.3993
358.6906
358.7662
358.5755
358.2896
357.5437
357.8685
357.4487
357.5146
356.5337
356.94
355.9003
355.7485
355.709
355.1588
355.5617
354.7164
353.8529
353.7082
352.7608
353.4461
352.8543
351.0714
350.5626
350.2373
350.0818
350.1778
350.7583
350.72
349.7035
349.8506
349.2726
349.556
349.0847
349.2784
348.2328
348.9119
347.6706
348.2617
348.8422
347.7552
347.9122
346.9404
349.0537
349.9702
348.3911
348.9327
346.8629
347.067
345.9685
344.7457
344.2364
344.231
344.5105
343.0916
342.0843
341.6859
338.7939
338.8802
338.4549
338.3891
338.5255
336.7449
337.1011
337.117
335.5953
335.8508
335.0291
333.9102
333.1643
332.3887
331.5096
331.2245
330.6852
330.9224
329.9818
329.8517
329.3071
329.422
329.3231
328.4507
328.3961
328.6703
327.8793
327.6501
327.8357
327.6539
326.4829
326.4551
326.3562
326.8078
325.578
324.7092
323.5732
323.2151
323.407
322.8682
322.7755
322.3335
321.9784
320.9924
321.5105
321.4624
320.9601
320.6758
320.9897
320.6397
320.7593
320.6139
319.8327
319.9801
320.3316
319.9673
319.7826
319.7193
320.0048
319.8601
319.6895
320.6677
320.5426
319.9945
320.4746
320.0354
319.9833
320.4532
320.2851
320.3477
320.9483
320.6747
320.8191
320.3033
319.1248
319.9993
319.5323
319.2111
318.8749
318.6571
318.9272
318.0876
318.9257
318.6612
318.939
319.1407
318.9161
317.909
318.8425
317.3499
317.57
317.5243
316.4157
315.4652
314.9129
313.6738
313.2123
311.56
311.4817
312.0083
312.1209
311.3452
311.3656
310.9041
311.6399
311.5563
311.2914
311.4291
311.5031
310.8124
310.2448
309.1928
309.3369
308.6851
307.7886
307.6844
307.0693
306.3059
305.8733
304.9188
304.9572
304.7343
304.3549
303.9467
304.1173
303.5474
303.6161
303.0979
303.0345
303.0984
302.348
302.3037
302.0943
301.8431
301.7434
301.6963
301.4844
301.9286
301.9514
302.0975
301.8459
301.7436
301.812
301.7374
302.2524
302.6946
301.4071
300.8266
300.5662
299.5936
299.9476
299.1473
299.4561
299.183
298.9684
298.6536
298.184
298.3418
298.2584
298.2922
297.516
297.3764
297.0309
296.8571
296.3991
296.1662
295.7463
295.5454
295.9294
295.154
295.2793
295.3948
294.7111
295.0234
294.6693
294.6597
294.297
294.2058
293.8891
293.3831
293.4475
293.0916
293.1411
292.7649
292.4544
292.1654
292.1144
291.9587
291.4208
290.5844
290.3928
290.1951
290.1021
289.7153
290.015
289.6986
290.2647
289.8414
289.5336
289.0403
289.6133
289.0888
289.0926
289.1952
289.0328
289.0813
288.603
288.5477
288.5953
288.6085
288.918
288.5787
288.8059
288.2976
288.1053
287.8619
287.0172
286.8978
285.9919
285.1608
285.9704
284.2012
284.2943
283.8607
284.2176
283.5966
283.1664
283.2574
282.7009
282.6075
281.9092
281.7195
281.442
281.1255
281.2832
281.0072
280.6861
280.1682
280.7285
280.1535
280.4795
279.6206
279.594
279.5193
279.7119
279.1187
279.2976
278.5793
278.685
278.3513
278.4645
278.2372
277.9113
277.6758
277.0574
277.1153
276.9687
276.563
276.8003
276.1086
275.6268
275.4656
275.2898
274.7562
274.8004
274.6925
274.7299
274.4513
273.9518
274.0802
273.6451
273.087
273.5151
273.3564
272.3391
272.919
271.9474
272.3422
271.9433
271.5285
271.3216
270.6463
270.9035
270.805
270.3726
270.0254
269.8515
269.6102
269.3683
268.5905
268.1718
267.4858
267.4671
267.4671
268.085
268.2867
268.5933
267.3681
267.3681
267.3681
267.3681
268.492
267.9112
268.2092
268.2884
268.2417
268.4149
268.757
267.8947
268.2816
267.9101
268.3514
267.844
268.017
267.9743
267.6989
267.1478
267.2865
266.3148
266.1333
266.0573
265.9196
265.7123
265.9989
265.5818
265.4185
265.1449
265.0629
265.4688
265.4536
264.8783
264.733
264.8394
264.1258
264.3097
264.0434
264.369
263.7322
263.5869
263.7112
263.6725
263.2668
262.9094
263.019
262.519
262.4451
262.3961
262.2375
261.8272
261.9998
261.9732
261.7287
261.6674
261.418
261.8742
261.5535
261.3732
261.8351
261.5417
260.7529
261.1102
260.4785
260.6647
261.0726
260.6086
261.4488
260.625
259.9928
260.4073
260.0703
260.2204
259.9778
259.7308
259.964
259.8782
259.4463
259.221
259.313
259.0233
259.1234
258.8734
258.8217
258.7168
258.8509
258.3098
258.4438
257.198
257.1534
258.2352
257.3052
257.5226
256.9711
257.4342
256.9943
256.6784
256.5654
256.2848
256.6605
255.8866
255.0757
254.9033
254.9033
254.9033
255.4584
255.7593
254.9033
255.8958
254.9033
255.5976
256.1295
256.0603
255.731
256.6724
256.1515
256.5487
256.4874
256.585
256.2333
255.8638
255.8426
255.0157
254.7061
254.6093
254.9174
254.4583
254.1974
254.1719
254.1541
253.5958
253.8473
253.7008
253.4073
253.3059
253.3316
252.8732
252.4152
252.9384
252.2807
252.2711
252.3711
251.8891
252.1263
251.9948
251.6412
251.799
251.9555
251.6871
251.8542
251.0433
251.265
251.0384
251.6223
250.5858
250.6137
249.8448
250.3977
250.2891
249.8067
249.4071
249.3433
249.1862
248.7594
249.2068
247.7204
248.5733
248.992
248.9849
249.2798
249.3114
249.0558
248.5823
248.7632
248.4841
248.9557
249.1224
248.7443
248.8308
248.8032
248.5741
248.2936
247.7038
247.4256
247.3725
247.3368
247.4673
247.0845
246.8486
246.9291
247.2527
246.2997
246.4531
245.8725
245.6686
245.6182
245.2181
245.6194
245.6565
245.3112
244.9896
245.1755
245.3307
244.9901
245.2219
245.2137
245.0872
245.0959
244.8439
245.0678
244.7869
245.1806
244.9882
244.736
244.6148
244.9271
244.8415
244.5829
244.4859
244.0375
244.1241
244.2081
243.16
243.5664
243.4789
242.9956
243.6249
243.1464
243.0603
242.8853
242.7262
242.1905
242.215
242.4068
243.1656
242.759
242.7265
242.4706
242.2607
242.5078
242.2758
242.2412
241.7792
241.6802
242.0211
241.6082
241.501
241.4731
241.3781
241.1539
240.7167
240.476
239.8897
240.132
239.2063
238.9322
238.7776
239.3329
238.987
239.4843
238.7665
238.9697
238.5205
238.7027
237.849
237.7692
238.7448
238.0007
237.7692
238.9742
238.5248
238.9101
238.9237
238.172
238.4431
237.3992
237.9404
238.2955
238.2812
238.2985
237.5126
237.5126
236.7688
237.5741
237.7869
236.7688
237.5839
237.8336
238.0087
238.0406
238.55
238.3691
238.5518
238.3983
238.0637
238.4723
238.3474
237.593
237.5316
237.8294
236.9779
237.0715
237.662
237.6999
237.4757
237.3163
237.2719
237.3588
236.8832
237.016
236.4116
237.2288
236.1242
236.1219
235.0598
235.1544
235.5041
236.2263
235.4603
235.5
236.0439
235.9538
235.8174
236.2599
236.0811
235.7965
235.8188
236.1006
235.43
235.4355
235.8565
235.6281
235.2955
235.1808
235.2367
235.1603
234.0479
234.3977
234.4288
233.4802
233.3378
233.3572
232.8922
232.8201
232.3432
231.8123
231.8549
231.6364
231.7684
231.7955
232.0027
231.8735
231.3513
231.7295
231.4297
231.1925
230.8532
230.6983
230.0486
230.408
230.8551
230.7277
230.7026
230.611
230.7755
230.6917
230.3806
231.3183
230.363
230.2586
229.9887
229.8687
229.883
230.0452
229.5104
229.6839
229.1735
229.2352
229.2011
228.8142
228.8538
228.784
228.7424
228.3325
228.0072
227.7989
228.0545
227.9277
227.1715
227.0723
226.8318
226.7624
227.3546
227.1501
227.6758
227.6049
227.6275
227.092
227.2672
226.6407
227.9082
226.9053
226.6562
226.5862
226.1624
226.3864
225.8716
225.2815
225.4614
225.2856
225.0725
224.7993
223.9515
224.6509
224.9445
224.2044
224.7997
224.6155
224.1838
224.5437
224.8777
224.5378
224.5686
224.4337
224.6957
224.7952
224.7413
224.7084
224.6317
224.416
224.0833
223.8874
223.5296
223.5286
222.5149
222.3942
222.3942
223.3436
222.904
223.1152
223.3586
223.4873
223.3745
223.4115
223.211
223.6919
223.8877
223.542
223.6823
223.6052
223.4992
223.2379
222.7296
222.6721
223.2342
222.1849
222.35
221.3637
221.3152
221.4818
220.5368
220.8575
221.0082
220.2492
220.7947
221.3671
220.8186
221.1388
221.4109
220.8999
220.5454
220.7925
220.9763
220.4351
221.2478
220.7198
220.5467
220.0934
219.9534
219.9666
220.099
219.382
219.9491
220.1471
218.9856
219.3862
218.3604
218.4858
218.5273
218.3604
218.3604
219.2574
218.3604
219.4166
219.4734
219.2106
219.6575
219.6126
219.936
219.9949
220.1374
219.7688
220.3141
219.9058
219.4174
219.0764
219.0105
218.8432
218.6299
218.6909
218.6536
218.1443
217.882
217.486
217.838
217.6104
217.925
217.9245
217.8042
217.8165
217.7351
217.0562
217.1305
217.5531
216.9757
217.1885
216.6086
217.111
216.8407
216.147
216.5343
216.4407
216.1341
216.2635
216.3596
216.5482
216.6155
216.8034
216.4063
217.2166
216.3518
216.3509
216.5535
216.7159
216.3384
216.4783
216.4295
216.2754
216.609
216.8187
216.2375
216.2567
215.9524
216.2585
216.5971
216.0981
216.5584
216.5501
215.9993
215.5168
215.4625
215.4165
215.2145
214.997
214.2045
215.1855
215.1196
215.1849
215.2868
214.1402
214.1402
214.1402
214.1402
214.8244
214.1402
214.1402
214.1402
214.1402
214.1402
214.1402
214.1402
214.1402
214.1402
214.1402
214.1402
215.0444
215.772
215.096
215.153
215.3199
215.5127
215.3662
215.4171
215.341
215.3145
215.6004
215.0743
215.1653
215.3162
214.9919
215.0804
214.2968
214.3199
213.9813
214.2581
214.4889
214.7094
214.8045
214.9171
215.0233
215.4035
215.378
215.1496
214.6157
214.9695
214.2448
215.2695
214.8387
214.6407
214.7675
214.3041
214.5437
214.2487
214.5556
213.9514
213.6559
213.699
213.0693
213.1183
213.696
213.3553
212.3039
212.736
212.3039
212.3743
212.5041
212.3039
213.0988
212.9028
212.4734
213.5758
213.059
213.4474
213.4301
213.5177
213.2715
213.2545
213.353
213.246
213.1353
213.2739
212.9076
213.4269
212.8689
212.6557
212.3352
212.4895
211.6639
211.6639
211.4242
211.1956
211.1956
212.1681
212.223
211.9541
212.8385
212.3835
212.8107
212.8707
212.9774
212.7519
213.1483
212.4711
212.8762
212.7829
212.739
212.8499
212.4599
212.7189
212.6829
213.2441
212.6933
212.5176
213.245
212.5327
212.3986
212.2361
212.2277
212.2519
211.727
212.5224
212.0985
212.8863
212.3568
212.5091
212.8549
212.5683
212.6763
212.4442
212.8797
212.897
212.7849
213.2212
212.9446
212.799
213.1423
213.6358
213.1812
212.9853
213.9032
213.565
213.9125
214.4932
214.3349
215.3047
214.7082
214.2056
214.0068
213.0137
212.6861
211.1113
210.2443
209.5612
209.2509
209.7449
209.9314
209.2758
209.7279
209.6996
209.6849
209.9664
209.2785
209.6303
209.9064
209.3255
208.8044
208.9613
208.3023
208.969
209.3407
208.6799
208.1518
207.9231
207.9231
207.9231
207.9231
207.9231
208.4197
207.8477
208.2946
208.9701
209.1617
209.0057
208.915
208.8734
209.0101
209.3854
209.4559
209.134
209.6672
209.3877
209.5323
209.388
209.4722
209.3532
208.9957
209.0064
208.913
208.9091
208.7387
208.5875
208.899
209.1615
208.1827
206.9076
207.2938
208.0523
207.3341
208.4193
207.897
207.8382
207.3918
208.0447
207.8749
207.8912
207.9629
206.3111
206.3111
206.3111
207.2429
206.3111
206.4442
206.8591
206.3111
207.2905
206.3111
206.3111
206.3111
206.6621
206.3111
206.5407
206.3111
207.2159
206.3111
206.7204
207.133
207.564
207.8429
207.7018
207.6862
208.0151
207.5693
207.6421
207.3871
207.2101
207.8636
207.3005
207.4867
207.4949
206.725
206.7497
206.9854
206.7919
206.554
206.6167
206.1813
206.3319
206.5638
206.5909
205.9708
206.4327
206.2106
206.3703
206.3781
206.3679
206.4241
206.5389
206.267
205.727
205.7298
206.056
206.2607
206.2935
206.103
205.9925
206.1596
205.6371
205.2583
205.3868
204.6244
204.3909
205.0932
204.4749
204.5629
204.285
204.085
204.085
204.5522
204.4911
204.7441
203.9646
203.9646
205.1771
203.9646
203.9646
204.0696
204.6488
205.1068
205.7465
205.5437
205.4652
205.4451
205.3143
205.4256
205.4098
205.4595
205.4953
205.324
205.1009
205.4208
205.555
205.7855
205.3701
205.4018
205.3788
204.8866
205.2353
205.2587
204.941
204.7818
204.6983
204.6844
204.6306
204.4143
204.4856
203.8894
203.8325
203.9979
202.7881
202.694
202.4115
202.3397
202.732
202.7639
203.4507
202.747
203.0379
202.3397
202.9514
202.3397
202.3397
203.1042
202.3397
202.3397
202.3397
203.5527
203.0256
202.3397
202.3397
202.6849
202.3397
202.3397
203.2302
202.3397
202.8984
202.3397
203.5593
203.2077
202.3397
202.3397
202.3397
203.1102
202.3397
202.3397
203.153
202.3397
202.3397
202.3397
202.3397
202.3397
202.5781
202.3397
202.8239
203.4925
203.9458
203.7112
203.6862
203.8419
203.9237
203.981
203.5797
203.8221
203.4178
203.5686
203.5087
203.82
203.6949
203.9105
203.2669
201.8969
201.8969
201.8969
202.6129
202.7006
202.4247
202.9178
202.8106
202.9645
202.9303
203.1517
203.173
203.1245
203.0475
203.0974
202.8742
203.3629
202.8598
203.0048
203.0468
202.6303
202.5445
202.6488
202.2728
202.5514
202.4185
202.1082
202.4976
202.3506
201.9758
202.0525
201.0306
200.5756
200.5756
201.0065
200.5756
200.5756
201.6633
201.5686
201.8458
202.2372
202.98
201.6976
201.614
201.7136
201.7134
202.1082
201.7849
201.463
202.0531
202.2273
202.3174
201.8722
202.0476
202.3319
202.0484
202.883
202.7199
202.2923
202.0258
201.8657
202.4336
201.9451
201.2444
201.4378
201.0186
200.5599
200.4434
200.4033
200.2321
199.6078
200.2145
199.7642
198.7908
198.7908
199.9014
198.7498
198.7498
199.9138
198.7498
199.3374
198.2307
198.2307
198.2307
199.5115
199.0603
198.5944
198.6563
198.2307
198.8062
198.2425
198.7376
198.1815
198.4738
198.5226
198.2356
197.04
198.4736
197.04
197.9138
197.04
197.8996
198.1422
197.6115
197.6638
197.6782
197.4437
197.2889
197.2411
196.3008
196.7935
197.289
197.4982
196.8464
196.0102
196.0102
196.0102
196.5927
197.2997
197.0334
196.5934
197.4648
196.9912
197.0533
196.7412
197.3377
196.7431
196.1237
196.5549
196.9713
196.9192
196.584
196.1208
196.4771
196.6441
196.0083
196.4357
195.1549
195.1549
196.0785
195.1549
195.8622
196.2673
196.223
196.098
196.2252
196.2175
196.2387
195.7645
195.4954
195.5787
195.7146
195.8874
196.3856
195.8587
196.1727
195.9519
196.2711
196.0596
196.0667
195.9378
195.4987
195.6056
195.7948
195.7691
194.0735
194.9327
194.6075
194.5012
194.0735
194.0735
194.0735
194.0735
194.0735
195.5661
194.0735
194.0735
194.0735
194.0735
195.0995
194.9722
195.9793
195.6193
195.2986
195.3732
194.1121
193.6901
193.6901
194.938
194.5471
194.3967
195.1285
195.4537
194.8995
195.0455
194.6952
194.5497
193.4724
194.5886
194.722
194.8638
195.1026
194.7677
194.9857
194.2222
194.8527
194.5724
194.6554
194.7016
194.2477
194.0905
194.5791
194.5547
194.1274
194.093
193.1491
193.1762
193.1173
193.1878
192.9444
193.3405
192.1093
192.8652
191.9309
191.7484
191.7484
192.392
192.7401
191.7484
192.4424
193.1495
192.9558
192.9208
192.8114
193.032
193.6897
192.9017
193.0045
192.9462
192.9883
193.3053
193.0196
192.7005
193.0173
193.2246
193.4471
192.9056
192.5706
192.9528
193.5351
193.5756
193.2672
193.0978
192.7602
192.7023
192.0187
192.2885
192.2689
192.7734
192.8489
193.2196
192.4831
192.4666
192.5835
192.4546
192.4719
192.6179
193.1287
193.2242
192.5291
192.654
191.4821
191.937
191.8186
191.8138
191.7792
191.9169
191.7719
191.4223
190.3777
190.3777
191.3354
191.1103
190.3777
190.8202
190.9966
190.5003
191.0683
190.6708
190.0644
190.0644
190.4295
190.7041
189.991
189.991
191.3703
189.991
190.9634
191.3167
191.5947
191.2544
191.3447
191.2011
191.7491
191.594
191.1868
190.6654
191.2361
191.1663
191.2938
191.2877
190.5455
191.1267
190.9284
190.7509
190.7389
191.0752
190.6193
191.3105
191.2225
190.9635
191.3033
191.1499
191.231
189.9451
190.0359
190.1121
190.0475
189.1367
189.8096
189.1367
190.4366
189.9606
189.8439
189.9261
189.8993
190.0168
190.3113
190.1418
189.7523
190.02
190.1024
190.1918
189.4269
188.5776
189.5033
189.2884
188.5776
188.5776
189.7275
188.5776
189.1718
188.5776
188.5776
188.5776
188.5776
188.5776
189.8459
189.4059
189.8772
189.43
189.8772
189.4452
188.9601
188.5316
188.5316
189.3543
189.9944
189.793
190.0153
189.948
190.1737
189.8746
188.9017
189.662
189.7728
189.2661
189.6665
189.9734
189.9033
189.8995
189.6534
189.5633
189.764
189.4132
189.1095
188.126
189.065
188.8302
188.4947
188.3028
187.9503
187.4878
187.376
187.1836
187.1836
187.1836
187.1836
187.1836
187.8279
187.8599
187.1938
187.1836
187.1836
187.1836
187.7783
187.1836
188.1792
187.1836
187.1836
188.5061
188.3105
188.3122
188.1215
188.0011
187.151
187.151
187.151
187.151
188.2364
188.2498
188.2635
188.0675
188.5765
188.2807
188.1954
188.8396
188.5732
188.833
188.7258
188.677
188.8644
188.8491
188.7935
188.3906
188.9664
189.2346
189.0985
189.1726
189.5385
189.3321
189.3923
188.5746
188.6956
189.0455
188.8745
187.3798
187.3844
187.2976
187.5098
188.0677
187.6018
187.0384
186.38
186.9981
187.0765
186.8399
186.9366
187.1038
187.0601
186.7693
186.5151
186.1434
186.8092
185.5726
185.5455
185.2003
185.5955
185.2003
185.2003
186.1061
185.2003
185.2003
185.2003
185.2003
186.0827
186.5233
186.9352
186.2908
185.8183
185.8985
186.4225
186.3185
185.5585
184.5245
184.9659
184.5245
184.5245
185.7059
185.8013
185.7162
186.2531
185.9207
186.2871
185.2853
184.803
185.0075
184.5245
184.1867
184.1867
184.1867
184.1867
184.1867
184.1867
184.1867
184.1867
185.0989
184.1867
185.1125
185.0759
186.0719
185.6312
185.1776
185.4162
185.5376
185.5572
185.1407
185.5294
185.7476
185.6312
185.4242
185.2779
184.826
185.2574
185.1505
185.1018
184.743
185.1395
185.0029
184.3377
183.9431
184.4757
183.9654
184.0674
184.1279
183.2608
183.282
183.5217
183.1602
182.5981
183.8979
182.5981
183.3281
183.4659
183.6451
183.4497
184.0681
182.7742
183.97
184.0036
184.0649
184.561
184.1484
184.2186
184.4417
184.2453
184.3744
183.9718
184.0601
184.1391
184.2476
183.8849
183.525
183.2842
183.2112
183.5911
183.8035
183.5334
182.0011
181.9421
181.9421
181.9421
181.9421
181.9421
181.9421
183.154
181.9421
181.9421
182.9539
182.9046
181.9421
181.9421
181.9421
181.9421
182.4602
183.1788
181.9421
182.1458
181.9421
181.9421
182.3828
182.8967
182.7864
182.7515
181.9421
182.3964
181.9421
183.1382
182.3408
183.107
182.8308
182.7264
182.9328
182.9389
182.202
181.8009
182.4412
182.3473
182.3033
182.4672
182.9633
182.3861
182.8798
182.9085
182.8106
183.1836
182.3142
183.2084
182.7168
182.5529
183.1364
182.973
183.0769
182.7047
182.5498
182.0171
182.3901
182.5874
182.3696
182.394
182.4302
181.976
182.2578
182.2693
182.1739
181.9734
181.7488
182.2564
181.9778
180.7948
180.7948
180.7948
180.7948
180.7948
180.7948
180.7948
180.7948
181.8177
180.7948
180.7948
180.7948
180.7948
180.7948
180.7948
180.7948
180.7948
180.7948
180.7948
181.6183
180.7948
180.7948
180.7948
180.7948
181.1075
181.948
182.3082
181.7915
182.5445
182.2105
181.9725
182.2936
182.074
181.7776
181.7138
181.7465
182.3573
181.752
181.4276
181.7615
181.8796
181.1164
181.3224
181.7481
181.7106
182.0371
181.7589
181.9066
181.645
180.6045
181.1797
180.6294
181.0561
180.2793
180.4025
181.2246
179.8995
180
179.8597
179.8597
179.6143
180.6212
180.4637
180.5336
180.7936
181.1349
180.8583
181.2586
180.6859
181.4368
181.0711
180.8447
180.7787
180.623
180.1108
180.2399
180.8569
180.5094
180.3772
179.9057
180.0824
179.505
180.1573
180.1573
180.1112
179.4023
179.9004
179.902
179.6128
179.4072
178.5207
178.5207
178.5207
179.4543
178.49
179.3134
178.49
178.5573
179.7178
178.5393
180.1492
180.1177
179.8554
180.2886
179.6804
180.0228
179.8741
179.7996
178.9321
178.8992
178.8554
179.0155
178.9559
179.4952
179.3644
179.1242
178.7477
178.743
177.8427
178.914
177.8427
179.3119
178.2453
178.9663
179.3124
179.1942
179.205
179.4189
179.2459
179.9274
179.7087
179.9233
179.9768
178.8774
179.2075
179.4732
178.4782
177.9608
177.7259
177.4803
178.1666
178.5165
178.6555
179.0972
178.9135
178.4934
179.3945
179.3838
179.1474
179.0934
178.6767
178.9187
179.1671
178.6003
178.8589
178.2498
178.6073
178.4568
178.0685
178.0046
176.9898
176.9898
176.9898
176.9898
176.9898
176.9898
176.9898
178.1294
176.9898
176.9898
177.5221
178.0287
177.9256
177.6352
178.0135
178.549
177.8831
177.7371
178.2251
177.9442
177.4624
177.8452
178.1528
177.5833
176.8017
176.4277
176.2801
176.2801
177.2051
177.2382
177.4756
177.111
177.9138
177.5111
177.5274
177.1733
177.4144
177.7873
177.4727
177.7997
178.0453
177.8196
177.6345
177.4256
177.3325
177.6717
177.9315
178.1696
176.3379
176.7095
176.6214
176.5365
176.3286
176.8865
176.5823
176.3326
176.2964
176.5885
176.6668
176.4234
176.6405
176.4325
176.5766
175.8576
177.4655
176.9628
176.9592
176.981
176.9225
176.8764
176.8091
176.6819
177.1474
176.8228
176.5105
176.843
176.6054
176.7756
176.4923
176.3865
176.621
176.6693
176.4991
176.5516
176.2583
176.5114
175.7975
175.4921
175.8266
176.0511
175.9987
176.3296
176.4894
175.9824
176.1102
176.3289
176.1649
176.1326
176.2184
175.8323
175.9225
176.0111
176.1572
175.3708
175.4911
175.9713
175.8297
175.8589
175.8179
175.4669
175.2384
175.3158
174.9326
175.1444
175.388
175.4475
175.1785
175.334
175.1255
175.2868
175.1943
175.4689
175.4003
175.2834
174.9034
174.7685
175.0318
174.847
175.0213
174.9206
174.8644
174.977
174.7277
174.9228
174.5374
173.0529
173.0529
174.3566
173.0529
173.0529
173.0529
173.0529
173.0529
173.0529
173.0529
173.0529
173.0529
173.0529
173.0529
173.0529
173.6457
173.3876
174.3161
174.1318
174.544
174.5029
174.6034
174.9014
174.9926
174.601
174.5068
174.0333
174.2695
172.6355
172.843
172.9493
173.9259
174.1214
173.924
174.0971
173.8514
174.5295
174.3186
174.1012
174.6988
174.6055
174.0038
174.2581
173.5065
173.607
173.9863
173.736
173.5364
173.0239
173.0152
173.5323
173.2966
173.7622
172.5188
172.9352
172.8347
173.244
173.3809
172.9814
173.3621
172.0242
171.9827
173.7534
173.8468
173.2935
173.9129
173.1392
173.8459
173.3044
173.4314
173.1669
172.7063
172.8349
172.6005
172.7351
172.7813
173.1841
173.2715
172.7669
172.7802
173.3739
172.438
171.5339
171.5105
171.5105
172.457
171.5105
172.9543
171.5105
172.8444
171.9704
171.5105
171.5105
171.5105
171.5105
171.5105
173.0589
171.5105
172.4152
171.5105
172.5618
172.5414
172.4337
172.5658
172.4842
172.7371
171.6914
172.1549
172.448
172.184
171.7896
171.1744
171.7414
171.8156
171.618
171.8809
170.9463
170.8109
171.0291
171.5254
171.75
171.8035
171.3438
171.1161
170.7743
169.8906
170.2972
170.0541
170.888
169.9436
170.2868
170.3141
170.0441
170.3483
170.87
170.3528
170.7975
170.8136
171.1445
170.2029
170.1394
169.4272
169.7181
170.1475
169.7106
169.886
169.7906
169.6137
169.4607
168.6067
169.3294
169.1658
168.804
167.8285
168.8089
167.6809
167.6809
168.2916
168.4769
168.8698
169.173
169.573
169.2652
169.1627
169.4867
169.2381
169.4377
169.7717
169.6986
169.6389
169.1861
170.3477
169.0131
169.3508
169.412
169.6551
169.6392
169.0814
169.6131
169.3177
168.9545
168.8423
169.2638
169.0831
168.6652
167.4769
168.008
168.5307
168.4841
168.6907
168.24
168.2092
167.8379
167.4179
168.203
167.5467
166.7109
166.7109
166.7109
166.7109
166.7109
167.955
166.7109
166.7109
167.3338
166.7109
166.7109
166.7109
166.7109
167.4561
166.7109
167.5037
166.7109
167.7896
167.4271
166.7109
166.7109
166.7109
166.7109
167.4013
166.7109
166.7109
166.7109
166.7109
168.0801
166.7109
167.571
166.7109
166.9745
167.1214
167.3653
167.8714
167.4104
167.3356
166.5621
167.6404
167.6087
167.5405
167.3667
167.5303
167.6109
166.935
166.2424
167.4404
167.7159
167.4408
166.9104
166.3981
165.7775
165.7775
165.7775
165.7775
167.3335
167.2444
167.3423
167.6653
167.5538
167.4745
167.6062
167.3832
167.5965
167.1901
166.9937
167.1112
167.1112
167.125
167.0781
167.0919
166.8743
166.9701
167.1442
166.4606
165.3364
165.3364
165.3364
165.9
165.8058
165.3364
165.3364
165.8972
165.3364
165.3364
165.3364
165.3364
165.9047
165.3364
165.3364
166.4064
166.6125
165.3364
165.3364
165.3364
165.6799
166.4077
165.7373
166.2044
165.6323
166.5231
166.0436
165.8282
165.8854
165.1773
165.1773
165.2305
165.1773
165.1773
166.3937
166.6182
166.243
166.677
166.4862
166.5099
166.1745
166.3819
166.7568
166.8698
166.6285
166.8008
167.0782
166.5795
166.4537
166.6691
166.7377
166.3084
166.5703
166.6887
166.5586
166.7923
166.5002
166.5048
166.3915
166.5028
165.8503
166.3761
166.037
166.0624
166.0051
165.8697
165.856
166.3559
165.7025
164.5604
164.5604
164.5604
164.9366
165.1126
165.649
165.7788
164.492
165.1319
165.319
164.4273
164.4273
165.4558
164.4273
164.7702
165.5955
165.6112
165.5489
165.9028
166.0215
164.1254
164.2981
164.0913
164.0913
164.0913
164.0913
164.0913
164.3895
165.6411
166.3713
166.0214
165.203
165.5998
165.5702
165.3637
165.967
166.3029
165.5858
165.9658
165.6568
165.4129
165.3586
165.5617
165.6379
165.593
165.6217
165.5573
164.7287
164.6573
164.4442
164.5514
164.699
164.724
164.6721
164.3852
164.4399
164.7495
163.2397
164.2413
163.0592
163.0592
163.0592
164.2846
163.4569
163.0592
163.0592
164.248
163.0592
164.0105
163.0592
163.0592
164.4883
163.0592
163.0592
163.0592
163.0592
163.0592
163.0592
164.4399
163.0592
163.4758
163.2187
163.9325
164.389
163.744
164.6741
164.2343
164.1966
163.996
164.0565
164.1257
163.7059
162.7285
163.8538
163.9059
162.7285
162.7285
162.7285
162.7285
163.2538
162.7285
164.095
164.1458
163.2311
162.7285
162.7285
162.7285
162.7285
163.5497
163.7688
162.7285
163.1365
162.7285
163.5567
163.7032
162.7285
162.7285
162.7285
162.7285
162.7285
162.7285
162.7285
162.7285
163.3225
164.125
162.7285
162.7285
163.6752
163.1351
163.6666
164.5049
162.7026
162.7026
162.7026
162.7026
163.7869
163.4353
162.7026
163.4387
163.9241
162.7026
162.7026
162.7026
163.4692
162.7026
163.8213
163.7135
163.5807
164.1003
164.1272
164.1003
163.9081
164.0126
164.096
164.088
163.7784
162.6791
162.5763
162.5763
163.3714
162.5763
162.5763
162.5763
162.5763
162.5763
163.2991
162.5763
162.5763
162.5763
163.7182
162.5763
162.5763
162.5763
162.5763
162.5763
162.5763
162.5763
162.5763
162.5763
162.5763
162.5763
162.5763
162.5763
162.5763
162.5763
163.5181
163.3038
162.5763
162.5763
162.5763
163.7901
162.5763
162.5763
162.5763
163.0754
162.5763
162.5763
162.5763
162.5763
162.5763
162.8785
163.3368
162.5763
162.5763
162.5763
163.7962
162.5763
162.5763
162.5763
163.8037
163.7905
163.5149
164.3273
164.099
164.4325
163.796
163.8982
164.2969
163.6116
163.8442
163.636
163.6818
163.2374
163.8104
162.8083
162.6999
163.0421
163.4881
163.8582
163.9143
163.7796
163.4024
163.4027
163.0341
163.7131
164.0205
163.487
163.4701
163.4175
163.3717
163.1302
163.5308
163.1685
162.347
162.4661
162.7208
162.9833
163.1705
162.9619
161.6557
162.3973
161.6557
161.6557
161.8838
161.6557
161.6557
162.2563
162.2424
162.1946
162.6877
162.8593
162.7216
162.9102
161.568
161.5998
162.4819
162.5386
162.6699
161.8418
162.667
161.1244
161.1244
161.1244
161.1244
161.1244
162.1396
162.2897
162.437
162.853
162.8376
162.843
162.6799
162.8033
162.9966
162.5777
163.5971
162.7166
162.8518
162.1901
162.5046
162.1695
162.047
162.2169
161.6458
162.1086
161.8177
161.8582
161.5457
160.5115
162.1379
160.5115
160.403
160.403
160.403
160.403
160.403
161.04
161.674
160.403
160.403
160.403
160.403
160.403
160.6784
161.3766
160.8135
161.5879
161.5377
161.261
161.2615
161.6682
161.6728
160.8442
160.6746
161.088
160.7237
160.4169
160.8986
160.6046
160.3778
160.8819
160.6089
159.8411
160.4478
159.8411
160.1911
160.742
161.4357
161.1522
160.9386
161.0863
160.2773
159.9649
159.7983
160.2484
160.2484
160.5312
159.4628
159.3704
159.4256
159.1725
159.9536
159.8263
160.0497
159.0939
159.0939
159.0939
160.4131
159.7696
159.0939
159.0939
160.1002
159.4746
160.6039
160.6315
160.1025
160.142
160.9662
159.953
160.9286
160.6692
160.5866
160.4007
160.8051
160.9128
161.0114
160.5775
160.6769
160.3009
160.2193
160.6413
160.186
160.0557
159.4841
159.5653
159.4854
159.9047
158.8152
158.7018
158.7018
158.7018
158.7018
158.7018
159.2104
158.7018
158.7018
159.5357
158.7018
159.5219
158.7018
158.7018
158.7018
158.9485
160.1005
159.9452
160.2824
160.0431
160.082
159.4781
160.0705
159.983
159.9917
159.5446
159.55
159.0665
158.4119
157.9377
157.9377
157.9377
157.9377
157.8725
157.8725
158.9234
157.8725
157.8619
157.8619
157.8619
158.9902
158.6396
159.4058
159.2699
159.5771
159.8587
159.8034
160.4883
159.8503
159.8102
159.8662
160.3753
160.0113
159.706
159.2892
159.2163
159.3356
159.276
159.0714
159.1011
159.0398
159.0115
157.504
157.1241
157.1241
157.1241
157.1241
157.1241
157.1241
157.1241
158.4413
157.1241
157.1241
157.1241
157.1241
158.0137
158.5871
157.4238
157.8309
158.4589
158.3836
158.2176
158.4445
158.5822
157.6775
158.0355
157.9797
157.1961
157.0761
157.0761
157.0761
158.5098
157.0761
157.0761
157.0761
157.0761
157.0761
157.0761
157.0761
158.6
158.3379
158.3581
158.4375
158.3513
158.4178
158.8094
158.6123
158.3219
158.4574
157.7478
156.8699
156.8699
156.8699
156.9208
156.8699
157.572
156.8699
157.7681
156.8699
156.8699
157.8815
157.8885
156.8699
158.2598
156.8699
158.0289
156.8699
156.8699
157.9606
156.8699
156.8699
156.8699
158.1843
157.8982
158.2289
158.1825
158.2082
157.865
157.9398
158.0536
158.1761
157.834
157.6269
158.113
157.9499
157.9441
157.1837
157.5662
157.8129
157.2068
156.1124
156.1124
156.1124
156.1124
156.1124
156.1124
156.1124
156.1124
156.8985
157.472
156.7137
156.1124
156.1124
156.9948
156.1124
156.7588
156.1124
157.6767
157.4501
157.7267
157.1811
157.6249
157.5969
157.6202
157.9242
157.536
157.4752
157.5424
157.5203
157.9737
157.7521
157.3913
157.9691
157.5165
157.6171
157.5394
156.9419
155.9704
156.9412
156.476
155.9704
155.9704
155.9704
156.6106
155.9704
155.9704
155.9704
155.9704
156.9499
156.6106
157.2338
156.0676
155.9704
156.3701
157.6691
157.3908
157.7673
157.7035
157.6712
157.731
158.0235
156.926
157.1467
156.8018
155.7097
156.2396
156.8428
156.8992
156.6676
157.1061
157.5016
157.552
157.6353
157.5883
157.657
157.3466
157.8607
156.693
157.0236
157.0125
156.7861
157.0669
157.1594
157.1961
157.3673
156.7798
156.8662
157.0117
157.2271
157.1245
156.5691
156.6312
157.161
156.6492
156.3464
156.4113
156.223
156.4711
156.5717
154.9812
156.1818
154.9812
154.9812
154.9812
154.9812
154.9812
154.9812
154.9812
154.9812
156.3505
154.9812
154.9812
154.9812
155.7385
154.9812
154.9812
154.9812
154.9812
154.9812
154.9812
155.6745
154.9812
154.9812
154.9812
155.9958
154.9812
154.9812
154.9812
154.9812
154.9812
154.9812
155.391
156.2455
156.3517
155.991
155.9843
156.1167
155.9613
156.4674
156.2633
156.0155
155.98
156.7383
155.5573
155.5759
154.7527
156.1552
154.6418
154.6418
155.1784
154.6418
154.6418
154.6418
154.6418
155.5146
155.5995
154.6418
154.6418
154.6418
154.6418
154.6418
154.6418
155.7648
154.6418
155.977
155.0817
155.5068
155.9421
156.1918
155.9304
155.5475
154.6418
156.0278
155.9376
156.0301
155.1445
155.4121
155.7043
156.4395
156.4585
156.5193
155.845
156.1491
156.0122
156.1963
156.0343
156.1507
155.7545
155.8683
155.7134
156.031
155.924
156.1046
155.9231
155.9348
155.7433
155.9029
155.6895
155.5221
156.1549
155.5439
155.7001
155.8862
155.4184
155.6635
155.0016
155.339
156.2153
155.5707
155.636
155.0484
154.9886
154.4223
154.9702
154.112
154.7115
155.2644
153.3763
154.6824
154.8781
155.1151
155.0375
154.8025
155.6714
154.8689
154.3614
155.2904
154.3758
154.7155
153.8171
153.1864
153.1864
153.1864
153.1864
153.1864
153.1864
154.5825
153.1864
153.8783
153.1864
153.1864
153.1864
153.1864
153.1864
153.1864
154.1422
153.1864
153.1864
153.1864
153.868
153.1864
153.6133
153.1864
153.1864
153.1864
153.1864
153.1864
153.1864
153.1864
153.1864
153.1864
153.1864
153.9677
153.1864
153.1864
153.1864
153.1864
153.4753
153.1864
153.1864
153.1864
153.6438
153.1864
153.1864
153.1864
154.0189
153.1864
153.1864
153.1864
153.4853
153.7971
153.1864
153.1864
153.1864
153.1864
153.1864
153.811
153.8973
153.1864
153.1864
153.5036
153.1864
153.1864
153.1864
153.2235
154.2592
153.8592
154.5559
154.5355
154.5736
154.6789
154.8339
154.6955
154.6442
154.684
154.6789
154.9627
154.5301
154.7192
154.6489
154.5029
154.1649
154.0727
152.7458
152.7458
152.7458
152.7458
152.7458
152.7458
152.7458
153.7352
152.7458
152.7458
152.7458
153.901
153.2289
153.0784
152.7458
153.0382
152.7458
152.7458
152.9869
153.127
153.1651
152.7458
152.7458
152.7458
152.7458
152.7458
152.7458
152.7458
152.7458
152.7458
153.4404
152.7458
152.7458
152.7458
154.2335
153.405
154.4574
154.6792
154.4793
154.7014
154.9372
155.2397
155.0961
154.6256
154.4547
154.1701
153.8961
154.6872
153.839
153.4374
153.2218
152.9427
152.429
153.0662
152.7071
153.8377
153.8746
153.798
152.3149
152.5937
153.1023
154.241
153.314
153.577
153.4958
153.7552
153.8206
153.8844
153.7433
153.3531
152.8487
153.3003
153.597
153.4261
153.7794
153.5996
153.6923
153.4657
152.6979
153.213
153.5007
153.7446
153.4216
153.2161
153.4866
153.3462
153.2231
153.4245
153.5643
153.4882
153.5887
153.6559
153.3939
153.6928
153.8912
153.7179
153.2069
152.9646
153.0229
153.0235
152.2727
152.9161
152.5932
151.4398
152.3494
152.4642
152.3247
152.0954
151.7792
151.824
152.0133
151.4292
151.247
151.247
151.4998
151.247
151.247
151.247
151.247
151.247
151.247
151.247
151.247
152.9017
152.6053
153.1784
152.6075
152.4353
153.3263
153.2198
152.9436
153.5203
153.1325
152.7286
153.0981
152.8089
152.8134
152.8295
153.0075
152.896
153.1144
153.1929
153.1521
153.0096
152.9506
153.1059
153.0014
152.928
152.7016
152.2695
152.2511
151.686
151.9486
150.7818
150.7323
152.7647
151.6969
151.7803
151.9599
151.8649
151.6975
150.2211
150.2211
150.2211
150.7377
149.9954
150.4678
150.6131
149.9954
149.9954
151.3442
149.9954
149.9954
149.9954
150.6473
149.9954
149.9954
149.9954
149.9954
149.9954
149.9954
149.9954
150.9542
149.9954
150.9216
149.9954
149.9954
149.9954
149.9954
151.718
149.9954
149.9954
151.1543
150.8859
151.3274
151.3589
151.5995
151.5339
151.4176
151.8862
151.2923
151.0998
151.1746
151.102
151.4586
151.2021
151.3368
150.8723
151.2656
151.4865
150.6726
149.2663
149.2663
149.2663
149.543
149.0015
149.0015
149.0015
149.0015
149.0015
149.0015
149.0015
150.1196
149.0015
149.7035
149.0015
149.0015
149.9052
149.8326
149.0015
149.0015
149.0015
149.0015
150.3756
149.696
149.0015
149.0015
149.0015
149.0015
149.787
149.0015
149.6261
150.1054
150.0612
149.1936
150.0939
149.09
150.4578
150.7693
150.7505
150.7004
149.9314
150.326
150.3993
150.474
150.2296
150.3498
150.4862
150.3858
150.0904
150.0033
150.1481
150.3227
150.0946
150.2372
150.4441
150.2101
150.2734
148.9015
148.1459
148.1459
148.1459
148.1459
148.1459
148.1459
148.1459
148.1459
149.1199
148.1459
148.1459
148.1459
148.1459
149.6665
148.1459
148.1459
149.3487
148.1459
148.1459
148.1459
148.7182
148.1459
148.1459
149.0672
148.1459
148.1459
148.1459
148.1459
148.1459
148.1459
148.1459
149.3022
148.1459
148.1459
148.9219
148.1459
148.1459
148.1459
148.1459
148.1459
148.1459
149.2983
148.1459
148.1459
148.1459
148.1459
148.2548
148.1459
149.3078
148.1459
148.1459
148.1459
148.6615
148.648
149.4183
149.6015
149.3763
149.6198
149.5444
149.7095
149.566
147.9332
147.9332
148.6189
149.0965
148.8466
149.4126
149.1257
149.0051
149.3355
149.3594
148.7633
149.2985
149.4338
149.0074
149.0045
148.9907
148.9876
148.6603
148.2994
148.0356
148.1956
148.2699
148.2359
147.2988
148.1082
147.2988
147.262
148.0801
147.262
147.262
147.262
148.1234
147.3662
147.262
147.262
147.262
147.262
147.262
147.262
147.262
147.262
147.262
147.262
147.262
147.262
147.262
147.262
147.262
147.9265
147.262
147.262
147.262
147.5595
147.262
147.262
148.3419
147.262
147.262
147.262
147.262
147.262
147.262
147.262
147.262
147.262
147.262
147.262
147.262
147.262
147.262
147.262
148.5504
149.0218
148.5166
148.463
148.3971
147.7615
148.3576
147.9275
149.4211
149.2291
148.9334
148.9534
149.2693
148.9632
149.3039
149.8373
148.9563
149.8184
149.0644
149.1441
149.1447
148.2723
149.0514
148.6156
148.4443
148.3851
148.4101
148.5958
147.4196
148.0158
148.3391
148.4622
147.5279
148.4692
148.3072
148.191
148.0914
147.7472
146.7878
147.7111
147.751
147.995
148.1157
147.6076
147.8705
147.5072
147.1397
147.7143
147.4046
147.3287
145.9673
146.9336
146.7611
147.0699
146.8717
145.9462
147.0343
147.07
145.6827
146.9535
145.6827
145.6827
145.6827
146.5942
145.6827
145.6827
145.976
146.3984
145.6827
145.6827
145.6827
145.6827
145.6827
145.6827
145.6827
145.6827
146.515
145.6827
146.3836
145.6827
145.6827
146.757
147.3544
147.7174
147.0805
147.4222
147.5705
147.1105
147.6938
147.5755
147.3302
147.6318
147.4114
147.235
147.1208
147.4792
147.2232
147.1782
146.6733
147.4183
146.9146
146.9335
147.0924
147.1255
147.0328
146.9895
146.9023
147.1395
147.5557
147.1568
147.5402
147.1173
147.6568
147.2668
147.2465
147.0818
147.3135
147.2133
147.281
147.4365
147.3923
147.2649
147.2859
146.7173
147.2854
146.7843
147.0497
145.8228
145.0847
145.7151
145.0847
145.0847
145.0847
146.1842
145.0847
145.0847
146.1149
145.0847
145.0847
146.6824
145.0847
145.0847
145.0847
145.0847
145.0847
145.0847
145.0847
145.0847
145.4684
145.6737
146.3519
145.0847
145.0847
145.0847
145.0847
146.0098
145.0847
146.5689
146.2093
145.0847
145.0847
145.0847
145.3011
146.2684
146.2815
145.6378
144.8497
144.8497
144.8497
144.8497
144.8497
145.5506
145.0707
144.8497
144.8497
145.5036
144.8497
144.8497
144.8497
144.8497
144.8497
144.8497
144.8497
144.8497
144.8497
144.8497
145.7109
145.5666
144.8497
145.6618
146.1476
145.936
144.8497
146.1841
146.5305
146.0768
146.3187
146.4679
145.6462
146.256
146.513
145.5551
146.7459
146.0781
146.0571
146.2748
146.5993
146.4641
146.4538
144.8378
145.8719
145.5791
145.2215
144.8356
145.6773
145.7836
145.9157
144.5442
144.5442
144.5442
145.361
144.5442
144.5442
144.5442
144.5442
144.5442
144.5442
144.5442
144.5442
144.5442
144.5442
144.5442
144.5442
144.5442
145.8849
144.5442
144.5442
144.5442
144.5442
145.6874
144.5442
145.4541
145.4628
144.5442
144.5442
145.6894
145.3394
145.5281
144.5442
145.8253
144.5442
144.5442
145.3937
145.6004
144.5442
145.6432
144.5442
144.5442
144.5442
144.5442
144.5442
144.5442
144.5442
145.5568
145.6159
144.5442
144.6813
145.1979
144.5442
145.306
144.5442
145.9773
144.5442
144.5442
144.5442
144.5442
144.5442
144.9758
144.5442
144.5442
145.7894
144.5442
144.5442
145.8592
144.5442
144.5442
144.5442
146.0728
144.5442
144.5442
145.3926
144.5442
144.5442
144.5442
145.1763
144.5442
144.5442
145.6733
145.7724
144.5442
144.5442
144.5442
144.5442
145.4301
144.5442
144.5442
144.5442
144.5442
145.4016
144.5442
144.5442
144.5442
144.5442
144.5442
145.1105
144.5442
145.6656
145.9189
146.1138
146.0037
145.7776
146.3115
146.354
146.5072
145.7881
146.1249
146.1584
146.0109
146.1943
146.0684
146.1561
145.977
145.791
145.1587
145.8645
145.9871
145.9706
145.4951
144.3736
145.0119
144.3736
144.3736
144.2906
144.2906
144.2906
144.2906
144.2906
144.2906
144.2906
144.2906
145.4998
145.9863
144.2906
145.7411
145.0201
145.326
145.8378
145.483
145.399
145.2162
145.6912
145.4612
145.2553
145.5901
145.765
145.922
146.116
145.595
145.7766
145.48
145.6236
145.6003
145.2747
145.4156
144.9246
144.7744
145.2133
145.4718
145.1319
143.7508
143.7508
143.7508
143.7508
144.2061
143.7508
143.7508
143.7508
143.7508
143.7508
143.7508
143.7508
143.7508
143.7508
143.7508
143.7508
144.5173
144.4659
144.734
144.7775
144.6255
145.3846
145.8306
145.4197
144.6202
143.7174
143.7174
143.7174
143.7174
144.9753
145.1059
144.7581
145.1985
145.1384
145.0548
145.5221
144.7751
145.1647
144.7896
145.1369
145.0168
143.5224
143.8883
143.5224
143.3967
143.2206
143.2206
143.2206
143.2206
143.2206
143.2206
143.589
143.4011
143.2206
144.1781
143.2206
143.2206
143.2206
143.2206
143.2206
143.2206
143.2206
143.2206
143.2206
143.2206
143.2206
143.2206
143.3068
144.7347
144.6684
145.0308
145.0837
144.7148
145.1301
144.5736
144.6519
144.8118
144.83
144.5277
144.7837
144.7702
144.764
144.341
143.9575
142.672
143.6381
142.672
142.672
143.2514
142.672
142.672
142.672
142.672
142.672
142.672
142.672
142.672
142.672
142.672
142.672
142.672
143.5222
142.672
142.672
142.672
142.672
142.672
142.672
142.672
142.672
142.672
142.672
142.672
142.672
143.43
143.5
142.672
142.672
142.672
143.8312
142.672
144.0241
142.672
142.672
144.0773
143.44
142.672
142.672
143.068
144.1358
143.6438
144.169
144.597
144.0199
144.4371
144.524
144.0423
144.4759
144.0779
143.6212
143.024
142.4628
142.2785
142.2785
143.3186
143.3025
143.1553
142.198
142.4256
142.2567
142.127
142.127
141.927
143.2063
141.927
143.338
141.927
141.927
141.927
141.927
142.8353
141.927
142.8911
141.927
141.927
141.927
141.927
141.927
141.927
141.927
141.927
141.927
141.927
141.927
142.5544
141.927
141.927
141.927
141.927
141.927
141.927
141.927
141.927
141.927
142.8387
141.927
141.927
142.4442
141.927
141.927
142.9969
141.927
141.927
141.927
141.927
141.927
141.927
141.927
141.927
141.927
142.8858
141.927
141.927
141.927
141.927
142.4078
141.927
141.927
141.927
141.927
141.927
141.927
141.927
143.0968
142.9289
143.3781
143.3022
142.8453
142.6816
141.927
142.4746
143.632
142.7686
141.5777
141.5777
141.5777
141.5777
141.5777
141.5777
141.5777
142.3813
141.5777
141.5777
141.6696
142.5323
142.9621
142.705
143.0278
142.7872
142.8497
142.1376
142.031
141.5307
141.5307
141.5307
141.5307
141.5307
142.1597
141.5307
141.5307
141.5307
141.5307
141.5307
142.0558
141.5307
141.5307
142.4179
142.2975
142.3359
142.7136
142.389
142.0166
141.4069
141.4069
142.7592
141.4069
141.4069
141.4069
141.4069
142.1597
141.4069
141.4069
141.4069
141.4069
141.4069
141.4069
141.4069
141.4069
141.4069
141.4069
141.4069
141.4069
141.4069
142.3574
141.965
141.4069
141.4069
141.4069
141.4069
141.4069
141.4069
141.4069
142.4648
141.4069
141.4069
142.7738
141.4069
142.6813
142.0831
141.4069
141.4069
141.4069
142.4983
142.3414
142.3428
141.4069
141.6317
141.4069
141.4069
141.4069
141.4069
141.4069
141.4069
142.8338
141.4069
141.4069
141.4069
141.4069
141.4069
141.4069
141.4069
141.4069
141.4069
141.4069
141.4069
141.4069
142.6599
142.0893
142.1134
142.7439
142.0124
141.5213
141.1947
141.1947
141.1947
141.1947
141.1947
141.1947
141.5474
141.7487
141.4026
142.3127
142.0262
142.4977
142.2649
141.9446
142.2649
142.6243
142.1469
142.2737
142.2561
141.1713
142.2733
142.3327
141.1713
141.1713
141.1713
141.1713
141.1713
141.1713
141.1713
142.2885
142.4769
141.9197
142.7334
141.7388
142.3082
142.9179
142.8096
142.5489
142.4656
143.2253
142.7397
142.421
142.3243
142.6909
142.5417
143.6806
143.1122
143.1683
142.5949
142.8077
143.3056
143.0338
142.7665
143.4606
142.6028
142.9577
142.8444
143.1558
142.8786
142.967
142.4399
142.8199
142.509
142.7665
142.8296
142.6077
141.9639
142.1968
141.9558
142.1692
141.6405
141.7201
140.7982
141.8835
141.1775
141.719
140.7295
140.7295
140.7295
140.7295
140.7295
140.7295
140.7295
140.7295
140.7295
141.1796
140.7295
140.7295
140.7295
140.7295
141.5773
140.7295
140.7295
140.7295
142.5955
142.3603
142.8137
142.5056
142.5254
142.3622
142.4677
142.4273
142.7013
142.3499
142.305
142.9228
142.365
142.9769
143.1797
143.3048
143.0968
142.8712
143.054
142.6981
142.2491
142.7016
141.5671
141.6678
141.2651
141.8755
142.1135
142.9084
142.3353
142.5864
142.6879
142.3671
142.3356
141.3575
140.4158
140.1829
140.1829
140.1829
140.2845
140.1829
140.1829
140.1829
140.9175
141.6994
141.6951
140.1829
141.5261
142.2605
141.8788
141.5968
141.6952
141.8012
141.8076
141.8253
141.4379
140.9648
141.0634
139.7131
140.1819
140.925
140.8431
141.5488
141.1866
140.78
141.1659
140.0652
141.4793
141.3369
141.5172
141.3514
141.6585
141.0798
140.964
140.0078
140.7948
140.7061
139.2974
139.2974
139.2974
139.2974
140.2381
139.2974
139.2974
140.5982
140.8836
140.6123
141.0677
140.9306
141.1193
141.3304
140.9471
141.2681
141.1246
141.1976
140.9704
140.9584
140.7771
141.0697
141.285
141.1009
140.7949
140.8807
140.8714
141.2315
140.7744
141.1085
140.975
141.0883
141.047
141.2874
140.7989
141.1556
141.2027
141.0456
141.223
140.9915
140.6195
140.2661
139.0114
140.2757
140.3266
140.0684
138.741
138.741
138.741
138.741
138.741
138.741
139.6199
139.1869
138.741
138.741
138.741
138.741
138.741
138.741
138.741
138.741
139.6942
138.741
138.741
139.6655
138.741
139.6341
138.741
138.741
138.741
138.741
139.2504
139.9761
140.0615
140.4569
140.3482
140.3086
140.3212
140.4603
140.7208
140.2355
140.3519
140.3483
140.58
141.0404
138.5814
138.5814
139.2648
138.5814
138.5814
140.0242
138.5814
138.5814
139.7207
138.5814
138.5814
138.5814
138.5814
138.5814
138.5814
138.5814
138.5814
138.5814
139.4119
138.5814
138.5814
138.5814
138.5814
138.5814
138.5814
138.5814
138.5814
138.5814
138.5814
138.5814
138.5814
138.5814
138.5814
139.5906
139.7814
138.5814
138.897
139.7617
139.3165
138.5814
139.1435
138.5814
138.5814
138.5814
138.5814
138.5814
138.5814
139.6958
138.9905
138.5814
138.5814
138.5814
138.5814
138.5814
138.5814
138.5814
139.4536
138.5814
138.5814
138.5814
138.5814
138.5814
138.5814
138.5814
138.5814
138.5814
138.5814
138.5814
138.5814
138.5814
138.5814
138.5814
138.5814
138.5814
138.5814
138.5814
138.5814
138.5814
139.3498
139.843
140.264
139.8079
139.492
139.6857
139.4113
139.9892
139.6765
139.935
140.1835
138.3772
138.3772
138.3772
138.9645
138.3772
138.3772
138.3772
138.3772
138.3772
138.3772
138.3772
138.3772
138.3772
139.0068
139.7273
139.4605
139.431
139.8458
139.7712
138.3351
139.5034
139.9297
139.882
139.682
138.292
138.292
138.9568
139.2362
138.8847
138.4775
139.2936
139.1998
139.3472
138.1364
138.1364
138.1364
138.1364
138.1364
139.2231
138.1364
139.3014
138.1364
138.1364
138.1364
139.0385
138.1364
138.1364
138.1364
138.1364
138.1364
138.9098
138.1364
138.1364
138.1364
138.1364
138.1364
138.1364
138.1364
138.1364
138.1364
138.1364
138.1364
138.1364
138.1364
138.1364
138.1364
138.1364
138.1364
138.1364
138.1364
138.8026
138.1364
138.1364
138.1364
138.1364
138.1364
138.1364
138.1682
138.1364
139.5367
139.4289
139.1029
138.7323
138.4739
138.1518
138.689
137.9888
137.9888
137.9888
137.9888
137.9888
137.9888
137.9888
137.9888
137.9888
138.2878
137.9888
137.9888
137.9888
137.9888
137.9888
137.9888
137.9888
137.9888
138.8811
137.9888
137.9888
137.9888
137.9888
137.9888
137.9888
137.9888
138.9435
138.582
137.9888
137.9888
137.9888
137.9888
137.9888
137.9888
137.9888
137.9888
137.9888
137.9888
137.9888
137.9888
137.9888
139.2754
137.9888
137.9888
137.9888
137.9888
138.6826
137.9888
137.9888
138.9436
137.9888
137.9888
137.9888
137.9888
137.9888
138.9134
137.9888
137.9888
137.9888
137.9888
137.9888
137.9888
137.9888
137.9888
138.425
138.5112
138.9224
139.0452
139.6154
139.4158
139.4437
139.2194
137.8899
138.9636
139.1252
137.8899
138.8833
137.8899
137.8899
137.8899
137.8899
137.8899
137.8899
137.8899
137.8899
137.8899
137.8899
137.8899
137.8899
137.8899
137.8899
137.8899
137.8899
139.0368
138.649
139.1124
139.0292
139.3994
139.6417
139.5847
139.9297
138.6853
137.6644
137.6644
138.3506
138.3854
137.6644
138.8881
138.2268
139.1973
137.6576
138.4638
137.9174
138.9446
139.3111
138.6916
138.8409
138.4974
138.9989
138.7325
138.9205
138.44
137.8832
138.5281
138.772
138.3604
138.7043
137.4696
137.4696
137.4696
137.4696
137.4696
137.4696
137.4696
138.3892
137.4696
137.4696
137.4696
137.4696
137.4696
137.4696
137.4696
138.1088
138.5159
137.4696
137.4696
137.4696
137.4696
137.4696
138.1405
137.4696
137.4696
138.5021
138.0222
138.4521
137.4696
137.4696
137.4696
138.2482
138.3066
137.4696
137.4696
137.4696
137.4696
138.1414
137.4696
137.4696
137.4696
138.4177
137.8224
137.4696
137.4696
138.4293
138.9112
139.2249
139.2743
139.0207
139.0207
139.1561
139.0501
138.995
139.3132
139.1364
138.9783
138.8669
139.1549
138.5882
138.5787
138.6258
138.879
139.2245
138.7274
138.6199
138.5595
137.0787
137.0787
137.5788
137.0787
137.0787
137.0787
137.0787
137.0787
137.0787
137.0787
137.0787
137.0787
137.0787
137.0787
138.0075
137.0787
137.518
137.0787
137.0787
137.0787
137.0787
137.0787
137.0787
137.8192
137.6199
137.5114
136.8888
136.8888
136.8888
136.8888
136.8888
136.8888
136.8888
137.304
137.7961
138.2765
138.3181
138.2966
138.5321
138.4739
138.1788
136.7546
136.7546
136.7546
136.7546
137.2935
136.7546
137.9691
138.3729
138.3604
138.3333
136.7172
138.4352
138.186
138.1729
138.4101
138.275
138.3542
138.204
138.1348
137.9582
137.9217
138.3934
137.9413
137.9609
138.5715
138.2424
138.4432
138.4634
137.9324
137.2729
136.085
136.085
136.085
137.0671
136.085
136.085
136.085
136.085
137.0517
136.085
137.1072
136.085
136.085
137.1818
136.085
136.085
136.085
136.085
136.085
136.085
136.085
136.085
137.3293
137.166
136.7305
136.948
136.8131
136.085
137.145
136.085
136.085
137.3809
136.085
136.085
137.4436
136.085
136.9765
136.085
136.085
136.085
136.085
136.085
136.085
136.085
136.085
136.085
136.085
136.085
136.085
136.085
136.085
136.085
136.085
136.085
136.544
136.085
136.085
136.085
136.085
136.085
136.8181
136.085
136.085
136.085
136.085
136.085
136.085
136.085
136.085
136.085
136.085
136.085
136.3916
136.085
136.085
136.085
136.085
136.3241
136.085
136.085
136.085
137.3389
136.085
136.085
136.085
136.085
136.7501
136.085
136.085
136.085
136.085
136.2667
136.085
136.085
136.085
136.085
136.085
136.085
136.8549
137.5222
136.085
137.324
136.085
136.085
136.085
136.085
136.085
136.085
136.085
137.3696
136.085
136.7287
137.0867
136.085
136.085
136.085
136.085
136.085
136.677
136.085
136.6512
136.085
136.085
136.085
136.692
136.085
136.085
136.3776
136.178
136.085
136.085
136.085
136.085
136.085
136.085
136.085
136.085
136.085
136.7621
136.085
136.085
136.085
136.8486
136.085
136.085
136.085
136.085
136.085
136.9704
136.085
136.085
137.0145
136.085
136.085
136.085
136.085
136.085
136.085
136.085
136.085
136.085
136.085
136.085
136.085
136.085
136.085
136.085
137.3341
137.1392
136.798
136.085
136.085
137.0989
137.1691
136.0679
136.0679
136.0679
136.0679
136.0679
136.6615
136.5776
136.8221
137.589
137.5303
137.6019
137.3113
137.4154
137.5182
137.7033
137.9265
138.1783
137.053
136.2567
136.0201
137.1833
137.3982
136.7337
135.959
136.748
137.2097
137.552
137.5258
137.1896
137.5812
136.6033
136.6154
137.1615
136.4085
136.4063
136.063
136.1464
136.1777
136.4008
135.3779
136.3704
136.5573
135.3645
135.9768
135.9359
135.2662
135.2662
135.2662
135.2662
135.2662
135.2662
135.2662
135.2662
135.2662
135.2662
136.4785
136.2586
136.9774
136.8854
137.3327
136.7122
137.199
136.9124
137.0828
136.7854
136.752
136.351
136.422
134.8034
134.8034
134.8034
134.8034
134.8034
134.8034
134.8034
134.8034
135.0427
134.8034
134.8034
134.8034
134.8034
134.8034
134.8034
134.8034
134.8034
134.8034
134.8034
134.8034
134.8034
134.8034
134.8034
134.8034
134.8034
135.9819
135.6375
135.3213
135.4593
134.8034
134.8034
134.8034
134.8034
134.8034
135.4834
135.2973
134.8034
134.8034
134.8034
134.8034
134.8034
134.8034
134.8034
134.8034
134.8034
135.4897
134.8034
136.1777
134.8034
134.8034
134.8034
134.8034
134.8034
134.8034
134.8034
134.8034
136.1191
134.8034
134.8034
134.8034
134.8034
134.8034
134.8034
134.8034
134.8034
134.8034
134.8034
134.8034
134.8034
134.8034
136.2184
135.3199
136.1277
136.4431
136.3432
136.0395
136.2132
135.8044
135.8324
136.1886
135.8509
136.2693
136.0624
135.5376
134.7304
134.967
134.7304
135.6843
135.1586
135.1989
135.5446
134.6715
135.5324
134.6715
134.9752
134.5208
135.6933
134.5208
134.5208
134.5208
134.5208
134.5208
134.5208
134.5208
135.8124
134.5208
134.5208
134.5208
134.5208
134.5208
135.2754
134.5208
134.5208
134.5208
134.5208
134.5208
134.5208
134.5208
134.5208
134.5208
134.5208
134.5208
134.5208
135.7132
135.7332
134.5208
134.5208
134.5208
135.5903
134.5208
135.3806
134.5208
134.5208
134.5208
134.5208
135.9417
135.6935
135.7366
135.9559
136.292
136.2954
136.6465
135.9124
136.2047
136.2633
135.9859
135.7065
135.77
135.9701
135.9612
136.279
136.1297
136.1406
136.0981
135.8001
135.1498
134.0217
135.2107
134.0217
134.0217
135.0662
135.1232
134.0217
134.0217
135.2203
134.9538
135.7946
134.9199
135.1198
135.7256
135.4168
135.4813
135.4437
135.6245
135.7651
136.2405
135.7336
136.1858
136.1301
135.9231
135.9893
136.1116
135.5327
136.1033
135.2982
135.1934
135.7112
135.5373
135.551
135.4208
135.4453
135.1571
134.9408
133.5137
133.5137
134.1229
134.8511
133.5137
133.5137
133.5137
133.5137
133.5137
133.5137
134.5747
133.5137
133.5137
134.9283
133.5137
134.1902
133.5137
133.5137
134.4294
134.863
134.8278
134.8779
135.819
135.2361
135.2169
134.8847
135.3329
135.1102
134.9119
134.834
135.0651
134.567
134.6855
133.5027
134.4538
134.6022
134.569
134.2744
133.4456
133.4456
133.4456
133.4456
133.4456
133.4456
134.4815
134.4785
134.2663
134.7744
135.1671
135.3685
135.0134
135.935
135.3329
135.188
135.1646
133.2364
133.7006
133.2364
133.2364
133.2364
133.2364
133.2364
133.2364
133.2364
133.2364
133.2364
133.9691
133.2364
133.2364
133.9881
133.2364
133.2364
133.2364
133.2364
133.2364
134.68
134.0101
133.2364
133.2364
133.2364
133.2364
133.2364
133.2364
134.1446
134.4472
134.6846
133.7286
134.5664
134.5379
134.0276
134.807
134.6727
134.5545
134.3825
134.4711
133.0724
133.0724
133.0724
133.0724
133.0724
133.0724
133.0724
133.0724
133.5581
133.0724
133.0724
133.0724
134.3006
134.4574
134.3526
134.5424
134.4384
134.083
134.577
134.316
132.8445
133.7631
132.8445
132.8445
132.8445
132.8445
132.8445
132.8445
133.6227
132.8445
132.8445
132.8445
132.8445
132.8445
134.3765
132.8445
132.8445
132.8445
132.8445
133.4153
132.8445
134.2056
134.0455
132.8445
132.8445
133.5681
132.8445
132.8445
132.8445
132.8445
132.8445
132.8445
132.8445
133.9398
133.0723
132.8445
132.8445
132.8445
133.1796
133.5916
133.9904
134.044
134.3202
134.3613
134.1007
133.9833
133.7691
133.6452
134.2649
133.8137
133.553
132.5749
132.8148
132.5092
132.5092
132.5092
132.5092
132.5092
132.5092
132.5092
132.5092
132.5092
132.5092
133.2271
132.5092
132.5092
132.5092
134.0333
132.5092
132.5092
132.5092
133.396
132.5092
132.5092
132.5092
132.5092
132.5092
133.7143
132.5092
132.5092
132.5092
132.5092
133.6463
132.5092
132.5092
132.5092
132.5092
132.5092
132.5092
132.5092
132.5092
132.5092
132.5092
132.5092
132.5092
132.5092
132.5092
133.5866
132.5092
132.5092
132.5092
133.3335
132.5092
133.2657
132.5092
133.2908
132.5092
134.0364
133.3992
133.9431
132.5092
134.1026
134.5319
134.173
134.4849
134.5974
134.5476
134.6099
134.7709
133.2212
132.2091
132.2091
132.2091
132.2091
132.2091
132.8515
133.4276
132.2091
132.2091
132.2091
132.2091
132.2091
132.2091
132.2091
132.2091
132.2091
132.2091
132.2091
132.2091
132.2091
132.2091
132.2091
132.2091
132.2091
132.2091
132.8365
132.2091
132.2091
132.2091
133.4664
132.2091
132.2091
132.2091
132.2091
132.2091
132.2091
132.2091
132.2091
132.2091
132.2091
132.2091
133.3323
132.2091
132.2091
132.2091
132.2091
132.9776
132.2091
132.2091
132.2091
132.2091
132.2091
132.2091
132.2091
132.2091
132.2091
132.2091
132.8908
132.2091
132.2091
132.2091
132.2091
132.2091
132.2091
132.2091
132.2091
132.5327
133.2391