500.9989
496.4418
491.7478
487.7154
487.1614
487.1614
482.887
481.6066
480.6055
480.6055
475.5437
475.5437
475.5437
474.5584
474.1683
473.7727
473.7068
466.6302
466.6302
466.6302
466.6302
463.1475
463.1475
462.755
462.755
462.755
459.7199
459.7199
458.6265
458.6265
455.5252
455.059
454.9164
454.9164
453.1349
453.1349
451.0107
451.0107
451.0107
450.828
450.828
450.828
450.6422
448.6742
447.3594
447.3594
446.7796
446.7796
446.7796
445.8195
445.4769
443.5816
441.6504
438.8622
438.466
438.226
438.226
434.9841
434.4809
433.6325
433.1785
430.6315
430.1989
428.6377
427.7829
427.7829
426.0427
425.1035
422.0973
420.2134
420.2134
420.2134
420.2134
419.6019
419.6019
418.0351
417.6889
416.7463
415.3252
415.3252
415.3252
414.9721
414.4091
414.2579
412.7596
411.9589
411.5154
410.1557
410.1557
410.1557
409.7412
409.5047
407.8927
406.8863
406.8863
406.8863
406.3787
406.0426
404.7782
404.4976
403.6786
403.6786
403.6786
402.6207
402.0694
401.1394
398.4588
398.4588
397.2215
396.6276
396.2044
396.2044
396.2044
396.2044
395.5444
395.5444
394.8519
394.1708
393.7103
393.0963
391.9616
391.9616
390.9358
390.9358
390.7468
389.5506
389.2336
389.2336
389.2336
389.1118
388.823
388.0653
387.6778
387.1224
385.7825
385.7825
384.8422
384.77
384.1154
384.1154
382.6761
382.6761
381.728
381.728
381.728
380.9696
380.2509
379.5146
378.927
378.927
378.927
377.4079
377.4079
376.6387
376.6387
375.503
375.0892
375.0545
374.1237
373.538
373.2957
373.2957
372.3774
371.8902
369.6061
369.6061
369.6061
369.6061
368.4309
368.3207
366.9603
366.9603
365.6814
365.5515
363.4037
363.4037
363.4037
362.8209
362.8209
362.7392
361.469
359.9198
359.9198
359.9198
359.9198
359.9186
359.9186
359.8224
358.1704
358.1704
358.1704
358.1704
358.1704
357.2422
357.2422
356.4329
356.029
355.6613
355.6613
355.5265
355.5265
354.6178
354.3661
353.063
353.063
352.9467
352.9009
352.2799
351.3161
351.3161
351.3161
351.3161
350.3505
350.3505
349.1604
349.1604
348.7181
348.6347
348.6347
347.8687
347.5401
347.191
347.191
346.4556
346.4556
346.4556
345.3931
345.3931
345.3931
345.1825
344.882
344.5456
343.676
342.0298
342.0298
341.371
341.371
341.371
340.6661
340.6661
340.3926
339.9707
339.576
339.576
339.576
339.576
339.576
339.576
339.576
339.576
338.3143
338.3143
337.5869
337.5869
337.5869
337.5036
336.6162
336.6162
335.0121
335.0121
333.8221
333.8221
333.0856
333.0778
331.9079
331.9079
331.9079
331.9079
331.0323
331.0323
329.5631
329.5631
329.4914
328.9775
328.382
327.4477
327.4463
327.0033
327.0033
326.4776
326.1827
326.1827
326.0581
325.6587
325.6587
325.6587
325.179
325.0403
324.671
323.9622
323.9622
323.9622
323.5188
322.3889
322.1371
321.8528
321.8528
321.8528
321.4991
321.4991
320.9069
320.7461
320.5404
320.2522
320.2522
320.0479
319.6407
318.7224
318.2503
318.1279
318.1279
318.1279
317.7445
317.7445
317.7445
317.5352
317.5352
316.7526
316.7526
316.7526
316.6215
316.6215
315.757
315.757
315.2552
315.2552
315.2552
315.1691
315.1691
315.1691
315.0966
314.3222
314.1072
314.1072
314.1072
314.1072
314.1072
314.1072
313.8325
313.4131
312.8249
312.8249
312.8249
312.8249
312.8249
312.8249
312.8249
312.156
312.156
311.9669
310.6775
310.6664
309.9042
309.9042
309.9042
309.0478
309.0354
308.8482
308.7487
308.3873
308.3873
307.494
307.494
307.494
307.494
307.494
307.4517
307.0992
307.093
306.8999
306.05
306.05
305.452
305.4234
305.3589
304.6894
304.2371
303.6086
303.6086
303.6017
303.058
302.8554
302.4685
302.4685
302.2824
301.9277
301.7624
301.3497
301.3497
301.0253
300.8599
300.8371
300.7207
300.4563
300.4528
300.1231
300.1231
300.1024
300.1024
300.1024
299.8326
299.8326
299.643
299.5162
299.0119
298.5801
298.0809
298.0809
298.0809
298.0611
298.0611
297.9965
297.4369
297.3473
296.9465
296.9465
296.8198
296.3644
296.3644
295.8336
295.8336
294.863
294.5707
294.5707
294.5707
294.4095
294.2114
293.8861
293.762
293.5934
293.3551
293.3551
293.3551
293.0438
293.0438
293.0072
292.4862
292.4823
292.3573
292.1024
291.6335
291.6335
291.2535
290.1193
289.7616
289.7616
289.7616
289.6336
288.9153
288.9153
288.842
288.4107
288.3169
288.1346
288.1198
287.9168
287.7935
287.7073
287.7028
287.2995
286.6123
286.6123
286.6123
286.5204
286.2268
285.6873
285.6873
285.2164
285.2164
284.5168
284.5069
284.2328
284.2328
284.1715
283.4228
283.4228
283.4228
283.0089
283.0089
283.0089
282.7482
282.1119
282.1083
281.4792
281.1002
281.1002
281.1002
280.6917
280.1198
279.8945
279.8945
279.3689
279.3689
279.3689
279.3689
279.1012
279.0183
279.0183
278.7975
278.6855
278.323
278.323
278.1494
277.4737
277.2795
277.2795
276.9304
276.9304
276.8289
276.8289
276.5208
276.4555
275.9889
275.4259
275.4259
275.4259
274.7672
274.7672
274.571
274.4171
274.2115
273.9816
273.5746
273.5746
272.9415
272.7271
272.7271
272.6807
272.1312
272.0601
272.0165
271.8353
271.6627
271.2151
271.0385
270.9746
270.7264
270.4796
270.3854
269.8333
269.484
269.484
269.1551
268.9244
268.5901
268.5052
268.3358
268.232
267.7117
267.4671
267.4671
267.4671
267.4671
267.4671
267.3681
267.3681
267.3681
267.2876
267.2876
267.2876
267.2876
267.2876
267.2876
267.2181
267.2181
266.7482
266.7482
266.7482
266.7482
266.473
266.3661
266.2414
265.9002
265.8132
265.2645
264.4109
264.3559
264.0677
264.0677
264.0677
264.0677
264.0677
263.7878
263.7878
263.7878
263.4614
263.4614
263.4614
263.4614
263.4614
263.2086
263.0884
262.9992
262.8757
262.4667
262.4307
262.3708
262.1661
261.9854
261.9286
261.867
261.7241
261.6118
261.2866
261.2157
260.9703
260.8129
260.5854
260.5854
260.3996
260.3581
260.0073
260.0073
259.8053
259.7097
259.7097
259.7097
259.4737
259.2255
258.9879
258.9879
258.9879
258.9261
258.6334
258.5176
258.5176
258.4559
258.436
258.436
258.4227
258.3275
258.2899
258.2899
257.9104
257.6562
257.6562
257.3327
257.3327
257.3327
256.8442
256.8442
256.803
256.793
256.522
256.522
256.112
256.112
256.0164
255.8641
255.8641
255.4486
255.406
255.2895
255.0757
255.0199
254.9165
254.9165
254.9165
254.9033
254.9033
254.9033
254.9033
254.9033
254.9033
254.9033
254.9033
254.9033
254.9033
254.9033
254.9033
254.9033
254.7726
254.3797
254.3797
254.3797
254.3797
253.9121
253.9121
253.9121
253.6252
253.4331
253.3363
253.0773
253.0068
253.0068
252.8543
252.8117
252.5158
252.3542
252.3542
252.3542
252.3049
251.9713
251.9713
251.742
251.5138
251.3721
251.276
251.0347
250.9061
250.9061
250.6648
250.5195
250.27
250.1497
250.1497
249.822
249.822
249.6851
249.5205
249.3752
249.346
248.8863
248.5821
248.5821
248.5821
248.5821
248.4797
248.4797
248.29
247.7204
247.7204
247.7204
247.7204
247.7204
247.7204
247.7204
247.6701
247.6701
247.6417
247.312
247.312
247.312
246.8816
246.8816
246.8816
246.8816
246.6708
246.2336
246.2336
246.2336
245.9953
245.9953
245.7502
245.7502
245.6991
245.4888
245.2383
244.7387
244.7387
244.4862
244.2267
244.1179
244.1179
244.0293
243.9018
243.9018
243.8822
243.8822
243.7076
243.7076
243.7076
243.6957
243.6957
243.6078
243.6078
243.4133
243.4133
243.2222
243.2222
243.2222
243.2222
243.0891
242.8291
242.6474
242.6474
242.4884
242.2348
242.2348
242.1502
241.9915
241.9332
241.9332
241.9332
241.7592
241.6539
241.6539
241.4688
241.4688
241.4688
241.4277
241.3605
241.3605
241.3054
240.7692
240.7085
240.7085
240.5613
240.3638
239.9369
239.6197
239.6197
239.3005
239.3005
239.3005
239.1054
239.1054
238.987
238.6259
238.6259
238.4333
238.4333
238.4333
238.4333
238.4333
238.1933
237.849
237.849
237.849
237.7692
237.7692
237.7692
237.7692
237.7692
237.7692
237.72
237.72
237.72
237.72
237.6675
237.2028
237.2028
237.2028
237.2028
237.1777
236.8297
236.8297
236.8297
236.7688
236.7688
236.7688
236.7688
236.7688
236.7688
236.7688
236.7688
236.7042
236.7042
236.7042
236.4778
236.4601
236.3998
236.3691
236.3691
236.2815
236.1033
235.8592
235.8592
235.5258
235.5258
235.5258
235.5258
235.5258
235.2817
235.2817
235.2817
235.0882
235.0882
235.0154
234.5629
234.5629
234.5629
234.5629
234.5629
234.5629
234.4406
234.4406
234.2139
233.9096
233.9096
233.9096
233.9096
233.5349
233.5349
233.3384
233.3384
233.3384
233.1485
232.9247
232.8279
232.8279
232.7206
232.2306
232.2306
232.0067
232.0067
231.7704
231.6779
231.5188
231.3153
231.3153
231.0459
231.0273
230.8996
230.8098
230.568
230.4825
230.3919
230.3064
230.3064
230.035
230.035
230.035
229.9626
229.4647
229.4647
229.4647
229.3493
229.2409
228.7269
228.7269
228.5556
228.5556
228.5556
228.5556
228.5556
228.4268
228.3907
228.3515
228.2554
228.1866
228.1296
228.0354
228.0354
227.9195
227.6863
227.6863
227.6579
227.6579
227.3535
227.0919
227.0731
227.0731
226.8115
226.3974
226.3974
226.2299
226.0475
226.0475
225.931
225.931
225.7731
225.7731
225.7731
225.7731
225.6455
225.6455
225.4479
225.3888
224.7775
224.7775
224.7775
223.7465
223.7465
223.7465
223.7465
223.7465
223.7465
223.7465
223.669
223.669
223.669
223.669
223.669
223.6184
223.5848
223.5501
223.5305
223.5305
223.5165
223.4822
223.4822
223.2015
223.2015
223.2015
223.1346
223.1346
222.8539
222.8539
222.5973
222.5973
222.3942
222.3942
222.0724
222.0724
222.0724
222.0313
222.0313
221.8228
221.7817
221.7817
221.7817
221.7817
221.3381
221.3381
221.3381
221.2281
221.2281
221.2281
221.0963
221.0963
221.0963
221.0963
220.8112
220.8112
220.8112
220.4453
220.4453
220.3817
219.9727
219.9727
219.9727
219.9727
219.4815
219.4815
219.4815
219.4815
219.4815
219.4815
219.0679
219.0679
219.0679
219.0679
219.0679
219.0679
218.7565
218.7565
218.7565
218.7565
218.5195
218.3604
218.3604
218.3604
218.3604
218.3604
218.3604
218.3604
218.3604
218.3604
218.3604
218.3604
218.3604
218.3604
218.3604
218.1499
218.1499
218.1499
218.1499
217.8716
217.8716
217.6225
217.6225
217.6225
217.6225
217.6225
217.0533
217.0533
217.0533
216.8419
216.8419
216.8419
216.8419
216.8419
216.7327
216.705
216.5994
216.562
216.4625
216.3533
216.0653
216.0653
215.9561
215.9561
215.8189
215.7384
215.623
215.623
215.4152
215.4152
215.4152
215.4152
215.4027
215.4027
215.3439
215.3439
215.2933
215.2933
215.2556
215.2556
215.2556
215.2005
215.2005
215.2005
215.2005
215.1927
215.0474
214.6349
214.6349
214.6349
214.5644
214.4988
214.4937
214.4937
214.4937
214.4791
214.3932
214.3932
214.2045
214.2045
214.2045
214.2045
214.2045
214.2045
214.2045
214.1402
214.1402
214.1402
214.1402
214.1402
214.1402
214.1402
214.1402
214.1402
214.1402
214.1402
214.1402
214.1402
214.1402
214.1402
214.1402
214.1402
214.1402
214.1402
214.1402
214.1357
214.1357
214.1357
214.1357
214.1357
214.0223
213.9511
213.9511
213.9511
213.8651
213.5982
213.5982
213.5982
213.5982
213.5982
213.5982
213.5982
213.5982
213.5964
213.5964
213.5964
213.5964
213.5949
213.5949
213.5949
213.5063
213.5063
213.3588
213.3588
213.3588
213.1989
213.1195
213.1195
213.0849
213.0849
213.0849
212.8799
212.8799
212.8799
212.8799
212.3039
212.3039
212.3039
212.3039
212.3039
212.3039
212.3039
212.3039
212.3039
212.3039
212.3039
212.1835
212.1835
212.1835
212.1498
212.0294
212.0016
212.0016
212.0016
211.8777
211.8687
211.703
211.703
211.589
211.589
211.589
211.5026
211.4353
211.4353
211.4353
211.4242
211.4242
211.1956
211.1956
211.1956
211.1956
211.1956
211.1956
211.178
211.178
211.1679
211.1679
210.5363
210.5363
210.5363
210.5363
210.5363
210.5363
210.5363
210.5363
210.5363
210.5363
210.5363
210.5363
210.5363
210.5363
210.5363
210.5363
210.5363
210.4454
210.4454
210.4454
210.4454
210.4454
210.4454
210.3682
210.3682
210.3654
209.7515
209.7515
209.7515
209.7515
209.7515
209.7515
209.6938
209.6565
209.5896
209.5896
209.5896
209.5089
209.3743
209.3743
209.3564
209.294
209.0407
208.871
208.871
208.871
208.871
208.871
208.871
208.871
208.871
208.871
208.871
208.871
208.871
208.6886
208.6886
208.4878
208.4878
208.4878
208.3054
208.2677
208.2677
208.1821
208.1821
208.1255
208.1255
208.1255
207.9574
207.9574
207.9574
207.9231
207.9231
207.9231
207.9231
207.9231
207.8477
207.8477
207.8477
207.8477
207.8477
207.8477
207.8477
207.8322
207.75
207.75
207.75
207.75
207.75
207.75
207.6933
207.6933
207.6933
207.199
207.199
207.199
207.199
207.199
207.199
207.199
207.1036
207.1036
206.9076
206.9076
206.9076
206.9076
206.9076
206.9076
206.8195
206.8195
206.8195
206.5047
206.5047
206.4784
206.4784
206.3111
206.3111
206.3111
206.3111
206.3111
206.3111
206.3111
206.3111
206.3111
206.3111
206.3111
206.3111
206.3111
206.3111
206.3111
206.3111
206.3111
206.3111
206.3111
206.3111
206.3111
206.3111
206.1302
206.1302
206.1302
206.1302
206.1302
206.1302
206.0503
206.0503
205.966
205.9605
205.7005
205.5439
205.5439
205.3685
205.3685
205.2643
205.2643
205.2643
205.2278
205.1488
205.1488
205.1488
205.1488
204.8623
204.8623
204.8623
204.8623
204.8623
204.8605
204.7832
204.7832
204.745
204.745
204.6434
204.6051
204.6051
204.5877
204.5359
204.5359
204.5359
204.4478
204.3909
204.1045
204.1045
204.1045
204.1045
204.1045
204.085
204.085
204.085
203.9646
203.9646
203.9646
203.9646
203.9646
203.9646
203.9646
203.9646
203.9646
203.9646
203.9646
203.9646
203.9163
203.9143
203.7766
203.7455
203.7209
203.7209
203.5806
203.5806
203.5806
203.4751
203.4751
203.4751
203.4302
203.4302
203.4302
203.2663
203.1882
203.1882
203.1882
203.1882
203.1629
203.1449
203.1449
203.1205
203.1205
202.9478
202.9184
202.7016
202.6272
202.6272
202.4115
202.4115
202.3397
202.3397
202.3397
202.3397
202.3397
202.3397
202.3397
202.3397
202.3397
202.3397
202.3397
202.3397
202.3397
202.3397
202.3397
202.3397
202.3397
202.3397
202.3397
202.3397
202.3397
202.3397
202.3397
202.3397
202.3397
202.3397
202.3397
202.3397
202.3397
202.3397
202.3397
202.3397
202.3397
202.3397
202.3397
202.3397
202.3397
202.3397
202.3397
202.3397
202.3397
202.3397
202.3397
202.3397
202.3397
202.2672
202.2672
202.2672
202.1005
202.1005
202.1005
202.1005
201.8969
201.8969
201.8969
201.8969
201.8969
201.8969
201.8969
201.8969
201.8969
201.8969
201.8969
201.8969
201.8969
201.8551
201.8551
201.8551
201.8551
201.8551
201.8312
201.8312
201.6472
201.6285
201.6285
201.6285
201.6285
201.4796
201.4796
201.4796
201.364
201.364
201.0831
201.0831
201.0831
201.01
201.01
200.8653
200.8653
200.5756
200.5756
200.5756
200.5756
200.5756
200.5756
200.5756
200.5756
200.5756
200.5756
200.2687
200.2687
200.2687
200.2687
200.2687
200.2687
200.2687
200.2687
200.2687
200.2687
200.2687
200.2687
200.2687
199.9806
199.9806
199.9806
199.8665
199.8665
199.8665
199.8665
199.8665
199.8665
199.8665
199.8665
199.8665
199.381
199.381
199.3806
199.3806
199.3806
199.2597
198.7908
198.7908
198.7908
198.7908
198.7908
198.7498
198.7498
198.2307
198.2307
198.2307
198.2307
198.2307
198.2307
198.2307
198.2307
198.2307
197.9387
197.9387
197.3512
197.3512
197.3512
197.04
197.04
197.04
197.04
197.04
197.04
196.7683
196.7683
196.7683
196.6412
196.6412
196.6412
196.6412
196.6412
196.6412
196.3008
196.3008
196.3008
196.3008
196.3008
196.0102
196.0102
196.0102
196.0102
196.0102
196.0102
196.0102
196.0102
195.9732
195.9732
195.9732
195.9732
195.9225
195.673
195.673
195.673
195.673
195.673
195.5708
195.3875
195.3875
195.3108
195.1549
195.1549
195.1549
195.1549
195.1549
195.1549
195.1549
195.1549
195.0032
195.0032
195.0032
195.0032
195.0032
194.7521
194.7385
194.7385
194.6969
194.6969
194.6753
194.6753
194.5554
194.5554
194.5554
194.5209
194.5209
194.5209
194.4793
194.3378
194.3378
194.0735
194.0735
194.0735
194.0735
194.0735
194.0735
194.0735
194.0735
194.0735
194.0735
194.0735
194.0735
194.0735
194.0735
194.0735
194.0735
194.0735
194.0735
193.6901
193.6901
193.6901
193.6901
193.6901
193.6901
193.6901
193.6901
193.6901
193.6901
193.6901
193.4724
193.4724
193.4724
193.4724
193.4724
193.4724
193.4724
193.3825
193.3825
193.0939
193.0939
193.0939
193.0939
193.024
193.024
193.0133
192.9588
192.8415
192.8415
192.6647
192.6647
192.6647
192.5841
192.3203
192.2918
192.2918
192.1378
192.1378
191.9309
191.9309
191.9309
191.9309
191.9309
191.7484
191.7484
191.7484
191.7484
191.7484
191.7484
191.7484
191.565
191.565
191.565
191.565
191.565
191.565
191.565
191.565
191.565
191.4692
191.3876
191.3876
191.3876
191.3876
191.3876
191.3876
191.3876
191.3876
191.3876
191.3876
191.2213
191.2213
191.2213
191.2213
191.2213
191.2206
191.2206
191.2206
191.2206
191.1665
191.1197
191.1197
191.0985
191.0985
191.0985
191.0185
190.9215
190.7747
190.7747
190.6172
190.5762
190.5762
190.5762
190.5762
190.3777
190.3777
190.3777
190.3777
190.3777
190.3777
190.0675
190.0675
190.0675
190.0675
190.0675
190.0644
190.0644
189.991
189.991
189.991
189.991
189.991
189.991
189.991
189.991
189.991
189.991
189.991
189.9104
189.9104
189.9104
189.9104
189.7265
189.7265
189.7265
189.7265
189.6958
189.6958
189.6958
189.6958
189.4672
189.4672
189.4672
189.2526
189.2526
189.2526
189.2526
189.2526
189.2526
189.2526
189.2526
189.2526
189.1367
189.1367
189.1367
189.1367
189.1367
189.1367
189.1367
189.1367
188.7595
188.7595
188.7595
188.7595
188.7595
188.7595
188.5981
188.5981
188.5776
188.5776
188.5776
188.5776
188.5776
188.5776
188.5776
188.5776
188.5776
188.5776
188.5776
188.5776
188.5776
188.5776
188.5776
188.5776
188.5776
188.5316
188.5316
188.5316
188.5316
188.5316
188.5316
188.5316
188.5316
188.5316
188.5316
188.5316
188.5316
188.4371
188.4371
188.4371
188.4371
188.4371
188.4371
188.1813
188.1813
188.1813
188.1813
188.1813
188.1726
188.013
187.91
187.6544
187.6544
187.6544
187.6544
187.4251
187.4251
187.4251
187.1836
187.1836
187.1836
187.1836
187.1836
187.1836
187.1836
187.1836
187.1836
187.1836
187.1836
187.1836
187.1836
187.1836
187.1836
187.1836
187.1836
187.1836
187.1836
187.1836
187.1836
187.151
187.151
187.151
187.151
187.151
187.151
187.151
187.151
187.151
187.151
187.151
186.9548
186.9548
186.9548
186.9548
186.7732
186.7732
186.7732
186.7732
186.7204
186.5051
186.5051
186.5051
186.4449
186.4449
186.4449
186.4449
186.4449
186.4449
186.4449
186.4449
186.4449
186.4449
186.1952
186.1952
186.1952
186.1952
186.1952
185.8865
185.8865
185.8865
185.8865
185.8865
185.7901
185.5833
185.2893
185.2893
185.2893
185.2893
185.2893
185.2893
185.2893
185.2893
185.2893
185.2003
185.2003
185.2003
185.2003
185.2003
185.2003
185.2003
185.2003
185.2003
185.2003
185.2003
185.2003
185.0123
185.0123
185.0123
184.9264
184.9264
184.5245
184.5245
184.5245
184.5245
184.5245
184.5245
184.5245
184.5245
184.5245
184.5245
184.3094
184.3094
184.3094
184.1867
184.1867
184.1867
184.1867
184.1867
184.1867
184.1867
184.1867
184.1867
184.1867
184.1867
184.1867
184.1867
184.1867
184.1867
184.1738
184.1738
184.1738
184.0472
184.0472
184.0472
184.0472
184.0276
183.8227
183.6895
183.4913
183.4913
183.4899
183.25
183.25
183.25
183.25
183.1813
183.1813
183.1813
183.1813
183.0725
182.6439
182.6439
182.638
182.6156
182.6156
182.5981
182.5981
182.5981
182.5981
182.5981
182.5981
182.5981
182.5981
182.5885
182.5885
182.5885
182.5885
182.5885
182.5391
182.5124
182.5124
182.5124
182.1736
182.1736
182.1736
182.1736
182.1736
181.9631
181.9631
181.9631
181.9631
181.9631
181.9631
181.9631
181.9631
181.9631
181.9631
181.9421
181.9421
181.9421
181.9421
181.9421
181.9421
181.9421
181.9421
181.9421
181.9421
181.9421
181.9421
181.9421
181.9421
181.9421
181.9421
181.9421
181.9421
181.9421
181.9421
181.9421
181.9421
181.9421
181.9421
181.9421
181.9421
181.9421
181.9421
181.9421
181.9421
181.8371
181.8371
181.8371
181.7737
181.6527
181.6527
181.5443
181.5443
181.5443
181.5443
181.5443
181.5443
181.5443
181.5443
181.4775
181.464
181.464
181.464
181.464
181.464
181.464
181.362
181.3216
181.3216
181.3216
181.3216
181.2759
181.2759
181.1174
181.1174
181.1174
181.1174
181.0717
181.0717
181.0467
180.9293
180.9293
180.9293
180.7948
180.7948
180.7948
180.7948
180.7948
180.7948
180.7948
180.7948
180.7948
180.7948
180.7948
180.7948
180.7948
180.7948
180.7948
180.7948
180.7948
180.7948
180.7948
180.7948
180.7948
180.7948
180.7948
180.7948
180.7948
180.7948
180.7948
180.7948
180.7948
180.6742
180.6742
180.6742
180.6742
180.631
180.631
180.631
180.631
180.6032
180.6032
180.6032
180.6013
180.4099
180.3717
180.3717
180.3717
180.3717
180.3717
180.1784
180.1784
180.1784
180.1784
180.0908
180.0477
180.0477
179.9602
179.9602
179.8995
179.8597
179.8597
179.6143
179.6143
179.6143
179.6143
179.6143
179.6143
179.4513
179.4513
179.4513
179.4513
179.4513
179.4513
179.4513
179.3545
179.3545
179.285
179.2482
179.2482
179.1325
179.0854
179.0252
179.0252
179.0252
178.9565
178.9565
178.9565
178.9565
178.9565
178.8103
178.8103
178.5207
178.5207
178.5207
178.5207
178.49
178.49
178.49
178.49
178.49
178.49
178.49
178.49
178.49
178.2064
178.2064
178.16
178.112
178.112
178.112
177.9854
177.9854
177.9612
177.9612
177.9612
177.8669
177.8669
177.8669
177.8427
177.8427
177.8427
177.8427
177.8427
177.8427
177.8427
177.8427
177.8427
177.8427
177.8427
177.7259
177.7259
177.7259
177.7259
177.5285
177.5285
177.5285
177.5285
177.5285
177.5285
177.5285
177.5285
177.4803
177.4803
177.4803
177.4803
177.4803
177.4803
177.4803
177.4803
177.4803
177.4558
177.4558
177.4558
177.2194
177.2194
177.2194
177.2194
177.2194
176.9898
176.9898
176.9898
176.9898
176.9898
176.9898
176.9898
176.9898
176.9898
176.9898
176.9898
176.9898
176.9898
176.9898
176.9898
176.9898
176.9898
176.9062
176.9062
176.9062
176.9062
176.8312
176.7393
176.7393
176.4658
176.4658
176.4302
176.4302
176.4277
176.2801
176.2801
176.2801
176.2801
176.2801
176.2801
176.2801
176.2801
176.1525
176.1525
176.1525
176.1525
176.1251
176.1251
176.118
175.6882
175.6882
175.6882
175.6882
175.6882
175.6882
175.6882
175.6609
175.6609
175.6609
175.6609
175.6536
175.6536
175.6536
175.6536
175.5534
175.3135
175.3135
175.3135
175.3135
175.3135
175.3135
175.2339
175.2339
175.2339
175.2339
175.2339
175.2339
175.2339
175.2339
175.201
175.201
175.1678
175.1678
175.1678
175.1638
175.1638
175.0421
174.9383
174.9383
174.9383
174.9383
174.8581
174.8581
174.8581
174.8581
174.8051
174.8051
174.8051
174.8051
174.7202
174.7202
174.7202
174.5546
174.5546
174.5546
174.5546
174.2388
174.2388
174.2379
174.2379
174.1759
174.1759
174.1759
174.1434
174.1434
173.9346
173.9346
173.9266
173.9266
173.9266
173.7507
173.7507
173.7153
173.7153
173.6313
173.6313
173.6313
173.5572
173.5572
173.5191
173.5084
173.5084
173.3523
173.3523
173.3523
173.3523
173.3523
173.2337
173.2337
173.0529
173.0529
173.0529
173.0529
173.0529
173.0529
173.0529
173.0529
173.0529
173.0529
173.0529
173.0529
173.0529
173.0529
173.0529
173.0529
173.0529
173.0529
173.0529
173.0529
173.0529
173.0529
173.0529
173.0529
173.0529
173.0529
173.0153
173.0153
172.9326
172.9326
172.6355
172.6355
172.6355
172.6355
172.6355
172.6355
172.6355
172.6355
172.5527
172.5527
172.5527
172.5527
172.5527
172.5394
172.4373
172.4373
172.4373
172.4373
172.396
172.2529
172.2529
172.1839
172.1839
172.1839
172.1839
172.1839
172.1839
172.1614
172.0242
172.0242
172.0242
172.0242
172.0242
171.9827
171.9827
171.9827
171.9827
171.9827
171.9827
171.9827
171.6768
171.6768
171.6768
171.6768
171.5756
171.5756
171.5756
171.5756
171.5756
171.5756
171.5756
171.5339
171.5339
171.5339
171.5339
171.5339
171.5339
171.5105
171.5105
171.5105
171.5105
171.5105
171.5105
171.5105
171.5105
171.5105
171.5105
171.5105
171.5105
171.5105
171.5105
171.5105
171.5105
171.5105
171.5105
171.5105
171.5105
171.5105
171.3187
171.3187
171.1162
171.1162
171.1162
171.1162
171.1162
171.0854
170.9573
170.9525
170.7867
170.7867
170.5017
170.5017
170.5017
170.3376
170.3376
170.3124
170.2667
170.204
170.204
169.9761
169.8906
169.8906
169.7981
169.7921
169.7921
169.4979
169.4767
169.4767
169.4767
169.4767
169.3861
169.2022
169.1058
169.1058
169.0934
168.3707
168.3707
168.3575
168.3171
168.1224
167.9461
167.9461
167.9461
167.9461
167.9461
167.8825
167.8393
167.7682
167.7682
167.7682
167.6809
167.6809
167.6809
167.6809
167.6809
167.6809
167.6809
167.5708
167.5708
167.5708
167.5708
167.5708
167.5708
167.5708
167.5708
167.5708
167.5708
167.5425
167.5425
167.5274
167.5274
167.5274
167.5274
167.5274
167.5274
167.4901
167.4901
167.3527
167.1317
167.1317
167.1317
167.1317
167.1317
166.8974
166.8974
166.8106
166.7839
166.7839
166.7839
166.7109
166.7109
166.7109
166.7109
166.7109
166.7109
166.7109
166.7109
166.7109
166.7109
166.7109
166.7109
166.7109
166.7109
166.7109
166.7109
166.7109
166.7109
166.7109
166.7109
166.7109
166.7109
166.7109
166.7109
166.7109
166.7109
166.7109
166.7109
166.7109
166.7109
166.7109
166.7109
166.7109
166.7109
166.7109
166.7109
166.7109
166.7109
166.443
166.443
166.443
166.443
166.3788
166.3788
166.3788
166.3788
166.3066
166.2424
166.2424
166.2424
166.2424
166.2424
166.2368
166.2368
166.2368
165.7775
165.7775
165.7775
165.7775
165.7775
165.7775
165.7775
165.7775
165.5912
165.586
165.586
165.5557
165.5557
165.5557
165.5557
165.5557
165.5557
165.5557
165.5557
165.5557
165.5557
165.3364
165.3364
165.3364
165.3364
165.3364
165.3364
165.3364
165.3364
165.3364
165.3364
165.3364
165.3364
165.3364
165.3364
165.3364
165.3364
165.3364
165.3364
165.3364
165.3364
165.3364
165.3364
165.3364
165.3364
165.3364
165.3364
165.1954
165.1773
165.1773
165.1773
165.1773
165.1773
165.1773
165.1773
165.1773
165.1773
165.1773
165.1773
165.1773
165.1773
165.1773
165.1773
165.1283
165.1283
165.1283
165.1283
165.1283
165.1283
165.1283
165.1283
165.1283
165.1283
165.1283
165.1283
165.1283
165.1283
165.1283
164.9124
164.9124
164.9124
164.9124
164.9124
164.9124
164.9124
164.9096
164.865
164.865
164.865
164.6284
164.6122
164.6122
164.5604
164.5604
164.5604
164.5604
164.5604
164.5604
164.5604
164.492
164.492
164.492
164.4273
164.4273
164.4273
164.4273
164.4273
164.4273
164.4273
164.0913
164.0913
164.0913
164.0913
164.0913
164.0913
164.0913
164.0913
164.0913
164.0913
164.0913
164.0913
164.0913
164.0913
164.0913
163.9867
163.9867
163.884
163.884
163.884
163.884
163.884
163.884
163.884
163.7779
163.7779
163.745
163.745
163.7264
163.6352
163.459
163.459
163.459
163.459
163.459
163.459
163.2354
163.2354
163.2354
163.1166
163.1166
163.0592
163.0592
163.0592
163.0592
163.0592
163.0592
163.0592
163.0592
163.0592
163.0592
163.0592
163.0592
163.0592
163.0592
163.0592
163.0592
163.0592
163.0592
163.0592
163.0592
163.0592
163.0592
163.0592
163.0592
163.0592
163.0592
163.0592
163.0592
162.9407
162.9203
162.9203
162.9203
162.8046
162.8018
162.8018
162.7285
162.7285
162.7285
162.7285
162.7285
162.7285
162.7285
162.7285
162.7285
162.7285
162.7285
162.7285
162.7285
162.7285
162.7285
162.7285
162.7285
162.7285
162.7285
162.7285
162.7285
162.7285
162.7285
162.7285
162.7285
162.7285
162.7285
162.7285
162.7285
162.7285
162.7285
162.7285
162.7285
162.7285
162.7285
162.7026
162.7026
162.7026
162.7026
162.7026
162.7026
162.7026
162.7026
162.7026
162.7026
162.7026
162.7026
162.7026
162.7026
162.7026
162.7026
162.7026
162.7026
162.7026
162.7026
162.7026
162.7026
162.6791
162.6791
162.6791
162.6791
162.6791
162.6791
162.5763
162.5763
162.5763
162.5763
162.5763
162.5763
162.5763
162.5763
162.5763
162.5763
162.5763
162.5763
162.5763
162.5763
162.5763
162.5763
162.5763
162.5763
162.5763
162.5763
162.5763
162.5763
162.5763
162.5763
162.5763
162.5763
162.5763
162.5763
162.5763
162.5763
162.5763
162.5763
162.5763
162.5763
162.5763
162.5763
162.5763
162.5763
162.5763
162.5763
162.5763
162.5763
162.5763
162.5763
162.5763
162.5763
162.5763
162.5763
162.5763
162.5763
162.5763
162.5763
162.5763
162.5763
162.5763
162.5763
162.5763
162.555
162.555
162.555
162.5175
162.5175
162.5175
162.4989
162.4221
162.3793
162.3793
162.3674
162.3674
162.229
162.229
162.229
162.229
162.229
162.1353
162.1353
162.1353
162.1353
162.1353
162.039
162.039
161.9453
161.8591
161.8591
161.8591
161.8591
161.8248
161.8248
161.8248
161.8248
161.8248
161.7319
161.6557
161.6557
161.6557
161.6557
161.6557
161.6557
161.6557
161.6557
161.6557
161.6557
161.6557
161.5929
161.5929
161.5929
161.5929
161.568
161.568
161.568
161.568
161.1244
161.1244
161.1244
161.1244
161.1244
161.1244
161.1244
161.1244
161.1244
161.1244
161.1244
161.1244
161.1244
160.986
160.986
160.986
160.986
160.8375
160.8375
160.8375
160.8375
160.8375
160.8375
160.8375
160.8375
160.7231
160.6389
160.6389
160.6389
160.6389
160.6389
160.5115
160.5115
160.5115
160.403
160.403
160.403
160.403
160.403
160.403
160.403
160.403
160.403
160.403
160.403
160.403
160.403
160.403
160.403
160.403
160.403
160.1729
160.1729
160.1729
160.1729
160.1729
160.1729
160.1729
160.0981
160.0606
160.0606
160.0606
159.8411
159.8411
159.8411
159.8411
159.8411
159.8411
159.8411
159.8411
159.8411
159.8411
159.7843
159.7843
159.7843
159.5753
159.5753
159.5753
159.3938
159.3938
159.3704
159.3704
159.3704
159.2632
159.1725
159.1725
159.1725
159.1725
159.0939
159.0939
159.0939
159.0939
159.0939
159.0939
159.0939
159.0939
159.0939
159.0939
159.0939
158.9516
158.9516
158.9516
158.9516
158.9516
158.9516
158.9516
158.9516
158.9516
158.9516
158.9516
158.9516
158.9516
158.9516
158.9516
158.9021
158.9021
158.9021
158.9021
158.9021
158.8152
158.8152
158.7018
158.7018
158.7018
158.7018
158.7018
158.7018
158.7018
158.7018
158.7018
158.7018
158.7018
158.7018
158.7018
158.7018
158.7018
158.7018
158.7018
158.7018
158.5685
158.5685
158.5685
158.3725
158.3725
158.3725
158.3346
158.3346
158.1223
157.9377
157.9377
157.9377
157.9377
157.8725
157.8725
157.8725
157.8725
157.8725
157.8619
157.8619
157.8619
157.8619
157.8619
157.8619
157.8619
157.8619
157.6809
157.6809
157.6809
157.6809
157.6809
157.6809
157.6082
157.6082
157.6082
157.6082
157.6082
157.5763
157.5763
157.5763
157.5763
157.2197
157.2197
157.1241
157.1241
157.1241
157.1241
157.1241
157.1241
157.1241
157.1241
157.1241
157.1241
157.1241
157.1241
157.1241
157.1241
157.1241
157.1241
157.1241
157.1241
157.0832
157.0832
157.0832
157.0832
157.0832
157.0832
157.0832
157.0761
157.0761
157.0761
157.0761
157.0761
157.0761
157.0761
157.0761
157.0761
157.0761
157.0761
157.0761
157.0761
157.0761
157.0761
157.0761
157.0761
157.0437
157.0437
157.0437
156.9418
156.9418
156.9418
156.8699
156.8699
156.8699
156.8699
156.8699
156.8699
156.8699
156.8699
156.8699
156.8699
156.8699
156.8699
156.8699
156.8699
156.8699
156.8699
156.8699
156.8699
156.8699
156.8699
156.8699
156.8699
156.8699
156.8699
156.8699
156.8699
156.7851
156.7851
156.7851
156.7851
156.7733
156.5526
156.5526
156.5216
156.5216
156.5216
156.5216
156.4887
156.4887
156.1124
156.1124
156.1124
156.1124
156.1124
156.1124
156.1124
156.1124
156.1124
156.1124
156.1124
156.1124
156.1124
156.1124
156.1124
156.1124
156.1124
156.1124
156.0473
156.0473
156.0473
156.0473
156.0473
156.0473
156.0473
156.0473
156.0473
156.0473
156.0473
156.0473
156.0473
156.0473
156.0473
156.0473
156.0131
156.0131
155.9704
155.9704
155.9704
155.9704
155.9704
155.9704
155.9704
155.9704
155.9704
155.9704
155.9704
155.9704
155.9704
155.9704
155.9704
155.9704
155.9704
155.9704
155.9704
155.9704
155.9704
155.8724
155.8724
155.8724
155.8724
155.8724
155.8724
155.8724
155.8724
155.7097
155.7097
155.7097
155.7097
155.7097
155.7097
155.7097
155.5755
155.5755
155.5755
155.5755
155.5755
155.5755
155.5755
155.5755
155.5755
155.3894
155.3894
155.3894
155.3894
155.3108
155.3108
155.3108
155.1674
155.1674
155.1674
155.1674
155.1674
155.1674
155.0506
155.0506
155.0506
155.0506
155.0506
154.9812
154.9812
154.9812
154.9812
154.9812
154.9812
154.9812
154.9812
154.9812
154.9812
154.9812
154.9812
154.9812
154.9812
154.9812
154.9812
154.9812
154.9812
154.9812
154.9812
154.9812
154.9812
154.9812
154.9812
154.9812
154.9812
154.9812
154.9812
154.9812
154.9812
154.9812
154.9812
154.9812
154.9812
154.9812
154.9812
154.9812
154.9812
154.9751
154.9751
154.9464
154.9464
154.9464
154.9464
154.9464
154.9043
154.7527
154.6418
154.6418
154.6418
154.6418
154.6418
154.6418
154.6418
154.6418
154.6418
154.6418
154.6418
154.6418
154.6418
154.6418
154.6418
154.6418
154.6418
154.6418
154.6418
154.6418
154.6418
154.6418
154.6418
154.5802
154.5802
154.5802
154.5802
154.5802
154.5802
154.5802
154.5802
154.5802
154.5802
154.5802
154.5802
154.5802
154.5802
154.5802
154.4393
154.4393
154.4393
154.3427
154.3427
154.3427
154.3427
154.2282
154.2282
154.2282
154.2282
154.2282
154.2282
154.2282
154.1889
154.1889
154.0545
154.0545
153.9224
153.9224
153.9224
153.8737
153.8737
153.8737
153.8737
153.7146
153.7146
153.5604
153.5604
153.5604
153.4284
153.4284
153.4284
153.4284
153.3763
153.3763
153.3763
153.3763
153.285
153.285
153.285
153.285
153.285
153.285
153.2845
153.2845
153.2845
153.1864
153.1864
153.1864
153.1864
153.1864
153.1864
153.1864
153.1864
153.1864
153.1864
153.1864
153.1864
153.1864
153.1864
153.1864
153.1864
153.1864
153.1864
153.1864
153.1864
153.1864
153.1864
153.1864
153.1864
153.1864
153.1864
153.1864
153.1864
153.1864
153.1864
153.1864
153.1864
153.1864
153.1864
153.1864
153.1864
153.1864
153.1864
153.1864
153.1864
153.1864
153.1864
153.1864
153.1864
153.1864
153.1864
153.1864
153.1864
153.1864
153.1864
153.1864
153.1864
153.1864
153.1864
153.1864
153.1864
153.1864
153.1864
153.1864
153.1864
153.1864
153.1864
153.1864
153.1864
153.1864
153.1864
153.1864
153.1864
153.1864
153.1864
153.1864
153.0146
153.0146
152.9617
152.9617
152.9617
152.9161
152.7537
152.7537
152.7537
152.7537
152.7458
152.7458
152.7458
152.7458
152.7458
152.7458
152.7458
152.7458
152.7458
152.7458
152.7458
152.7458
152.7458
152.7458
152.7458
152.7458
152.7458
152.7458
152.7458
152.7458
152.7458
152.7458
152.7458
152.7458
152.7458
152.7458
152.7458
152.7458
152.7458
152.7458
152.7458
152.7458
152.7458
152.7458
152.7458
152.7458
152.7458
152.6993
152.6993
152.6993
152.6993
152.6993
152.6993
152.6993
152.6993
152.6993
152.4545
152.4545
152.4545
152.4545
152.4545
152.429
152.429
152.429
152.429
152.429
152.3151
152.3151
152.3151
152.3151
152.3149
152.3149
152.3149
152.3149
152.3149
152.3149
152.2146
152.1797
152.1797
152.1797
152.1797
152.1797
152.1797
152.1797
152.1797
152.1399
152.1399
152.1399
152.0737
152.0737
152.0737
152.0692
151.9501
151.9457
151.9457
151.9457
151.9457
151.9457
151.9457
151.9457
151.9457
151.917
151.917
151.8291
151.8291
151.6497
151.6452
151.6452
151.6452
151.6452
151.6452
151.4588
151.4588
151.4588
151.4588
151.4398
151.4398
151.4398
151.3392
151.3392
151.247
151.247
151.247
151.247
151.247
151.247
151.247
151.247
151.247
151.247
151.247
151.247
151.247
151.247
151.247
151.247
151.247
151.247
151.247
150.9846
150.9846
150.9846
150.9846
150.9846
150.9846
150.9846
150.9846
150.9846
150.9846
150.9846
150.9846
150.9846
150.9567
150.9567
150.9567
150.9567
150.8722
150.8722
150.8722
150.8722
150.8722
150.8636
150.6077
150.6077
150.6077
150.4572
150.4572
150.4572
150.4572
150.3716
150.3716
150.2211
150.2211
150.2211
150.2211
150.2211
150.2211
150.2211
149.9954
149.9954
149.9954
149.9954
149.9954
149.9954
149.9954
149.9954
149.9954
149.9954
149.9954
149.9954
149.9954
149.9954
149.9954
149.9954
149.9954
149.9954
149.9954
149.9954
149.9954
149.9954
149.9954
149.9954
149.9954
149.9954
149.9954
149.9954
149.9448
149.9448
149.9448
149.9448
149.9448
149.9448
149.9448
149.9448
149.7017
149.7017
149.7017
149.7017
149.6791
149.6791
149.2663
149.2663
149.2663
149.2663
149.2663
149.0015
149.0015
149.0015
149.0015
149.0015
149.0015
149.0015
149.0015
149.0015
149.0015
149.0015
149.0015
149.0015
149.0015
149.0015
149.0015
149.0015
149.0015
149.0015
149.0015
149.0015
149.0015
149.0015
149.0015
149.0015
149.0015
149.0015
149.0015
149.0015
149.0015
149.0015
149.0015
148.7983
148.7983
148.7983
148.7983
148.7983
148.7983
148.7983
148.7983
148.7983
148.7983
148.7486
148.6407
148.6407
148.6407
148.6407
148.5849
148.5418
148.5418
148.5418
148.5418
148.5418
148.5418
148.5126
148.1459
148.1459
148.1459
148.1459
148.1459
148.1459
148.1459
148.1459
148.1459
148.1459
148.1459
148.1459
148.1459
148.1459
148.1459
148.1459
148.1459
148.1459
148.1459
148.1459
148.1459
148.1459
148.1459
148.1459
148.1459
148.1459
148.1459
148.1459
148.1459
148.1459
148.1459
148.1459
148.1459
148.1459
148.1459
148.1459
148.1459
148.1459
148.1459
148.1459
148.1459
148.1459
148.1459
148.1459
148.1459
148.1459
148.1459
148.1459
148.1459
148.1459
148.1459
148.1459
148.1459
148.1459
148.1459
148.1459
148.1459
148.1459
148.1192
148.1192
148.1192
148.1192
147.9332
147.9332
147.9332
147.9332
147.9332
147.9332
147.9332
147.8217
147.8217
147.8217
147.8217
147.8217
147.8217
147.7679
147.7679
147.7679
147.6934
147.4504
147.4504
147.3964
147.3964
147.3684
147.3596
147.2988
147.2988
147.2988
147.2988
147.262
147.262
147.262
147.262
147.262
147.262
147.262
147.262
147.262
147.262
147.262
147.262
147.262
147.262
147.262
147.262
147.262
147.262
147.262
147.262
147.262
147.262
147.262
147.262
147.262
147.262
147.262
147.262
147.262
147.262
147.262
147.262
147.262
147.262
147.262
147.262
147.262
147.262
147.262
147.262
147.262
147.262
147.262
147.262
147.262
147.262
147.262
147.262
147.262
147.1663
147.1663
147.1663
147.1663
147.1663
147.1663
147.1663
147.1663
147.1663
147.1663
147.1663
147.1663
147.1663
147.1573
147.1573
147.1573
147.1451
147.0365
146.9942
146.9942
146.6072
146.6072
146.6072
146.6072
146.6072
146.6072
146.489
146.489
146.489
146.489
146.489
146.3802
146.3802
146.3802
146.3802
146.3802
146.3802
146.341
146.2116
146.2116
146.2116
146.2116
146.2116
145.9673
145.9673
145.9673
145.9673
145.9673
145.9462
145.9462
145.9462
145.9462
145.872
145.6827
145.6827
145.6827
145.6827
145.6827
145.6827
145.6827
145.6827
145.6827
145.6827
145.6827
145.6827
145.6827
145.6827
145.6827
145.6827
145.6827
145.6827
145.6827
145.6827
145.6827
145.6827
145.6827
145.6827
145.6827
145.6827
145.6827
145.6827
145.6185
145.6185
145.6185
145.6185
145.6185
145.6185
145.6185
145.5792
145.5792
145.5792
145.5792
145.5792
145.5792
145.5792
145.5792
145.4869
145.4869
145.4869
145.4869
145.4869
145.4869
145.4381
145.431
145.431
145.431
145.431
145.4011
145.4011
145.4011
145.4011
145.4011
145.4011
145.3483
145.3483
145.3483
145.3483
145.3483
145.3483
145.3257
145.1018
145.1018
145.0847
145.0847
145.0847
145.0847
145.0847
145.0847
145.0847
145.0847
145.0847
145.0847
145.0847
145.0847
145.0847
145.0847
145.0847
145.0847
145.0847
145.0847
145.0847
145.0847
145.0847
145.0847
145.0847
145.0847
145.0847
145.0847
145.0847
145.0847
145.0847
145.0847
145.0847
145.0847
145.0847
145.0847
145.0847
145.0847
145.0847
145.0847
145.0847
144.8497
144.8497
144.8497
144.8497
144.8497
144.8497
144.8497
144.8497
144.8497
144.8497
144.8497
144.8497
144.8497
144.8497
144.8497
144.8497
144.8497
144.8497
144.8497
144.8497
144.8497
144.8497
144.8497
144.8497
144.8497
144.8497
144.8497
144.8497
144.8497
144.8476
144.8476
144.8476
144.8476
144.8476
144.8476
144.8476
144.8476
144.8476
144.8476
144.8476
144.8476
144.8476
144.8378
144.8378
144.8378
144.8378
144.8378
144.8356
144.8356
144.8356
144.8356
144.8111
144.5442
144.5442
144.5442
144.5442
144.5442
144.5442
144.5442
144.5442
144.5442
144.5442
144.5442
144.5442
144.5442
144.5442
144.5442
144.5442
144.5442
144.5442
144.5442
144.5442
144.5442
144.5442
144.5442
144.5442
144.5442
144.5442
144.5442
144.5442
144.5442
144.5442
144.5442
144.5442
144.5442
144.5442
144.5442
144.5442
144.5442
144.5442
144.5442
144.5442
144.5442
144.5442
144.5442
144.5442
144.5442
144.5442
144.5442
144.5442
144.5442
144.5442
144.5442
144.5442
144.5442
144.5442
144.5442
144.5442
144.5442
144.5442
144.5442
144.5442
144.5442
144.5442
144.5442
144.5442
144.5442
144.5442
144.5442
144.5442
144.5442
144.5442
144.5442
144.5442
144.5442
144.5442
144.5442
144.5442
144.5442
144.5442
144.5442
144.5442
144.5442
144.5442
144.5442
144.5442
144.5442
144.5442
144.5442
144.5442
144.5442
144.5442
144.5442
144.5442
144.5442
144.5442
144.5442
144.5442
144.5442
144.5442
144.5442
144.5442
144.5442
144.4848
144.4848
144.4848
144.4848
144.4848
144.4848
144.4848
144.4848
144.4848
144.4848
144.4848
144.4848
144.4848
144.4848
144.4848
144.421
144.3736
144.3736
144.3736
144.3736
144.3736
144.3736
144.3736
144.2906
144.2906
144.2906
144.2906
144.2906
144.2906
144.2906
144.2906
144.2906
144.2906
144.2906
144.2906
144.1684
144.1684
144.1684
144.1684
144.1684
144.1684
144.1684
144.1684
144.1684
144.1684
144.1684
144.1684
144.1684
144.0233
144.0233
144.0233
143.9067
143.9067
143.9067
143.9067
143.9067
143.8978
143.8978
143.7508
143.7508
143.7508
143.7508
143.7508
143.7508
143.7508
143.7508
143.7508
143.7508
143.7508
143.7508
143.7508
143.7508
143.7508
143.7508
143.7508
143.7508
143.7508
143.7508
143.7508
143.7508
143.7508
143.7508
143.7508
143.7174
143.7174
143.7174
143.7174
143.7174
143.7174
143.7174
143.7174
143.7174
143.7174
143.7174
143.7171
143.7171
143.7171
143.7171
143.7171
143.7171
143.5224
143.5224
143.5224
143.5224
143.5224
143.2206
143.2206
143.2206
143.2206
143.2206
143.2206
143.2206
143.2206
143.2206
143.2206
143.2206
143.2206
143.2206
143.2206
143.2206
143.2206
143.2206
143.2206
143.2206
143.2206
143.2206
143.2206
143.2206
143.2206
143.2206
143.2206
143.2206
143.1696
143.1696
143.1696
143.1196
143.1196
143.1196
143.1196
143.1196
143.1196
143.1196
143.1196
142.672
142.672
142.672
142.672
142.672
142.672
142.672
142.672
142.672
142.672
142.672
142.672
142.672
142.672
142.672
142.672
142.672
142.672
142.672
142.672
142.672
142.672
142.672
142.672
142.672
142.672
142.672
142.672
142.672
142.672
142.672
142.672
142.672
142.672
142.672
142.672
142.672
142.672
142.672
142.672
142.672
142.672
142.672
142.672
142.672
142.672
142.672
142.672
142.672
142.672
142.4987
142.4987
142.4987
142.4987
142.4987
142.4987
142.2785
142.2785
142.2785
142.2785
142.2785
142.2122
142.2122
142.127
142.127
142.127
142.127
142.127
141.927
141.927
141.927
141.927
141.927
141.927
141.927
141.927
141.927
141.927
141.927
141.927
141.927
141.927
141.927
141.927
141.927
141.927
141.927
141.927
141.927
141.927
141.927
141.927
141.927
141.927
141.927
141.927
141.927
141.927
141.927
141.927
141.927
141.927
141.927
141.927
141.927
141.927
141.927
141.927
141.927
141.927
141.927
141.927
141.927
141.927
141.927
141.927
141.927
141.927
141.927
141.927
141.927
141.927
141.927
141.927
141.927
141.927
141.927
141.927
141.927
141.927
141.927
141.927
141.927
141.927
141.927
141.927
141.927
141.5883
141.5777
141.5777
141.5777
141.5777
141.5777
141.5777
141.5777
141.5777
141.5777
141.5777
141.5777
141.5777
141.5777
141.5777
141.5777
141.5777
141.5777
141.5307
141.5307
141.5307
141.5307
141.5307
141.5307
141.5307
141.5307
141.5307
141.5307
141.5307
141.5307
141.5307
141.5307
141.5307
141.5307
141.5307
141.5307
141.5307
141.5307
141.5307
141.4589
141.4539
141.4539
141.4069
141.4069
141.4069
141.4069
141.4069
141.4069
141.4069
141.4069
141.4069
141.4069
141.4069
141.4069
141.4069
141.4069
141.4069
141.4069
141.4069
141.4069
141.4069
141.4069
141.4069
141.4069
141.4069
141.4069
141.4069
141.4069
141.4069
141.4069
141.4069
141.4069
141.4069
141.4069
141.4069
141.4069
141.4069
141.4069
141.4069
141.4069
141.4069
141.4069
141.4069
141.4069
141.4069
141.4069
141.4069
141.4069
141.4069
141.4069
141.4069
141.4069
141.4069
141.4069
141.4069
141.4069
141.4069
141.4069
141.4069
141.4069
141.4069
141.4069
141.4069
141.4069
141.4069
141.4069
141.4069
141.4069
141.4069
141.3405
141.1947
141.1947
141.1947
141.1947
141.1947
141.1947
141.1947
141.1947
141.1947
141.1947
141.1947
141.1947
141.1947
141.1713
141.1713
141.1713
141.1713
141.1713
141.1713
141.1713
141.1713
141.1713
141.1713
141.1713
141.1713
141.1713
141.1713
141.1713
141.1713
141.1713
141.1713
141.1713
141.1713
141.1713
141.1713
141.1713
141.1713
141.1265
141.1265
141.1265
141.1265
141.1265
141.1265
141.1265
141.1265
141.1265
141.11
141.11
141.11
141.11
141.11
140.9892
140.9892
140.9892
140.9892
140.9892
140.9892
140.9892
140.9892
140.9398
140.9398
140.9398
140.9398
140.9398
140.9398
140.8927
140.8927
140.8927
140.8927
140.8927
140.7982
140.7982
140.7982
140.7982
140.7982
140.7982
140.7295
140.7295
140.7295
140.7295
140.7295
140.7295
140.7295
140.7295
140.7295
140.7295
140.7295
140.7295
140.7295
140.7295
140.7295
140.7295
140.7295
140.7295
140.7295
140.7295
140.7295
140.7295
140.7295
140.6718
140.6718
140.6718
140.6718
140.6718
140.6718
140.6718
140.6718
140.6718
140.6718
140.6718
140.6718
140.6718
140.6447
140.6447
140.5081
140.5081
140.5081
140.5081
140.5081
140.5081
140.5081
140.3511
140.3511
140.3511
140.3511
140.3511
140.3138
140.3138
140.3138
140.1829
140.1829
140.1829
140.1829
140.1829
140.1829
140.1829
140.1829
140.1829
140.1829
140.1829
140.1829
140.1829
140.1829
139.9424
139.9424
139.9424
139.9424
139.9424
139.9424
139.8993
139.8993
139.7335
139.7335
139.7131
139.7131
139.7131
139.7131
139.7131
139.6732
139.6732
139.6732
139.6732
139.6732
139.611
139.3682
139.3682
139.3682
139.3682
139.3682
139.2974
139.2974
139.2974
139.2974
139.2974
139.2974
139.2974
139.2974
139.2974
139.2974
139.2974
139.2974
139.2974
139.2974
139.2974
139.2941
139.2941
139.2941
139.2941
139.2941
139.2941
139.2941
139.2262
139.2262
139.2262
139.2262
139.2262
139.1461
139.1461
139.1461
139.1461
139.1461
139.1461
139.1461
139.1461
139.1461
139.1461
139.1461
139.1461
139.1461
139.1082
139.0114
139.0114
139.0114
139.0114
139.0114
139.0114
139.0114
139.0114
138.741
138.741
138.741
138.741
138.741
138.741
138.741
138.741
138.741
138.741
138.741
138.741
138.741
138.741
138.741
138.741
138.741
138.741
138.741
138.741
138.741
138.741
138.741
138.741
138.741
138.741
138.741
138.741
138.741
138.741
138.741
138.5814
138.5814
138.5814
138.5814
138.5814
138.5814
138.5814
138.5814
138.5814
138.5814
138.5814
138.5814
138.5814
138.5814
138.5814
138.5814
138.5814
138.5814
138.5814
138.5814
138.5814
138.5814
138.5814
138.5814
138.5814
138.5814
138.5814
138.5814
138.5814
138.5814
138.5814
138.5814
138.5814
138.5814
138.5814
138.5814
138.5814
138.5814
138.5814
138.5814
138.5814
138.5814
138.5814
138.5814
138.5814
138.5814
138.5814
138.5814
138.5814
138.5814
138.5814
138.5814
138.5814
138.5814
138.5814
138.5814
138.5814
138.5814
138.5814
138.5814
138.5814
138.5814
138.5814
138.5814
138.5814
138.5814
138.5814
138.5814
138.5814
138.5814
138.5814
138.5814
138.5814
138.5814
138.5814
138.5814
138.5814
138.5814
138.5814
138.5814
138.5814
138.5814
138.5814
138.5814
138.5814
138.5814
138.5814
138.5814
138.5814
138.4014
138.4014
138.4014
138.4014
138.4014
138.381
138.3772
138.3772
138.3772
138.3772
138.3772
138.3772
138.3772
138.3772
138.3772
138.3772
138.3772
138.3772
138.3772
138.3772
138.3772
138.3772
138.3772
138.3772
138.3772
138.3351
138.3351
138.3351
138.3351
138.3351
138.3351
138.3351
138.3351
138.292
138.292
138.292
138.292
138.292
138.1625
138.1625
138.1625
138.1364
138.1364
138.1364
138.1364
138.1364
138.1364
138.1364
138.1364
138.1364
138.1364
138.1364
138.1364
138.1364
138.1364
138.1364
138.1364
138.1364
138.1364
138.1364
138.1364
138.1364
138.1364
138.1364
138.1364
138.1364
138.1364
138.1364
138.1364
138.1364
138.1364
138.1364
138.1364
138.1364
138.1364
138.1364
138.1364
138.1364
138.1364
138.1364
138.1364
138.1364
138.1364
138.1364
138.1364
138.1364
138.1364
138.1364
138.1364
138.1364
138.0937
138.0937
138.0937
138.0937
137.9888
137.9888
137.9888
137.9888
137.9888
137.9888
137.9888
137.9888
137.9888
137.9888
137.9888
137.9888
137.9888
137.9888
137.9888
137.9888
137.9888
137.9888
137.9888
137.9888
137.9888
137.9888
137.9888
137.9888
137.9888
137.9888
137.9888
137.9888
137.9888
137.9888
137.9888
137.9888
137.9888
137.9888
137.9888
137.9888
137.9888
137.9888
137.9888
137.9888
137.9888
137.9888
137.9888
137.9888
137.9888
137.9888
137.9888
137.9888
137.9888
137.9888
137.9888
137.9888
137.9888
137.9888
137.9888
137.9888
137.9888
137.9888
137.9888
137.9888
137.9888
137.9888
137.9888
137.9888
137.9888
137.9888
137.9888
137.9888
137.9888
137.9888
137.8899
137.8899
137.8899
137.8899
137.8899
137.8899
137.8899
137.8899
137.8899
137.8899
137.8899
137.8899
137.8899
137.8899
137.8899
137.8899
137.8899
137.8899
137.8899
137.8899
137.8899
137.8899
137.8899
137.8899
137.8899
137.8899
137.8899
137.8899
137.8899
137.7566
137.6644
137.6644
137.6644
137.6644
137.6644
137.6644
137.6644
137.6644
137.6644
137.6644
137.6576
137.6576
137.6576
137.6576
137.6576
137.6576
137.6412
137.6412
137.6412
137.6412
137.4932
137.4932
137.4932
137.4932
137.4769
137.4769
137.4769
137.4696
137.4696
137.4696
137.4696
137.4696
137.4696
137.4696
137.4696
137.4696
137.4696
137.4696
137.4696
137.4696
137.4696
137.4696
137.4696
137.4696
137.4696
137.4696
137.4696
137.4696
137.4696
137.4696
137.4696
137.4696
137.4696
137.4696
137.4696
137.4696
137.4696
137.4696
137.4696
137.4696
137.4696
137.4696
137.4696
137.4696
137.4696
137.4696
137.4696
137.4696
137.4696
137.4696
137.4696
137.4696
137.4696
137.4696
137.4696
137.4696
137.4696
137.4696
137.4689
137.4689
137.4689
137.4689
137.4689
137.4689
137.4689
137.4689
137.4689
137.2353
137.2353
137.2353
137.0787
137.0787
137.0787
137.0787
137.0787
137.0787
137.0787
137.0787
137.0787
137.0787
137.0787
137.0787
137.0787
137.0787
137.0787
137.0787
137.0787
137.0787
137.0787
137.0787
137.0787
137.0787
137.0787
137.0787
137.0787
137.0787
137.0787
137.0787
137.0787
137.0787
137.0787
136.8888
136.8888
136.8888
136.8888
136.8888
136.8888
136.8888
136.8888
136.8888
136.8888
136.8888
136.7546
136.7546
136.7546
136.7546
136.7546
136.7546
136.7546
136.7546
136.7546
136.7546
136.7546
136.7546
136.7546
136.5741
136.5741
136.5741
136.5741
136.5741
136.5184
136.4879
136.446
136.446
136.446
136.446
136.446
136.446
136.446
136.446
136.1522
136.1522
136.1522
136.085
136.085
136.085
136.085
136.085
136.085
136.085
136.085
136.085
136.085
136.085
136.085
136.085
136.085
136.085
136.085
136.085
136.085
136.085
136.085
136.085
136.085
136.085
136.085
136.085
136.085
136.085
136.085
136.085
136.085
136.085
136.085
136.085
136.085
136.085
136.085
136.085
136.085
136.085
136.085
136.085
136.085
136.085
136.085
136.085
136.085
136.085
136.085
136.085
136.085
136.085
136.085
136.085
136.085
136.085
136.085
136.085
136.085
136.085
136.085
136.085
136.085
136.085
136.085
136.085
136.085
136.085
136.085
136.085
136.085
136.085
136.085
136.085
136.085
136.085
136.085
136.085
136.085
136.085
136.085
136.085
136.085
136.085
136.085
136.085
136.085
136.085
136.085
136.085
136.085
136.085
136.085
136.085
136.085
136.085
136.085
136.085
136.085
136.085
136.085
136.085
136.085
136.085
136.085
136.085
136.085
136.085
136.085
136.085
136.085
136.085
136.085
136.085
136.085
136.085
136.085
136.085
136.085
136.085
136.085
136.085
136.085
136.085
136.085
136.085
136.085
136.085
136.085
136.085
136.085
136.085
136.085
136.085
136.085
136.085
136.085
136.085
136.085
136.085
136.085
136.085
136.085
136.085
136.085
136.085
136.085
136.085
136.085
136.085
136.085
136.085
136.085
136.085
136.085
136.085
136.085
136.085
136.085
136.085
136.085
136.085
136.085
136.085
136.085
136.085
136.085
136.085
136.085
136.085
136.085
136.085
136.085
136.085
136.085
136.085
136.085
136.085
136.0679
136.0679
136.0679
136.0679
136.0679
136.0679
136.0679
136.0679
136.0679
136.0679
136.0679
136.0201
136.0201
136.0201
136.0201
136.0201
136.0201
136.0201
136.0201
136.0201
136.0201
136.0201
135.959
135.959
135.959
135.959
135.8904
135.8904
135.8904
135.7569
135.7569
135.7569
135.7569
135.6761
135.6075
135.5359
135.5359
135.3936
135.3936
135.3779
135.3779
135.3779
135.3779
135.3645
135.2662
135.2662
135.2662
135.2662
135.2662
135.2662
135.2662
135.2662
135.2662
135.2662
135.2662
135.2662
135.2662
135.2662
135.2662
135.2662
135.1735
135.1735
135.1735
135.1735
135.1735
135.0471
135.0471
135.0471
134.8034
134.8034
134.8034
134.8034
134.8034
134.8034
134.8034
134.8034
134.8034
134.8034
134.8034
134.8034
134.8034
134.8034
134.8034
134.8034
134.8034
134.8034
134.8034
134.8034
134.8034
134.8034
134.8034
134.8034
134.8034
134.8034
134.8034
134.8034
134.8034
134.8034
134.8034
134.8034
134.8034
134.8034
134.8034
134.8034
134.8034
134.8034
134.8034
134.8034
134.8034
134.8034
134.8034
134.8034
134.8034
134.8034
134.8034
134.8034
134.8034
134.8034
134.8034
134.8034
134.8034
134.8034
134.8034
134.8034
134.8034
134.8034
134.8034
134.8034
134.8034
134.8034
134.8034
134.8034
134.8034
134.8034
134.8034
134.8034
134.8034
134.8034
134.8034
134.8034
134.8034
134.8034
134.7874
134.7874
134.7874
134.7874
134.7874
134.7304
134.7304
134.7304
134.7304
134.7304
134.7304
134.7304
134.7304
134.7304
134.7304
134.7304
134.6715
134.6715
134.6715
134.6715
134.6715
134.6715
134.5208
134.5208
134.5208
134.5208
134.5208
134.5208
134.5208
134.5208
134.5208
134.5208
134.5208
134.5208
134.5208
134.5208
134.5208
134.5208
134.5208
134.5208
134.5208
134.5208
134.5208
134.5208
134.5208
134.5208
134.5208
134.5208
134.5208
134.5208
134.5208
134.5208
134.5208
134.5208
134.5208
134.5208
134.5208
134.5208
134.5208
134.5208
134.5208
134.5208
134.5208
134.5208
134.5208
134.5208
134.4874
134.4874
134.4874
134.4874
134.4874
134.3198
134.3198
134.3198
134.3198
134.3198
134.2863
134.2863
134.2863
134.2863
134.0217
134.0217
134.0217
134.0217
134.0217
134.0217
134.0217
134.0217
134.0217
134.0217
134.0217
134.0217
134.0217
134.0217
133.9976
133.9976
133.9976
133.9976
133.9976
133.9976
133.9976
133.9976
133.9578
133.9578
133.9578
133.9578
133.8981
133.8981
133.8981
133.8981
133.834
133.834
133.834
133.834
133.7102
133.6972
133.6462
133.6462
133.5483
133.5483
133.5137
133.5137
133.5137
133.5137
133.5137
133.5137
133.5137
133.5137
133.5137
133.5137
133.5137
133.5137
133.5137
133.5137
133.5137
133.5137
133.5137
133.5137
133.5137
133.5137
133.5137
133.5137
133.5114
133.5114
133.5114
133.5114
133.5114
133.5114
133.5114
133.5027
133.5027
133.5027
133.5027
133.5027
133.4456
133.4456
133.4456
133.4456
133.4456
133.4456
133.4456
133.4456
133.4456
133.4456
133.4456
133.4456
133.4456
133.4456
133.2364
133.2364
133.2364
133.2364
133.2364
133.2364
133.2364
133.2364
133.2364
133.2364
133.2364
133.2364
133.2364
133.2364
133.2364
133.2364
133.2364
133.2364
133.2364
133.2364
133.2364
133.2364
133.2364
133.2364
133.2364
133.2364
133.2364
133.2364
133.2364
133.2364
133.2364
133.2364
133.2364
133.2364
133.2364
133.2364
133.2364
133.2364
133.1534
133.1534
133.1534
133.1534
133.1437
133.0724
133.0724
133.0724
133.0724
133.0724
133.0724
133.0724
133.0724
133.0724
133.0724
133.0724
133.0724
133.0724
133.0724
133.0724
133.0724
133.0724
133.0724
133.0264
133.0264
133.0264
133.0264
133.0264
132.8445
132.8445
132.8445
132.8445
132.8445
132.8445
132.8445
132.8445
132.8445
132.8445
132.8445
132.8445
132.8445
132.8445
132.8445
132.8445
132.8445
132.8445
132.8445
132.8445
132.8445
132.8445
132.8445
132.8445
132.8445
132.8445
132.8445
132.8445
132.8445
132.8445
132.8445
132.8445
132.8445
132.8445
132.8445
132.8445
132.8445
132.8445
132.8445
132.8445
132.8445
132.8445
132.8445
132.7472
132.7472
132.7472
132.7472
132.7379
132.713
132.713
132.713
132.5749
132.5092
132.5092
132.5092
132.5092
132.5092
132.5092
132.5092
132.5092
132.5092
132.5092
132.5092
132.5092
132.5092
132.5092
132.5092
132.5092
132.5092
132.5092
132.5092
132.5092
132.5092
132.5092
132.5092
132.5092
132.5092
132.5092
132.5092
132.5092
132.5092
132.5092
132.5092
132.5092
132.5092
132.5092
132.5092
132.5092
132.5092
132.5092
132.5092
132.5092
132.5092
132.5092
132.5092
132.5092
132.5092
132.5092
132.5092
132.5092
132.5092
132.5092
132.5092
132.5092
132.5092
132.5092
132.5092
132.5092
132.5092
132.5092
132.5092
132.4999
132.4999
132.4999
132.4999
132.4999
132.4817
132.4817
132.2091
132.2091
132.2091
132.2091
132.2091
132.2091
132.2091
132.2091
132.2091
132.2091
132.2091
132.2091
132.2091
132.2091
132.2091
132.2091
132.2091
132.2091
132.2091
132.2091
132.2091
132.2091
132.2091
132.2091
132.2091
132.2091
132.2091
132.2091
132.2091
132.2091
132.2091
132.2091
132.2091
132.2091
132.2091
132.2091
132.2091
132.2091
132.2091
132.2091
132.2091
132.2091
132.2091
132.2091
132.2091
132.2091
132.2091
132.2091
132.2091
132.2091
132.2091
132.2091
132.2091
132.2091
132.2091
132.2091
132.2091
132.2091
132.2091
132.2091
132.2091
132.2091
132.2091
132.2091
132.2091
132.2091
132.2091
132.2091
132.2091
132.2091
132.2091
132.2091
132.2091
132.0584
132.0584
132.0584