303
509
713
919
1126
1328
1532
1738
1945
2149
2352
2555
2763
2967
3170
3378
3581
3783
3994
4197
4401
4604
4807
5010
5216
5424
5629
5832
6041
6246
6453
6665
6870
7071
7275
7479
7690
7897
8102
8308
8512
8719
8928
9131
9337
9540
9746
9951
10155
10358
10561
10768
10972
11176
11380
11585
11793
11998
12205
12408
12610
12817
13021
13229
13434
13637
13844
14046
14248
14453
14655
14860
15065
15269
15472
15675
15879
16085
16290
16495
16702
16911
17116
17324
17526
17726
17931
18143
18347
18551
18756
18966
19170
19376
19581
19789
19999
20204
20408
20615
20824
21027
21236
21443
21648
21854
22061
22269
22474
22677
22881
23087
23291
23494
23698
23900
24108
24312
24515
24721
24925
25131
25339
25543
25750
25959
26162
26367
26572
26776
26982
27188
27392
27599
27809
28017
28218
28427
28633
28839
29044
29255
29460
29664
29868
30075
30278
30482
30690
30893
31097
31302
31509
31711
31913
32115
32319
32520
32724
32927
33133
33338
33543
33750
33955
34159
34365
34570
34775
34979
35186
35389
35594
35800
36004
36210
36415
36620
36826
37033
37237
37446
37649
37853
38056
38261
38465
38674
38877
39079
39283
39492
39695
39899
40108
40310
40516
40721
40926
41133
41338
41542
41747
41951
42155
42359
42564
42769
42973
43177
43383
43595
43802
44007
44211
44417
44625
44831
45036
45240
45442
45649
45856
46062
46268
46474
46679
46884
47087
47292
47496
47700
47907
48114
48320
48522
48724
48930
49136
49338
49544
49747
49950
50153
50359
50562
50767
50971
51176
51382
51589
51793
52005
52210
52421
52623
52831
53037
53244
53448
53654
53857
54063
54268
54474
54678
54883
55086
55287
55493
55698
55904
56112
56318
56522
56730
56936
57140
57343
57550
57756
57963
58166
58373
58578
58783
58989
59192
59396
59601
59803
60011
60218
60423
60628
60832
61043
61244
61453
61659
61866
62071
62273
62476
62681
62886
63089
63292
63497
63701
63904
64114
64316
64518
64724
64928
65134
65342
65552
65758
65961
66164
66367
66570
66773
66978
67185
67387
67589
67794
67996
68199
68406
68612
68815
69015
69222
69428
69631
69834
70036
70239
70446
70650
70854
71056
71259
71466
71671
71874
72080
72287
72495
72699
72903
73111
73319
73525
73732
73935
74139
74346
74551
74759
74964
75167
75371
75579
75785
75990
76195
76402
76609
76814
77018
77225
77427
77631
77835
78038
78243
78449
78651
78857
79062
79268
79471
79677
79880
80084
80290
80498
80701
80907
81110
81312
81515
81721
81925
82130
82334
82541
82744
82947
83152
83357
83563
83772
83978
84184
84392
84595
84797
85013
85218
85423
85627
85834
86043
86248
86455
86658
86864
87071
87276
87480
87689
87893
88096
88299
88505
88712
88918
89131
89336
89543
89745
89951
90152
90355
90560
90765
90970
91175
91377
91579
91784
91989
92195
92401
92606
92810
93013
93220
93425
93629
93834
94042
94247
94449
94658
94864
95069
95271
95479
95684
95886
96092
96294
96498
96706
96913
97116
97325
97528
97736
97945
98150
98354
98561
98764
98969
99172
99381
99583
99788
99991
100195
100399
100601
100805
101008
101212
101418
101624
101828
102032
102240
102442
102648
102855
103060
103267
103474
103681
103884
104088
104293
104496
104701
104906
105110
105315
105523
105732
105936
106138
106339
106544
106747
106950
107162
107370
107576
107783
107988
108192
108395
108600
108808
109012
109217
109421
109628
109834
110040
110245
110451
110654
110862
111063
111266
111474
111680
111883
112087
112292
112499
112707
112911
113113
113320
113522
113726
113930
114137
114340
114543
114746
114949
115156
115360
115564
115771
115976
116180
116383
116593
116798
117001
117209
117413
117617
117820
118023
118226
118433
118637
118842
119045
119250
119454
119665
119868
120073
120279
120481
120683
120893
121099
121304
121510
121714
121917
122121
122327
122534
122740
122943
123144
123347
123553
123757
123968
124171
124375
124582
124783
124990
125195
125399
125608
125819
126025
126231
126436
126640
126844
127050
127253
127462
127667
127870
128075
128277
128482
128691
128895
129100
129305
129509
129715
129919
130125
130332
130539
130744
130948
131150
131357
131560
131766
131970
132175
132380
132583
132790
132996
133203
133408
133613
133822
134026
134232
134436
134642
134850
135056
135260
135470
135672
135878
136081
136287
136495
136700
136901
137107
137312
137517
137720
137925
138133
138337
138541
138744
138953
139162
139371
139575
139778
139984
140189
140396
140606
140812
141016
141220
141425
141630
141833
142037
142244
142453
142659
142862
143067
143269
143475
143682
143890
144095
144301
144506
144708
144913
145117
145324
145530
145739
145945
146152
146359
146566
146770
146972
147174
147379
147582
147786
147990
148195
148402
148611
148813
149020
149222
149428
149632
149837
150042
150247
150450
150655
150862
151071
151273
151478
151680
151884
152095
152302
152506
152709
152917
153118
153323
153531
153739
153944
154150
154357
154563
154768
154975
155178
155383
155589
155797
156003
156207
156410
156612
156817
157022
157226
157432
157638
157844
158054
158258
158461
158667
158871
159078
159285
159489
159696
159904
160108
160313
160518
160727
160937
161141
161343
161550
161756
161961
162167
162374
162579
162783
162987
163189
163392
163599
163802
164004
164207
164412
164615
164820
165028
165234
165441
165647
165854
166060
166263
166469
166673
166879
167082
167287
167489
167693
167900
168104
168309
168513
168719
168927
169131
169335
169544
169750
169957
170165
170371
170576
170781
170983
171186
171389
171594
171798
172003
172211
172419
172624
172828
173035
173241
173445
173649
173851
174056
174260
174466
174674
174879
175085
175290
175495
175701
175903
176107
176314
176519
176726
176932
177134
177341
177545
177748
177953
178162
178370
178575
178780
178986
179192
179399
179604
179810
180016
180221
180430
180634
180840
181044
181247
181454
181655
181860
182067
182270
182474
182678
182882
183090
183297
183498
183701
183906
184115
184318
184521
184724
184930
185138
185340
185542
185748
185952
186155
186360
186563
186768
186971
187176
187383
187591
187793
188000
188204
188410
188616
188821
189028
189233
189439
189644
189848
190051
190252
190457
190661
190867
191072
191278
191484
191691
191895
192098
192301
192507
192713
192919
193122
193327
193531
193743
193946
194147
194353
194559
194762
194968
195174
195378
195585
195793
195997
196200
196402
196612
196822
197025
197228
197437
197641
197845
198051
198255
198466
198669
198872
199080
199285
199490
199697
199901
200108
200313
200515
200722
200929
201132
201337
201543
201748
201953
202157
202360
202563
202772
202981
203185
203391
203596
203797
203999
204205
204414
204617
204822
205031
205233
205438
205641
205845
206051
206255
206461
206666
206873
207081
207283
207489
207693
207897
208105
208308
208518
208719
208922
209126
209330
209538
209744
209947
210154
210358
210564
210769
210975
211180
211385
211591
211795
211999
212204
212412
212614
212819
213023
213230
213434
213643
213856
214058
214265
214470
214673
214881
215087
215293
215497
215702
215908
216110
216315
216520
216724
216928
217133
217338
217544
217748
217952
218161
218365
218575
218781
218985
219188
219390
219593
219797
220003
220206
220411
220619
220828
221030
221234
221436
221640
221849
222056
222262
222468
222672
222879
223089
223296
223502
223708
223911
224114
224320
224526
224733
224936
225139
225345
225548
225751
225953
226159
226366
226571
226778
226985
227190
227393
227594
227798
228007
228211
228421
228628
228831
229033
229240
229446
229652
229858
230064
230268
230472
230676
230878
231080
231292
231500
231708
231912
232115
232321
232527
232730
232934
233137
233344
233551
233753
233958
234164
234366
234570
234774
234981
235190
235400
235610
235813
236017
236220
236424
236630
236836
237039
237243
237447
237655
237858
238062
238269
238470
238672
238876
239083
239288
239494
239699
239903
240107
240311
240516
240719
240925
241129
241330
241539
241744
241952
242158
242363
242565
242770
242975
243179
243381
243585
243793
243998
244206
244409
244618
244825
245027
245232
245437
245644
245850
246054
246260
246465
246670
246879
247085
247288
247493
247701
247911
248118
248323
248528
248733
248935
249143
249346
249550
249753
249958
250159
250366
250572
250775
250983
251193
251398
251604
251809
252013
252217
252423
252630
252837
253039
253242
253446
253650
253856
254059
254265
254469
254673
254877
255080
255289
255498
255702
255904
256113
256317
256521
256727
256930
257135
257339
257545
257748
257954
258157
258360
258565
258769
258973
259177
259382
259587
259793
259996
260203
260406
260609
260820
261027
261228
261435
261641
261847
262055
262262
262466
262668
262873
263076
263284
263490
263696
263898
264109
264311
264515
264722
264928
265132
265339
265543
265748
265952
266161
266367
266569
266772
266979
267182
267388
267594
267802
268007
268214
268417
268620
268828
269033
269238
269441
269645
269852
270054
270260
270464
270667
270872
271076
271281
271483
271692
271897
272101
272307
272510
272715
272918
273124
273333
273541
273746
273950
274153
274357
274563
274769
274976
275181
275387
275593
275796
276002
276206
276410
276615
276817
277019
277223
277431
277634
277835
278036
278241
278449
278653
278859
279064
279274
279482
279686
279893
280096
280299
280504
280708
280912
281114
281319
281522
281724
281931
282137
282341
282547
282752
282953
283159
283361
283564
283769
283975
284182
284386
284594
284797
285001
285207
285412
285615
285820
286027
286235
286442
286651
286855
287058
287261
287466
287673
287876
288084
288287
288495
288702
288905
289108
289314
289515
289719
289922
290129
290332
290536
290743
290949
291154
291357
291563
291769
291975
292179
292386
292594
292799
293007
293213
293418
293625
293833
294035
294237
294440
294648
294852
295058
295265
295470
295675
295882
296091
296300
296505
296710
296915
297121
297327
297533
297739
297941
298141
298348
298551
298757
298959
299162
299369
299575
299777
299981
300185
300390
300595
300799
301001
301207
301410
301616
301822
302028
302233
302435
302640
302849
303053
303256
303460
303669
303875
304081
304292
304496
304699
304903
305107
305312
305518
305720
305927
306131
306336
306543
306750
306958
307163
307365
307577
307786
307991
308195
308401
308604
308807
309012
309215
309417
309623
309828
310031
310237
310441
310645
310854
311058
311264
311465
311674
311878
312081
312285
312492
312696
312900
313101
313307
313514
313716
313921
314127
314335
314544
314747
314953
315164
315369
315571
315778
315986
316190
316394
316598
316807
317009
317213
317419
317621
317827
318034
318244
318449
318658
318866
319071
319278
319481
319686
319893
320095
320299
320504
320707
320912
321118
321323
321530
321738
321944
322149
322360
322567
322769
322974
323178
323381
323586
323793
323998
324205
324409
324616
324822
325031
325235
325440
325641
325847
326052
326261
326467
326674
326879
327086
327291
327494
327698
327903
328105
328310
328518
328721
328924
329127
329329
329535
329741
329946
330154
330357
330561
330764
330969
331171
331376
331581
331786
331990
332197
332402
332604
332804
333010
333214
333418
333625
333832
334038
334242
334447
334654
334856
335058
335264
335467
335670
335873
336078
336281
336486
336690
336894
337099
337307
337514
337716
337921
338124
338327
338531
338737
338942
339153
339359
339566
339771
339976
340184
340388
340599
340801
341003
341210
341415
341618
341825
342037
342241
342448
342654
342858
343063
343265
343469
343674
343880
344084
344292
344494
344700
344904
345107
345313
345518
345725
345928
346136
346340
346549
346756
346960
347167
347373
347575
347778
347982
348185
348389
348596
348802
349008
349215
349420
349622
349828
350034
350244
350451
350656
350861
351068
351272
351474
351679
351881
352086
352289
352494
352697
352899
353103
353311
353513
353717
353925
354129
354331
354533
354738
354944
355147
355352
355560
355766
355971
356176
356383
356590
356796
357000
357206
357408
357613
357818
358023
358225
358433
358638
358841
359046
359251
359454
359660
359865
360071
360272
360477
360683
360894
361099
361305
361511
361717
361920
362125
362335
362542
362751
362957
363158
363368
363573
363777
363985
364188
364393
364596
364800
365003
365207
365414
365618
365826
366032
366237
366441
366644
366848
367051
367254
367458
367665
367872
368074
368277
368480
368682
368886
369091
369297
369499
369703
369906
370110
370317
370520
370724
370929
371131
371333
371543
371750
371953
372156
372362
372570
372779
372982
373189
373394
373601
373803
374005
374206
374412
374617
374823
375028
375233
375436
375643
375849
376052
376257
376463
376667
376876
377081
377285
377488
377693
377896
378100
378304
378509
378714
378921
379123
379327
379534
379742
379949
380154
380359
380568
380771
380974
381176
381380
381583
381788
381997
382199
382410
382618
382821
383026
383230
383439
383642
383847
384052
384259
384469
384675
384878
385082
385289
385491
385699
385902
386104
386309
386513
386716
386919
387123
387328
387535
387742
387946
388148
388353
388559
388762
388966
389169
389375
389577
389782
389987
390196
390399
390605
390811
391014
391218
391421
391623
391827
392034
392241
392445
392649
392857
393064
393272
393478
393685
393891
394095
394300
394504
394711
394916
395125
395331
395535
395738
395941
396147
396353
396557
396762
396965
397167
397374
397577
397779
397982
398185
398391
398595
398800
399003
399208
399414
399618
399825
400029
400233
400439
400641
400846
401055
401259
401465
401669
401878
402081
402286
402493
402700
402904
403109
403314
403517
403723
403925
404129
404337
404538
404740
404946
405154
405361
405567
405774
405980
406186
406392
406593
406798
407003
407207
407410
407617
407824
408029
408235
408441
408645
408849
409054
409259
409465
409665
409870
410074
410277
410483
410688
410891
411095
411302
411506
411715
411924
412130
412333
412539
412740
412947
413152
413358
413564
413771
413976
414182
414384
414589
414794
414997
415200
415402
415606
415813
416015
416220
416423
416629
416836
417041
417248
417449
417653
417861
418067
418274
418478
418683
418892
419098
419302
419513
419716
419922
420126
420329
420533
420735
420941
421145
421350
421555
421763
421966
422169
422373
422574
422779
422986
423193
423399
423602
423809
424015
424219
424421
424628
424833
425039
425240
425444
425655
425856
426065
426271
426474
426680
426882
427087
427294
427499
427706
427910
428112
428317
428524
428729
428934
429142
429345
429548
429754
429960
430168
430375
430581
430788
430990
431198
431406
431610
431817
432022
432230
432434
432639
432843
433050
433258
433463
433666
433868
434072
434277
434482
434685
434890
435092
435296
435500
435704
435913
436114
436318
436523
436728
436932
437135
437338
437544
437749
437954
438157
438358
438565
438768
438973
439180
439382
439590
439796
440000
440206
440410
440617
440819
441029
441233
441437
441642
441847
442052
442258
442461
442663
442869
443075
443279
443482
443687
443898
444101
444306
444513
444724
444929
445137
445342
445547
445750
445956
446160
446365
446569
446775
446978
447187
447393
447599
447806
448015
448222
448425
448629
448835
449042
449247
449458
449664
449867
450071
450274
450478
450684
450890
451094
451301
451502
451706
451913
452118
452321
452527
452731
452935
453138
453344
453551
453754
453960
454163
454370
454575
454782
454985
455191
455394
455595
455801
456007
456212
456418
456620
456825
457031
457232
457438
457648
457857
458061
458266
458469
458674
458879
459085
459289
459493
459699
459899
460103
460308
460518
460723
460929
461133
461338
461545
461749
461956
462162
462368
462570
462775
462979
463181
463386
463592
463802
464007
464215
464421
464625
464831
465037
465242
465448
465656
465859
466066
466271
466476
466681
466883
467088
467293
467499
467701
467905
468106
468310
468518
468721
468928
469135
469342
469550
469753
469956
470158
470358
470564
470765
470973
471176
471378
471581
471786
471986
472194
472399
472606
472808
473015
473225
473428
473633
473835
474040
474243
474448
474654
474861
475068
475271
475478
475680
475887
476088
476295
476501
476712
476917
477122
477326
477530
477738
477941
478147
478351
478553
478763
478971
479176
479380
479585
479793
479996
480206
480409
480612
480816
481019
481224
481427
481630
481835
482044
482248
482457
482661
482868
483072
483278
483483
483692
483899
484103
484307
484509
484714
484919
485122
485327
485532
485740
485944
486150
486352
486559
486762
486967
487172
487378
487583
487793
487998
488202
488409
488615
488820
489027
489230
489439
489643
489848
490053
490258
490463
490668
490873
491080
491283
491494
491696
491904
492110
492318
492522
492725
492929
493136
493342
493544
493748
493961
494168
494373
494577
494782
494991
495194
495397
495600
495808
496014
496221
496425
496631
496841
497048
497254
497457
497662
497868
498072
498277
498484
498690
498897
499103
499306
499509
499710
499914
500125
500329
500532
500733
500935
501141
501349
501552
501756
501961
502163
502366
502572
502774
502976
503183
503390
503595
503800
504006
504212
504418
504622
504828
505036
505241
505448
505654
505857
506062
506266
506470
506673
506878
507082
507288
507493
507700
507904
508108
508312
508515
508719
508926
509130
509336
509538
509743
509951
510156
510359
510563
510768
510977
511183
511386
511590
511795
511998
512199
512400
512601
512804
513008
513213
513416
513617
513820
514026
514229
514430
514635
514838
515046
515251
515457
515664
515868
516072
516278
516485
516695
516905
517115
517322
517532
517738
517942
518148
518357
518562
518773
518981
519185
519394
519601
519808
520017
520222
520431
520635
520841
521053
521257
521462
521669
521874
522078
522286
522489
522693
522896
523100
523307
523512
523715
523918
524119
524326
524535
524738
524944
525147
525352
525560
525765
525973
526175
526381
526585
526787
526991
527198
527402
527608
527813
528014
528219
528425
528630
528834
529039
529246
529449
529654
529860
530063
530270
530476
530680
530885
531088
531296
531501
531704
531906
532107
532314
532515
532724
532927
533131
533335
533540
533742
533950
534155
534363
534567
534774
534976
535183
535391
535598
535802
536007
536210
536412
536619
536822
537028
537233
537441
537651
537859
538065
538272
538475
538677
538879
539091
539294
539506
539709
539914
540120
540326
540530
540734
540937
541140
541346
541549
541752
541955
542161
542367
542570
542775
542976
543182
543389
543597
543802
544003
544205
544409
544612
544815
545023
545230
545431
545634
545838
546042
546245
546448
546653
546855
547063
547273
547479
547681
547887
548090
548297
548500
548708
548912
549118
549325
549530
549734
549940
550144
550348
550550
550760
550968
551172
551375
551579
551783
551992
552196
552398
552605
552808
553013
553215
553416
553618
553826
554031
554234
554439
554641
554850
555056
555263
555464
555668
555871
556075
556280
556484
556689
556890
557098
557300
557505
557710
557917
558123
558329
558535
558738
558945
559155
559362
559568
559774
559976
560182
560390
560593
560797
561003
561211
561419
561622
561829
562035
562242
562449
562650
562854
563056
563261
563464
563668
563870
564073
564277
564482
564690
564895
565099
565303
565507
565712
565916
566120
566327
566531
566735
566939
567142
567349
567557
567758
567960
568162
568369
568572
568774
568981
569182
569388
569592
569797
570000
570208
570414
570622
570825
571028
571233
571436
571637
571841
572045
572250
572457
572664
572867
573073
573280
573483
573687
573892
574103
574309
574517
574724
574926
575132
575337
575541
575742
575944
576150
576362
576568
576772
576978
577189
577395
577598
577804
578007
578210
578417
578619
578827
579033
579239
579442
579648
579853
580058
580263
580467
580672
580877
581085
581293
581496
581704
581908
582115
582321
582528
582734
582939
583141
583346
583549
583751
583959
584161
584367
584575
584781
584982
585189
585394
585599
585807
586015
586221
586425
586629
586837
587040
587243
587450
587653
587856
588061
588268
588471
588673
588879
589085
589290
589495
589700
589902
590104
590310
590518
590722
590929
591129
591335
591542
591747
591955
592159
592363
592567
592773
592978
593185
593390
593595
593798
594010
594217
594424
594632
594834
595035
595239
595445
595650
595856
596062
596268
596475
596680
596883
597090
597296
597498
597704
597908
598110
598315
598517
598724
598930
599134
599340
599547
599753
599958
600164
600368
600569
600778
600992
601195
601400
601609
601813
602022
602226
602437
602642
602847
603053
603258
603462
603671
603876
604085
604292
604498
604703
604909
605113
605319
605526
605731
605937
606139
606344
606548
606752
606958
607167
607370
607575
607780
607983
608188
608399
608605
608812
609016
609219
609425
609633
609840
610046
610249
610455
610661
610865
611067
611272
611479
611686
611896
612099
612305
612509
612715
612921
613124
613331
613537
613740
613944
614148
614357
614561
614766
614970
615174
615381
615587
615792
615996
616199
616401
616606
616811
617014
617221
617424
617630
617836
618044
618247
618458
618658
618866
619070
619274
619479
619684
619892
620095
620300
620506
620709
620917
621124
621329
621533
621738
621942
622145
622351
622560
622762
622968
623178
623380
623584
623787
623992
624193
624400
624603
624812
625014
625219
625421
625626
625834
626035
626238
626447
626655
626860
627067
627273
627475
627680
627885
628094
628297
628503
628708
628910
629116
629320
629528
629732
629934
630139
630343
630547
630752
630960
631165
631373
631574
631781
631984
632189
632394
632604
632812
633015
633220
633430
633638
633845
634048
634255
634460
634669
634872
635074
635277
635482
635685
635888
636092
636298
636503
636706
636912
637116
637321
637526
637729
637933
638136
638344
638548
638752
638957
639161
639365
639573
639778
639983
640184
640391
640596
640802
641009
641212
641417
641618
641823
642029
642236
642439
642643
642844
643048
643252
643456
643662
643870
644080
644283
644486
644694
644900
645108
645315
645523
645725
645927
646134
646337
646541
646745
646949
647154
647358
647566
647772
647978
648184
648388
648596
648799
649000
649209
649412
649618
649825
650029
650236
650441
650642
650846
651049
651254
651459
651660
651865
652069
652273
652479
652683
652889
653091
653295
653499
653703
653904
654112
654317
654524
654726
654933
655141
655342
655548
655758
655964
656175
656381
656590
656792
656997
657201
657404
657610
657817
658022
658227
658434
658640
658847
659050
659255
659464
659670
659875
660078
660286
660490
660693
660903
661104
661311
661515
661719
661922
662125
662329
662535
662742
662946
663154
663361
663569
663775
663979
664182
664391
664593
664796
664997
665201
665403
665608
665814
666020
666224
666424
666631
666835
667038
667241
667446
667652
667852
668055
668260
668465
668673
668881
669085
669290
669495
669701
669902
670106
670309
670513
670718
670926
671131
671335
671540
671744
671951
672156
672361
672567
672772
672975
673182
673386
673588
673794
674001
674207
674412
674619
674822
675028
675236
675443
675646
675849
676051
676255
676456
676660
676863
677071
677280
677484
677687
677890
678094
678302
678505
678708
678912
679118
679325
679532
679740
679943
680146
680348
680550
680755
680960
681165
681375
681583
681786
681989
682194
682400
682603
682805
683010
683212
683420
683627
683830
684035
684242
684448
684655
684861
685065
685273
685482
685687
685890
686093
686301
686503
686706
686913
687117
687328
687534
687740
687943
688149
688353
688556
688763
688968
689180
689384
689590
689792
690000
690201
690405
690612
690817
691019
691221
691426
691629
691835
692038
692244
692448
692653
692856
693061
693264
693470
693677
693885
694091
694294
694500
694706
694915
695119
695324
695526
695727
695929
696137
696345
696549
696756
696963
697168
697369
697577
697785
697993
698197
698402
698608
698814
699018
699222
699428
699632
699839
700043
700251
700453
700659
700861
701067
701276
701481
701687
701897
702101
702306
702513
702717
702922
703129
703333
703537
703743
703949
704153
704364
704569
704772
704981
705184
705391
705596
705801
706006
706213
706420
706624
706826
707032
707236
707440
707644
707851
708056
708261
708466
708667
708875
709080
709282
709488
709692
709896
710100
710306
710508
710709
710914
711117
711324
711527
711735
711939
712143
712346
712547
712752
712961
713166
713369
713574
713782
713987
714195
714401
714607
714811
715013
715216
715420
715623
715828
716033
716240
716441
716648
716855
717057
717261
717464
717673
717882
718087
718293
718497
718703
718906
719110
719314
719523
719733
719937
720140
720344
720550
720753
720957
721163
721366
721573
721779
721984
722186
722392
722597
722803
723009
723216
723425
723632
723836
724046
724254
724460
724665
724871
725075
725283
725485
725686
725888
726090
726296
726502
726705
726913
727117
727322
727527
727737
727941
728145
728351
728556
728760
728964
729168
729369
729575
729779
729983
730189
730395
730600
730804
731007
731215
731417
731620
731825
732031
732235
732439
732642
732848
733050
733257
733461
733670
733874
734079
734281
734486
734689
734894
735100
735302
735506
735711
735919
736128
736333
736537
736743
736947
737149
737351
737559
737763
737970
738178
738383
738588
738790
738992
739197
739401
739606
739811
740015
740217
740422
740628
740834
741044
741247
741451
741654
741855
742059
742263
742466
742671
742877
743082
743284
743489
743696
743902
744110
744316
744519
744724
744931
745138
745344
745549
745753
745954
746162
746365
746569
746771
746977
747183
747391
747593
747799
748006
748211
748417
748624
748825
749033
749240
749445
749649
749853
750057
750264
750471
750674
750884
751087
751291
751499
751705
751909
752113
752321
752528
752735
752939
753146
753350
753555
753759
753966
754169
754372
754580
754782
754989
755193
755394
755602
755810
756015
756221
756427
756628
756834
757037
757239
757441
757650
757853
758058
758262
758465
758667
758876
759083
759290
759495
759698
759907
760112
760318
760523
760725
760928
761132
761341
761545
761751
761959
762162
762371
762581
762783
762987
763191
763394
763597
763800
764008
764215
764417
764624
764828
765030
765236
765439
765645
765847
766051
766253
766457
766661
766867
767069
767274
767476
767682
767891
768094
768299
768508
768712
768916
769119
769326
769534
769741
769944
770149
770356
770559
770764
770972
771176
771382
771587
771790
771993
772197
772403
772609
772812
773015
773218
773423
773626
773835
774037
774241
774444
774651
774856
775061
775264
775468
775672
775878
776082
776288
776495
776699
776905
777113
777319
777523
777732
777940
778151
778355
778565
778770
778973
779175
779379
779581
779784
779988
780195
780400
780602
780809
781015
781218
781422
781627
781832
782036
782241
782443
782647
782854
783057
783261
783467
783672
783879
784082
784294
784500
784704
784911
785117
785321
785529
785731
785935
786140
786344
786548
786755
786964
787169
787377
787579
787782
787987
788191
788393
788598
788803
789008
789213
789416
789621
789825
790030
790233
790437
790642
790845
791051
791253
791458
791664
791871
792074
792277
792486
792689
792892
793098
793301
793504
793707
793912
794121
794327
794533
794737
794941
795144
795349
795554
795756
795964
796170
796374
796579
796783
796988
797191
797396
797603
797805
798011
798220
798423
798627
798831
799038
799240
799445
799648
799853
800058
800265
800470
800674
800882
801086
801292
801499
801707
801913
802117
802325
802531
802735
802942
803144
803350
803556
803762
803969
804178
804383
804585
804793
804998
805208
805414
805616
805819
806020
806226
806431
806639
806846
807048
807255
807461
807663
807869
808075
808280
808485
808691
808895
809098
809300
809509
809714
809919
810124
810331
810539
810744
810946
811151
811357
811562
811764
811973
812175
812380
812585
812790
812995
813200
813403
813606
813806
814011
814214
814418
814623
814830
815034
815236
815440
815645
815850
816056
816258
816461
816663
816872
817076
817283
817487
817690
817894
818099
818305
818511
818713
818916
819121
819325
819528
819732
819936
820143
820346
820551
820756
820958
821163
821369
821574
821776
821979
822184
822389
822594
822797
823004
823210
823415
823620
823825
824030
824239
824447
824651
824854
825056
825263
825466
825669
825871
826072
826274
826479
826685
826891
827093
827297
827501
827710
827917
828123
828328
828534
828738
828949
829160
829369
829579
829786
829990
830198
830405
830610
830816
831022
831228
831432
831639
831845
832047
832251
832455
832664
832868
833075
833276
833480
833684
833887
834090
834293
834496
834700
834904
835112
835317
835520
835723
835926
836129
836335
836536
836741
836945
837148
837351
837555
837762
837967
838170
838373
838577
838788
838991
839196
839403
839609
839817
840022
840227
840435
840641
840844
841049
841253
841454
841658
841861
842067
842275
842480
842685
842891
843096
843297
843503
843711
843917
844118
844322
844528
844732
844937
845143
845347
845549
845756
845961
846171
846375
846576
846783
846987
847190
847396
847599
847806
848009
848217
848422
848624
848827
849030
849234
849437
849641
849847
850052
850257
850461
850666
850872
851075
851284
851488
851697
851901
852107
852313
852520
852725
852931
853134
853338
853544
853752
853956
854163
854369
854572
854777
854981
855187
855391
855593
855798
856003
856209
856413
856616
856820
857026
857234
857440
857644
857847
858054
858259
858465
858668
858871
859073
859276
859479
859685
859888
860094
860300
860506
860710
860912
861118
861324
861529
861735
861939
862142
862346
862548
862753
862957
863167
863370
863577
863782
863984
864188
864395
864601
864804
865009
865217
865428
865636
865839
866043
866249
866457
866661
866866
867071
867278
867480
867684
867890
868093
868297
868498
868705
868908
869111
869319
869523
869724
869930
870132
870337
870537
870744
870951
871154
871357
871562
871769
871977
872181
872388
872593
872795
873000
873207
873411
873615
873818
874023
874224
874429
874633
874836
875044
875250
875458
875666
875868
876072
876275
876481
876689
876892
877096
877301
877507
877715
877920
878123
878327
878532
878733
878940
879145
879347
879550
879752
879953
880157
880361
880571
880778
880982
881187
881392
881594
881801
882008
882214
882418
882624
882830
883039
883244
883450
883655
883859
884062
884268
884472
884677
884882
885086
885293
885497
885701
885907
886114
886321
886527
886735
886941
887141
887345
887550
887759
887964
888168
888368
888573
888781
888988
889191
889394
889601
889806
890009
890216
890421
890624
890827
891031
891239
891441
891646
891854
892056
892258
892465
892669
892875
893079
893283
893492
893697
893901
894108
894313
894518
894722
894927
895137
895341
895549
895756
895961
896165
896374
896577
896783
896991
897199
897402
897608
897813
898017
898224
898427
898630
898835
899036
899240
899447
899651
899856
900060
900262
900465
900675
900877
901083
901287
901491
901694
901899
902103
902306
902512
902714
902918
903123
903329
903531
903736
903941
904145
904348
904553
904759
904965
905169
905373
905578
905783
905991
906193
906397
906600
906805
907009
907211
907417
907620
907827
908034
908241
908443
908648
908854
909058
909266
909473
909683
909886
910090
910296
910500
910704
910911
911120
911325
911530
911733
911939
912143
912348
912554
912762
912968
913174
913376
913578
913786
913993
914199
914403
914606
914811
915014
915219
915424
915630
915833
916035
916238
916443
916648
916850
917057
917261
917466
917670
917874
918078
918283
918485
918690
918895
919102
919309
919516
919721
919926
920133
920340
920548
920754
920957
921162
921366
921569
921773
921977
922183
922386
922587
922789
922995
923200
923403
923607
923817
924021
924225
924431
924633
924840
925047
925253
925455
925662
925866
926071
926275
926480
926682
926884
927086
927293
927497
927699
927904
928113
928324
928530
928739
928944
929147
929349
929555
929761
929965
930169
930371
930575
930778
930988
931190
931396
931603
931807
932014
932220
932425
932636
932839
933044
933247
933455
933663
933868
934072
934279
934486
934694
934901
935105
935309
935515
935720
935925
936132
936338
936541
936748
936950
937154
937363
937568
937771
937981
938185
938391
938596
938800
939004
939207
939415
939625
939829
940037
940240
940446
940650
940856
941060
941266
941470
941672
941876
942082
942285
942488
942695
942899
943107
943315
943518
943724
943929
944133
944340
944550
944758
944962
945168
945375
945579
945783
945986
946191
946393
946594
946796
947000
947205
947407
947610
947814
948019
948224
948428
948632
948838
949042
949246
949450
949655
949861
950065
950269
950476
950682
950883
951089
951292
951497
951701
951908
952112
952318
952523
952727
952934
953140
953342
953552
953755
953959
954168
954371
954578
954782
954989
955195
955403
955607
955814
956021
956226
956431
956636
956843
957047
957255
957461
957666
957870
958077
958282
958486
958689
958892
959097
959302
959506
959714
959919
960126
960333
960543
960750
960954
961162
961364
961568
961771
961975
962180
962383
962588
962792
962994
963198
963403
963610
963815
964025
964231
964437
964641
964845
965052
965254
965461
965671
965876
966080
966286
966490
966695
966898
967105
967313
967516
967720
967924
968130
968333
968539
968742
968951
969155
969356
969563
969765
969969
970172
970375
970577
970779
970983
971188
971397
971601
971803
972013
972214
972419
972627
972830
973038
973243
973450
973656
973863
974068
974271
974472
974679
974884
975087
975292
975495
975702
975905
976112
976317
976522
976730
976939
977143
977345
977553
977759
977964
978168
978371
978576
978777
978983
979185
979391
979600
979804
980011
980216
980425
980632
980836
981039
981242
981444
981645
981848
982051
982254
982458
982662
982870
983075
983278
983480
983686
983892
984104
984308
984514
984720
984925
985131
985333
985541
985751
985957
986160
986365
986573
986775
986979
987185
987394
987601
987805
988012
988216
988421
988623
988825
989033
989235
989439
989646
989852
990058
990260
990466
990671
990875
991078
991280
991487
991691
991895
992099
992306
992509
992720
992922
993126
993330
993534
993739
993947
994155
994357
994559
994770
994977
995184
995391
995597
995802
996010
996212
996416
996621
996825
997030
997233
997441
997643
997847
998053
998258
998465
998667
998874
999082
999287
999491
999697
999902
1000106
1000312
1000519
1000723
1000927
1001130
1001333
1001537
1001739
1001947
1002152
1002360
1002568
1002778
1002984
1003189
1003393
1003599
1003804
1004007
1004211
1004414
1004621
1004827
1005030
1005239
1005445
1005648
1005852
1006055
1006265
1006470
1006671
1006876
1007080
1007284
1007489
1007694
1007897
1008102
1008305
1008508
1008717
1008924
1009126
1009327
1009529
1009736
1009942
1010144
1010352
1010560
1010767
1010973
1011177
1011382
1011585
1011787
1011989
1012193
1012397
1012600
1012804
1013007
1013212
1013414
1013619
1013824
1014027
1014232
1014435
1014644
1014849
1015055
1015260
1015465
1015669
1015874
1016080
1016286
1016493
1016698
1016902
1017113
1017320
1017522
1017726
1017933
1018142
1018347
1018552
1018760
1018962
1019169
1019377
1019584
1019786
1019988
1020190
1020397
1020600
1020805
1021011
1021219
1021425
1021632
1021839
1022042
1022245
1022446
1022651
1022857
1023060
1023265
1023474
1023677
1023887
1024093
1024297
1024499
1024704
1024911
1025117
1025319
1025524
1025728
1025929
1026130
1026334
1026540
1026744
1026948
1027153
1027357
1027563
1027769
1027971
1028172
1028375
1028580
1028784
1028991
1029197
1029400
1029603
1029811
1030018
1030224
1030429
1030633
1030840
1031048
1031255
1031460
1031670
1031874
1032074
1032281
1032485
1032689
1032895
1033098
1033300
1033507
1033712
1033916
1034123
1034324
1034534
1034740
1034948
1035155
1035360
1035560
1035764
1035968
1036171
1036379
1036584
1036789
1036995
1037204
1037408
1037612
1037817
1038020
1038227
1038430
1038636
1038840
1039044
1039251
1039455
1039657
1039859
1040064
1040269
1040474
1040681
1040887
1041095
1041301
1041502
1041711
1041916
1042120
1042325
1042527
1042730
1042936
1043143
1043352
1043560
1043764
1043967
1044171
1044376
1044589
1044794
1045000
1045205
1045412
1045617
1045819
1046025
1046228
1046441
1046645
1046850
1047058
1047263
1047474
1047679
1047886
1048088
1048292
1048495
1048703
1048911
1049117
1049322
1049528
1049730
1049934
1050141
1050344
1050553
1050758
1050962
1051167
1051369
1051572
1051781
1051986
1052190
1052395
1052599
1052805
1053011
1053215
1053420
1053625
1053826
1054032
1054237
1054444
1054648
1054853
1055055
1055259
1055463
1055667
1055871
1056075
1056278
1056484
1056688
1056898
1057103
1057309
1057513
1057716
1057920
1058130
1058336
1058540
1058742
1058945
1059151
1059360
1059564
1059770
1059975
1060184
1060389
1060596
1060798
1061005
1061212
1061419
1061622
1061827
1062032
1062236
1062441
1062647
1062852
1063054
1063259
1063463
1063669
1063872
1064080
1064288
1064490
1064697
1064899
1065107
1065311
1065516
1065722
1065928
1066132
1066337
1066541
1066744
1066953
1067159
1067360
1067565
1067770
1067974
1068178
1068384
1068590
1068794
1069004
1069206
1069412
1069615
1069819
1070022
1070232
1070438
1070643
1070847
1071050
1071257
1071464
1071673
1071879
1072084
1072285
1072489
1072694
1072900
1073107
1073312
1073513
1073721
1073926
1074134
1074340
1074546
1074749
1074951
1075153
1075355
1075563
1075766
1075977
1076181
1076385
1076588
1076797
1077000
1077206
1077414
1077619
1077822
1078029
1078234
1078441
1078650
1078852
1079059
1079260
1079461
1079666
1079874
1080083
1080288
1080493
1080701
1080904
1081108
1081310
1081517
1081719
1081925
1082129
1082336
1082541
1082746
1082950
1083153
1083361
1083564
1083766
1083972
1084174
1084377
1084579
1084783
1084991
1085196
1085399
1085605
1085807
1086011
1086217
1086421
1086630
1086834
1087037
1087241
1087447
1087652
1087857
1088062
1088268
1088474
1088680
1088887
1089090
1089298
1089501
1089706
1089913
1090114
1090318
1090523
1090728
1090932
1091137
1091342
1091547
1091752
1091962
1092165
1092371
1092576
1092781
1092989
1093195
1093401
1093608
1093812
1094019
1094223
1094426
1094629
1094832
1095039
1095244
1095452
1095658
1095865
1096070
1096274
1096477
1096683
1096888
1097088
1097293
1097496
1097699
1097901
1098105
1098310
1098515
1098722
1098928
1099130
1099336
1099539
1099743
1099947
1100153
1100359
1100569
1100774
1100979
1101186
1101394
1101600
1101807
1102012
1102214
1102417
1102620
1102827
1103029
1103239
1103440
1103644
1103853
1104057
1104261
1104468
1104672
1104876
1105084
1105289
1105491
1105696
1105905
1106110
1106312
1106515
1106725
1106930
1107135
1107341
1107545
1107747
1107952
1108155
1108361
1108566
1108770
1108976
1109180
1109386
1109589
1109794
1109997
1110202
1110407
1110614
1110817
1111020
1111227
1111432
1111636
1111843
1112048
1112254
1112459
1112666
1112875
1113077
1113282
1113488
1113691
1113896
1114101
1114309
1114514
1114719
1114921
1115126
1115334
1115541
1115742
1115949
1116156
1116363
1116568
1116770
1116977
1117183
1117387
1117593
1117802
1118006
1118212
1118418
1118629
1118832
1119033
1119234
1119436
1119642
1119854
1120058
1120263
1120465
1120669
1120876
1121080
1121284
1121486
1121692
1121898
1122101
1122306
1122511
1122717
1122922
1123132
1123339
1123547
1123753
1123956
1124160
1124363
1124566
1124771
1124975
1125178
1125380
1125584
1125791
1126000
1126205
1126410
1126614
1126824
1127032
1127237
1127444
1127649
1127852
1128060
1128263
1128468
1128672
1128877
1129082
1129290
1129494
1129697
1129903
1130114
1130319
1130524
1130727
1130932
1131142
1131350
1131555
1131759
1131962
1132167
1132373
1132578
1132782
1132985
1133191
1133399
1133606
1133809
1134015
1134217
1134424
1134627
1134833
1135040
1135242
1135447
1135650
1135855
1136057
1136259
1136467
1136674
1136877
1137080
1137285
1137492
1137698
1137900
1138107
1138313
1138516
1138718
1138924
1139129
1139339
1139542
1139746
1139951
1140154
1140358
1140559
1140763
1140972
1141176
1141385
1141588
1141794
1141996
1142202
1142407
1142609
1142816
1143022
1143225
1143429
1143637
1143844
1144047
1144254
1144456
1144662
1144868
1145074
1145277
1145482
1145686
1145890
1146096
1146300
1146504
1146707
1146913
1147117
1147319
1147521
1147727
1147932
1148136
1148340
1148544
1148754
1148957
1149159
1149363
1149565
1149771
1149978
1150181
1150383
1150587
1150791
1150994
1151200
1151408
1151617
1151822
1152027
1152231
1152435
1152636
1152843
1153047
1153252
1153459
1153664
1153871
1154076
1154281
1154482
1154686
1154894
1155099
1155303
1155511
1155719
1155924
1156131
1156336
1156543
1156746
1156947
1157152
1157353
1157559
1157763
1157971
1158174
1158379
1158582
1158787
1158991
1159195
1159404
1159611
1159813
1160017
1160224
1160428
1160633
1160840
1161050
1161257
1161466
1161672
1161879
1162085
1162290
1162497
1162702
1162904
1163106
1163309
1163514
1163718
1163924
1164129
1164336
1164540
1164747
1164952
1165158
1165363
1165569
1165776
1165982
1166183
1166390
1166597
1166805
1167012
1167217
1167421
1167624
1167829
1168035
1168241
1168446
1168651
1168857
1169067
1169271
1169475
1169682
1169887
1170091
1170300
1170504
1170708
1170916
1171120
1171323
1171526
1171729
1171932
1172135
1172340
1172545
1172750
1172960
1173166
1173368
1173572
1173778
1173985
1174190
1174398
1174603
1174808
1175013
1175218
1175421
1175625
1175833
1176037
1176244
1176446
1176652
1176857
1177061
1177264
1177467
1177670
1177872
1178075
1178280
1178484
1178692
1178900
1179106
1179310
1179514
1179722
1179925
1180128
1180332
1180537
1180743
1180948
1181154
1181364
1181570
1181776
1181980
1182189
1182391
1182598
1182807
1183014
1183223
1183429
1183637
1183842
1184047
1184252
1184453
1184658
1184864
1185069
1185274
1185479
1185683
1185887
1186092
1186295
1186499
1186704
1186908
1187111
1187317
1187525
1187732
1187934
1188142
1188345
1188552
1188758
1188962
1189165
1189368
1189573
1189780
1189984
1190187
1190390
1190598
1190804
1191009
1191211
1191414
1191619
1191821
1192033
1192242
1192445
1192651
1192858
1193062
1193271
1193479
1193684
1193888
1194093
1194300
1194503
1194708
1194911
1195113
1195322
1195524
1195729
1195934
1196142
1196348
1196552
1196758
1196961
1197166
1197371
1197577
1197783
1197988
1198193
1198397
1198601
1198805
1199013
1199219
1199422
1199625
1199829
1200032
1200238
1200443
1200647
1200853
1201057
1201258
1201466
1201670
1201879
1202087
1202291
1202495
1202700
1202907
1203113
1203322
1203524
1203728
1203932
1204137
1204341
1204545
1204750
1204954
1205158
1205363
1205572
1205777
1205981
1206183
1206388
1206589
1206791
1206995
1207200
1207404
1207609
1207814
1208018
1208224
1208428
1208635
1208838
1209043
1209246
1209447
1209651
1209854
1210061
1210265
1210466
1210672
1210879
1211087
1211296
1211505
1211710
1211919
1212130
1212337
1212543
1212746
1212952
1213155
1213357
1213563
1213770
1213976
1214181
1214387
1214595
1214803
1215010
1215214
1215419
1215624
1215831
1216036
1216240
1216444
1216648
1216852
1217056
1217264
1217469
1217678
1217881
1218087
1218292
1218495
1218700
1218905
1219109
1219315
1219518
1219724
1219931
1220140
1220348
1220550
1220752
1220959
1221163
1221365
1221571
1221781
1221983
1222188
1222391
1222593
1222801
1223009
1223217
1223422
1223632
1223838
1224046
1224250
1224457
1224659
1224863
1225067
1225272
1225480
1225683
1225886
1226094
1226300
1226503
1226709
1226917
1227121
1227329
1227534
1227741
1227944
1228148
1228350
1228558
1228761
1228967
1229172
1229376
1229583
1229794
1230001
1230205
1230411
1230615
1230819
1231024
1231230
1231435
1231645
1231847
1232053
1232256
1232460
1232664
1232868
1233078
1233285
1233492
1233699
1233905
1234112
1234316
1234523
1234728
1234934
1235138
1235344
1235547
1235750
1235952
1236159
1236363
1236569
1236772
1236975
1237177
1237382
1237586
1237792
1238001
1238204
1238411
1238617
1238821
1239025
1239229
1239439
1239641
1239844
1240048
1240252
1240459
1240665
1240867
1241070
1241271
1241473
1241676
1241878
1242080
1242283
1242494
1242700
1242902
1243106
1243311
1243515
1243722
1243925
1244129
1244334
1244535
1244743
1244948
1245152
1245356
1245565
1245772
1245979
1246182
1246387
1246591
1246795
1247000
1247205
1247409
1247613
1247817
1248023
1248225
1248432
1248636
1248843
1249049
1249251
1249456
1249660
1249866
1250072
1250275
1250479
1250685
1250889
1251096
1251301
1251506
1251714
1251916
1252119
1252322
1252528
1252732
1252938
1253147
1253355
1253556
1253763
1253971
1254176
1254379
1254583
1254787
1254992
1255196
1255405
1255612
1255818
1256024
1256227
1256435
1256642
1256844
1257047
1257253
1257458
1257659
1257864
1258069
1258271
1258476
1258680
1258885
1259090
1259298
1259501
1259705
1259915
1260123
1260327
1260531
1260735
1260937
1261141
1261345
1261546
1261751
1261962
1262167
1262369
1262573
1262780
1262981
1263189
1263394
1263597
1263801
1264006
1264215
1264420
1264626
1264831
1265037
1265242
1265446
1265652
1265855
1266061
1266267
1266472
1266675
1266882
1267087
1267290
1267499
1267703
1267906
1268109
1268312
1268517
1268721
1268927
1269132
1269337
1269548
1269752
1269956
1270162
1270366
1270569
1270777
1270979
1271188
1271390
1271595
1271803
1272009
1272213
1272418
1272619
1272827
1273037
1273242
1273449
1273654
1273857
1274061
1274264
1274469
1274672
1274879
1275086
1275290
1275496
1275705
1275909
1276111
1276315
1276522
1276730
1276935
1277145
1277351
1277555
1277761
1277963
1278168
1278371
1278576
1278781
1278991
1279194
1279397
1279603
1279808
1280011
1280216
1280419
1280623
1280826
1281030
1281233
1281438
1281644
1281847
1282051
1282256
1282461
1282668
1282872
1283078
1283283
1283491
1283693
1283897
1284106
1284310
1284512
1284717
1284923
1285126
1285331
1285539
1285740
1285946
1286153
1286358
1286559
1286764
1286966
1287172
1287377
1287581
1287783
1287984
1288185
1288386
1288592
1288797
1289003
1289203
1289406
1289612
1289816
1290018
1290222
1290428
1290634
1290839
1291041
1291248
1291457
1291664
1291868
1292077
1292285
1292490
1292694
1292901
1293109
1293314
1293521
1293726
1293932
1294138
1294343
1294547
1294751
1294954
1295158
1295364
1295564
1295771
1295975
1296180
1296386
1296591
1296794
1297000
1297205
1297410
1297615
1297822
1298026
1298231
1298436
1298645
1298852
1299056
1299261
1299467
1299670
1299876
1300082
1300287
1300493
1300699
1300904
1301107
1301313
1301515
1301720
1301930
1302134
1302337
1302542
1302742
1302949
1303151
1303357
1303560
1303764
1303967
1304174
1304379
1304581
1304786
1304991
1305199
1305402
1305606
1305815
1306016
1306223
1306425
1306629
1306833
1307038
1307243
1307448
1307657
1307866
1308075
1308277
1308481
1308690
1308899
1309105
1309309
1309511
1309713
1309916
1310123
1310335
1310543
1310751
1310958
1311160
1311362
1311565
1311770
1311974
1312179
1312384
1312587
1312790
1312993
1313197
1313404
1313609
1313818
1314024
1314229
1314433
1314636
1314837
1315040
1315246
1315450
1315657
1315862
1316066
1316270
1316471
1316682
1316884
1317090
1317294
1317498
1317705
1317914
1318118
1318324
1318528
1318733
1318939
1319142
1319347
1319555
1319757
1319965
1320170
1320377
1320582
1320793
1321000
1321206
1321410
1321612
1321816
1322019
1322225
1322431
1322634
1322836
1323042
1323250
1323454
1323663
1323870
1324075
1324277
1324480
1324686
1324892
1325095
1325304
1325507
1325713
1325914
1326118
1326325
1326528
1326734
1326943
1327151
1327354
1327561
1327766
1327970
1328174
1328376
1328580
1328783
1328986
1329190
1329391
1329596
1329799
1330003
1330210
1330415
1330627
1330831
1331040
1331248
1331455
1331658
1331867
1332070
1332275
1332477
1332685
1332891
1333097
1333300
1333503
1333709
1333914
1334121
1334324
1334529
1334732
1334937
1335144
1335347
1335548
1335753
1335958
1336162
1336366
1336574
1336778
1336983
1337187
1337392
1337594
1337796
1338000
1338211
1338412
1338616
1338824
1339032
1339237
1339441
1339647
1339856
1340060
1340266
1340469
1340671
1340876
1341080
1341287
1341494
1341702
1341906
1342109
1342314
1342517
1342720
1342928
1343131
1343335
1343542
1343744
1343952
1344156
1344363
1344568
1344770
1344976
1345179
1345386
1345589
1345793
1345998
1346203
1346410
1346613
1346819
1347024
1347228
1347434
1347638
1347845
1348049
1348256
1348459
1348662
1348867
1349073
1349276
1349480
1349681
1349887
1350092
1350295
1350501
1350703
1350909
1351112
1351314
1351519
1351727
1351931
1352136
1352339
1352544
1352754
1352958
1353165
1353373
1353582
1353791
1354002
1354203
1354406
1354609
1354813
1355018
1355222
1355428
1355631
1355832
1356035
1356241
1356445
1356653
1356856
1357061
1357265
1357471
1357675
1357880
1358084
1358291
1358497
1358705
1358911
1359116
1359323
1359530
1359736
1359940
1360144
1360350
1360553
1360757
1360961
1361171
1361375
1361578
1361783
1361986
1362192
1362394
1362596
1362799
1363000
1363204
1363411
1363614
1363820
1364022
1364226
1364431
1364635
1364837
1365042
1365251
1365455
1365662
1365866
1366074
1366283
1366485
1366691
1366893
1367100
1367304
1367513
1367717
1367919
1368125
1368331
1368534
1368738
1368948
1369150
1369352
1369559
1369766
1369976
1370181
1370386
1370590
1370795
1371000
1371206
1371411
1371620
1371823
1372028
1372237
1372439
1372642
1372847
1373048
1373253
1373456
1373660
1373864
1374070
1374276
1374480
1374684
1374888
1375092
1375297
1375502
1375709
1375914
1376116
1376318
1376523
1376729
1376934
1377140
1377346
1377551
1377756
1377958
1378162
1378367
1378568
1378772
1378979
1379183
1379385
1379589
1379795
1380002
1380205
1380413
1380617
1380826
1381031
1381236
1381440
1381645
1381850
1382059
1382269
1382473
1382678
1382880
1383086
1383295
1383501
1383706
1383907
1384112
1384318
1384522
1384726
1384930
1385134
1385340
1385543
1385748
1385957
1386160
1386362
1386566
1386774
1386978
1387187
1387391
1387595
1387799
1388006
1388210
1388412
1388620
1388826
1389030
1389233
1389439
1389643
1389845
1390048
1390252
1390457
1390664
1390867
1391074
1391276
1391479
1391683
1391888
1392094
1392301
1392509
1392715
1392924
1393129
1393334
1393544
1393750
1393957
1394162
1394369
1394574
1394780
1394981
1395186
1395388
1395592
1395801
1396006
1396216
1396418
1396625
1396826
1397034
1397236
1397442
1397650
1397853
1398058
1398264
1398469
1398670
1398874
1399078
1399283
1399492
1399696
1399904
1400109
1400312
1400516
1400718
1400925
1401132
1401339
1401542
1401747
1401951
1402158
1402360
1402567
1402774
1402978
1403182
1403387
1403592
1403799
1404005
1404211
1404415
1404618
1404823
1405029
1405235
1405442
1405646
1405854
1406058
1406265
1406469
1406674
1406877
1407082
1407285
1407493
1407698
1407904
1408109
1408310
1408516
1408720
1408926
1409132
1409336
1409546
1409752
1409954
1410158
1410364
1410568
1410772
1410975
1411179
1411382
1411587
1411792
1411996
1412200
1412403
1412609
1412814
1413018
1413220
1413423
1413630
1413836
1414045
1414250
1414456
1414661
1414867
1415073
1415277
1415480
1415690
1415894
1416100
1416309
1416516
1416721
1416924
1417130
1417336
1417537
1417745
1417948
1418152
1418358
1418565
1418769
1418974
1419178
1419384
1419591
1419799
1420006
1420220
1420427
1420634
1420837
1421043
1421253
1421456
1421658
1421859
1422064
1422270
1422473
1422680
1422885
1423093
1423301
1423507
1423715
1423918
1424120
1424325
1424530
1424734
1424942
1425155
1425359
1425563
1425768
1425970
1426179
1426381
1426585
1426793
1426998
1427206
1427413
1427617
1427818
1428022
1428229
1428434
1428642
1428845
1429050
1429255
1429456
1429661
1429864
1430067
1430273
1430476
1430680
1430889
1431094
1431301
1431505
1431706
1431913
1432116
1432321
1432526
1432732
1432940
1433142
1433347
1433551
1433758
1433964
1434172
1434377
1434581
1434789
1434993
1435195
1435396
1435600
1435804
1436007
1436211
1436414
1436615
1436821
1437031
1437234
1437443
1437647
1437852
1438056
1438261
1438466
1438674
1438879
1439083
1439287
1439494
1439702
1439903
1440106
1440313
1440523
1440728
1440934
1441141
1441347
1441552
1441758
1441960
1442165
1442371
1442574
1442780
1442984
1443188
1443392
1443593
1443797
1444000
1444200
1444406
1444608
1444813
1445016
1445221
1445428
1445634
1445834
1446042
1446245
1446448
1446653
1446859
1447065
1447274
1447479
1447681
1447884
1448091
1448300
1448503
1448710
1448914
1449121
1449328
1449533
1449737
1449944
1450149
1450353
1450559
1450762
1450970
1451173
1451376
1451580
1451784
1451990
1452192
1452398
1452603
1452806
1453011
1453217
1453420
1453624
1453829
1454035
1454242
1454445
1454651
1454856
1455057
1455266
1455468
1455676
1455882
1456087
1456292
1456500
1456706
1456909
1457110
1457312
1457518
1457727
1457934
1458139
1458345
1458548
1458755
1458960
1459167
1459373
1459580
1459784
1459996
1460201
1460405
1460609
1460815
1461020
1461227
1461435
1461637
1461840
1462043
1462245
1462452
1462656
1462865
1463073
1463280
1463487
1463693
1463897
1464104
1464313
1464520
1464726
1464932
1465136
1465338
1465544
1465751
1465956
1466159
1466364
1466572
1466777
1466980
1467189
1467394
1467601
1467803
1468008
1468218
1468423
1468631
1468836
1469042
1469249
1469452
1469654
1469859
1470064
1470270
1470471
1470677
1470883
1471086
1471289
1471491
1471694
1471902
1472105
1472308
1472513
1472717
1472919
1473123
1473327
1473533
1473737
1473940
1474145
1474351
1474555
1474761
1474963
1475165
1475369
1475573
1475778
1475984
1476188
1476395
1476601
1476804
1477011
1477215
1477422
1477626
1477830
1478038
1478244
1478449
1478653
1478858
1479065
1479266
1479473
1479675
1479879
1480086
1480287
1480491
1480699
1480904
1481112
1481318
1481522
1481730
1481939
1482145
1482348
1482557
1482764
1482968
1483171
1483377
1483582
1483790
1483994
1484198
1484399
1484606
1484817
1485021
1485223
1485427
1485631
1485837
1486039
1486243
1486448
1486651
1486854
1487060
1487269
1487473
1487679
1487886
1488088
1488291
1488495
1488698
1488900
1489109
1489313
1489521
1489726
1489931
1490135
1490339
1490547
1490751
1490959
1491162
1491367
1491573
1491776
1491983
1492186
1492392
1492595
1492801
1493006
1493213
1493420
1493624
1493827
1494030
1494234
1494440
1494644
1494848
1495052
1495259
1495465
1495672
1495878
1496082
1496285
1496489
1496695
1496897
1497100
1497304
1497509
1497712
1497917
1498122
1498329
1498534
1498738
1498942
1499151
1499359
1499567
1499776
1499980
1500188
1500392
1500599
1500804
1501010
1501215
1501425
1501632
1501838
1502043
1502251
1502455
1502659
1502863
1503067
1503274
1503476
1503678
1503882
1504084
1504289
1504491
1504697
1504901
1505109
1505312
1505518
1505722
1505929
1506133
1506337
1506541
1506748
1506956
1507158
1507364
1507568
1507773
1507979
1508183
1508385
1508592
1508794
1509000
1509207
1509413
1509615
1509823
1510027
1510231
1510432
1510638
1510844
1511050
1511258
1511463
1511668
1511875
1512077
1512283
1512487
1512693
1512899
1513103
1513311
1513517
1513720
1513926
1514130
1514332
1514540
1514746
1514956
1515158
1515360
1515560
1515762
1515965
1516174
1516379
1516584
1516792
1516997
1517202
1517407
1517611
1517812
1518017
1518221
1518426
1518628
1518831
1519037
1519242
1519444
1519647
1519850
1520056
1520261
1520464
1520671
1520875
1521076
1521282
1521488
1521691
1521894
1522103
1522312
1522519
1522725
1522927
1523132
1523337
1523540
1523742
1523948
1524152
1524360
1524562
1524768
1524975
1525180
1525384
1525591
1525797
1526004
1526210
1526419
1526622
1526824
1527028
1527234
1527439
1527644
1527849
1528054
1528260
1528465
1528669
1528875
1529082
1529290
1529496
1529699
1529903
1530105
1530309
1530514
1530719
1530921
1531124
1531329
1531535
1531738
1531940
1532147
1532350
1532558
1532762
1532968
1533172
1533373
1533578
1533783
1533988
1534198
1534402
1534609
1534813
1535017
1535220
1535428
1535634
1535836
1536042
1536247
1536451
1536654
1536860
1537067
1537269
1537473
1537677
1537878
1538083
1538288
1538496
1538700
1538907
1539111
1539316
1539524
1539729
1539932
1540137
1540340
1540544
1540751
1540955
1541161
1541368
1541571
1541773
1541978
1542191
1542401
1542602
1542804
1543010
1543216
1543421
1543621
1543825
1544029
1544234
1544437
1544643
1544847
1545057
1545268
1545469
1545676
1545883
1546089
1546297
1546504
1546711
1546919
1547125
1547332
1547536
1547744
1547949
1548154
1548356
1548560
1548765
1548971
1549175
1549380
1549587
1549797
1550003
1550208
1550411
1550613
1550816
1551019
1551223
1551430
1551632
1551836
1552043
1552251
1552453
1552658
1552866
1553069
1553274
1553477
1553682
1553890
1554095
1554299
1554502
1554707
1554910
1555117
1555325
1555528
1555733
1555942
1556144
1556348
1556554
1556760
1556966
1557167
1557372
1557574
1557780
1557988
1558191
1558399
1558607
1558809
1559013
1559217
1559423
1559627
1559833
1560039
1560242
1560448
1560650
1560853
1561056
1561259
1561466
1561669
1561870
1562072
1562275
1562480
1562690
1562894
1563095
1563299
1563502
1563707
1563914
1564120
1564328
1564535
1564741
1564944
1565150
1565353
1565556
1565759
1565962
1566169
1566373
1566577
1566784
1566987
1567192
1567401
1567608
1567812
1568018
1568223
1568428
1568632
1568833
1569040
1569247
1569453
1569657
1569859
1570065
1570266
1570470
1570673
1570880
1571086
1571292
1571498
1571705
1571908
1572112
1572313
1572520
1572726
1572931
1573136
1573339
1573543
1573750
1573952
1574157
1574362
1574566
1574769
1574971
1575177
1575382
1575585
1575789
1575998
1576207
1576411
1576613
1576816
1577019
1577225
1577434
1577640
1577845
1578052
1578258
1578465
1578669
1578874
1579083
1579290
1579497
1579705
1579908
1580114
1580316
1580524
1580730
1580934
1581139
1581340
1581549
1581752
1581957
1582158
1582362
1582569
1582776
1582977
1583188
1583392
1583595
1583798
1584008
1584214
1584418
1584622
1584828
1585034
1585236
1585440
1585647
1585853
1586058
1586263
1586469
1586672
1586878
1587085
1587289
1587498
1587701
1587906
1588109
1588316
1588520
1588726
1588931
1589135
1589338
1589543
1589748
1589953
1590160
1590363
1590568
1590774
1590980
1591182
1591386
1591594
1591799
1592001
1592205
1592407
1592610
1592818
1593023
1593227
1593431
1593634
1593837
1594045
1594250
1594454
1594660
1594863
1595066
1595270
1595473
1595679
1595882
1596084
1596287
1596495
1596698
1596903
1597111
1597316
1597521
1597727
1597933
1598139
1598343
1598545
1598756
1598961
1599170
1599378
1599583
1599787
1599994
1600202
1600409
1600613
1600816
1601020
1601223
1601428
1601633
1601838
1602039
1602245
1602449
1602651
1602855
1603060
1603266
1603473
1603681
1603887
1604091
1604293
1604501
1604709
1604912
1605113
1605316
1605519
1605723
1605928
1606135
1606342
1606551
1606759
1606967
1607168
1607376
1607582
1607785
1607990
1608194
1608397
1608602
1608805
1609012
1609218
1609425
1609628
1609832
1610034
1610242
1610447
1610654
1610862
1611064
1611271
1611475
1611680
1611885
1612093
1612304
1612507
1612708
1612911
1613117
1613321
1613532
1613741
1613944
1614149
1614352
1614556
1614762
1614966
1615174
1615378
1615583
1615789
1615995
1616196
1616401
1616604
1616807
1617013
1617223
1617431
1617634
1617841
1618047
1618251
1618455
1618661
1618865
1619067
1619270
1619476
1619680
1619886
1620090
1620293
1620497
1620701
1620907
1621112
1621317
1621523
1621725
1621930
1622136
1622338
1622547
1622752
1622960
1623170
1623373
1623580
1623784
1623989
1624193
1624397
1624602
1624811
1625014
1625215
1625421
1625628
1625832
1626038
1626242
1626445
1626651
1626855
1627059
1627262
1627466
1627674
1627878
1628079
1628287
1628493
1628700
1628901
1629106
1629308
1629513
1629715
1629918
1630127
1630337
1630542
1630749
1630955
1631159
1631366
1631570
1631774
1631981
1632184
1632391
1632597
1632803
1633004
1633206
1633409
1633614
1633817
1634021
1634224
1634432
1634637
1634842
1635047
1635251
1635460
1635663
1635868
1636073
1636276
1636482
1636688
1636895
1637099
1637302
1637505
1637711
1637915
1638120
1638324
1638527
1638736
1638938
1639146
1639351
1639556
1639764
1639968
1640172
1640376
1640580
1640783
1640985
1641188
1641394
1641601
1641806
1642012
1642215
1642419
1642620
1642829
1643034
1643238
1643444
1643647
1643851
1644054
1644260
1644462
1644667
1644871
1645076
1645281
1645488
1645692
1645894
1646097
1646303
1646511
1646718
1646927
1647134
1647339
1647543
1647748
1647953
1648158
1648363
1648571
1648776
1648982
1649185
1649392
1649600
1649803
1650008
1650219
1650424
1650628
1650831
1651035
1651240
1651444
1651650
1651855
1652059
1652261
1652461
1652667
1652871
1653078
1653285
1653491
1653698
1653908
1654111
1654314
1654517
1654719
1654923
1655130
1655332
1655539
1655744
1655945
1656151
1656356
1656564
1656773
1656974
1657180
1657384
1657586
1657795
1658002
1658206
1658413
1658617
1658821
1659024
1659231
1659436
1659647
1659850
1660055
1660257
1660462
1660669
1660876
1661076
1661281
1661490
1661697
1661902
1662105
1662310
1662515
1662722
1662928
1663131
1663337
1663543
1663747
1663948
1664152
1664356
1664561
1664770
1664976
1665178
1665384
1665590
1665798
1666005
1666211
1666416
1666620
1666828
1667036
1667239
1667445
1667648
1667852
1668057
1668267
1668472
1668678
1668882
1669086
1669291
1669495
1669700
1669908
1670111
1670314
1670517
1670722
1670932
1671133
1671341
1671545
1671750
1671956
1672161
1672364
1672566
1672767
1672973
1673179
1673385
1673588
1673790
1673992
1674194
1674396
1674600
1674802
1675006
1675210
1675417
1675623
1675828
1676029
1676234
1676438
1676641
1676846
1677048
1677256
1677460
1677666
1677871
1678076
1678281
1678488
1678695
1678901
1679106
1679311
1679513
1679716
1679919
1680123
1680328
1680534
1680740
1680947
1681156
1681356
1681558
1681767
1681971
1682178
1682385
1682591
1682796
1683004
1683205
1683414
1683620
1683823
1684032
1684238
1684444
1684653
1684860
1685063
1685266
1685469
1685674
1685877
1686087
1686291
1686494
1686698
1686902
1687107
1687313
1687515
1687719
1687922
1688126
1688329
1688534
1688740
1688946
1689151
1689356
1689560
1689762
1689964
1690173
1690378
1690583
1690791
1690996
1691198
1691403
1691609
1691813
1692015
1692221
1692423
1692623
1692829
1693037
1693241
1693445
1693657
1693863
1694067
1694267
1694472
1694677
1694880
1695081
1695284
1695484
1695695
1695903
1696110
1696314
1696520
1696721
1696929
1697136
1697344
1697547
1697752
1697955
1698159
1698368
1698573
1698775
1698980
1699184
1699386
1699590
1699795
1700000
1700204
1700408
1700614
1700818
1701026
1701232
1701437
1701642
1701843
1702044
1702251
1702456
1702661
1702865
1703070
1703274
1703478
1703680
1703887
1704089
1704292
1704495
1704699
1704901
1705109
1705313
1705517
1705719
1705927
1706131
1706337
1706543
1706747
1706954
1707160
1707368
1707573
1707776
1707981
1708185
1708389
1708592
1708794
1708996
1709203
1709407
1709613
1709817
1710020
1710225
1710429
1710636
1710840
1711044
1711246
1711455
1711659
1711865
1712072
1712278
1712483
1712684
1712893
1713100
1713302
1713508
1713715
1713920
1714123
1714331
1714538
1714742
1714946
1715150
1715356
1715562
1715763
1715968
1716173
1716380
1716584
1716793
1717000
1717204
1717411
1717617
1717821
1718028
1718231
1718437
1718642
1718848
1719053
1719253
1719456
1719664
1719870
1720073
1720276
1720478
1720682
1720887
1721089
1721297
1721501
1721705
1721909
1722113
1722317
1722521
1722723
1722925
1723130
1723335
1723540
1723743
1723946
1724151
1724363
1724567
1724775
1724978
1725183
1725388
1725594
1725803
1726008
1726210
1726412
1726615
1726823
1727030
1727232
1727438
1727641
1727844
1728055
1728264
1728471
1728674
1728878
1729082
1729286
1729490
1729692
1729897
1730105
1730310
1730517
1730723
1730929
1731136
1731344
1731548
1731750
1731959
1732166
1732373
1732578
1732781
1732985
1733191
1733396
1733600
1733804
1734008
1734214
1734420
1734627
1734834
1735040
1735242
1735450
1735658
1735860
1736063
1736271
1736476
1736678
1736882
1737088
1737290
1737495
1737698
1737902
1738106
1738310
1738512
1738716
1738920
1739128
1739331
1739533
1739738
1739942
1740151
1740354
1740563
1740770
1740973
1741178
1741386
1741590
1741792
1741997
1742205
1742414
1742619
1742826
1743030
1743232
1743439
1743643
1743847
1744052
1744255
1744459
1744665
1744868
1745073
1745277
1745484
1745691
1745896
1746100
1746305
1746508
1746713
1746920
1747124
1747330
1747534
1747739
1747944
1748149
1748352
1748555
1748756
1748958
1749163
1749371
1749574
1749779
1749987
1750193
1750399
1750604
1750815
1751018
1751222
1751426
1751635
1751839
1752045
1752251
1752457
1752660
1752863
1753069
1753274
1753478
1753682
1753888
1754093
1754298
1754499
1754702
1754907
1755110
1755316
1755520
1755727
1755932
1756137
1756344
1756554
1756757
1756959
1757163
1757366
1757573
1757777
1757988
1758194
1758402
1758604
1758808
1759019
1759223
1759424
1759628
1759830
1760034
1760237
1760438
1760643
1760846
1761050
1761254
1761459
1761665
1761866
1762071
1762274
1762476
1762681
1762886
1763091
1763296
1763500
1763703
1763910
1764116
1764320
1764525
1764730
1764938
1765144
1765349
1765552
1765757
1765968
1766174
1766382
1766587
1766788
1766991
1767192
1767394
1767599
1767802
1768009
1768212
1768416
1768621
1768828
1769032
1769238
1769441
1769648
1769851
1770056
1770262
1770465
1770674
1770882
1771083
1771286
1771493
1771697