512.9819
514.2541
518.8506
518.8493
519.9103
525.9288
524.3571
527.677
528.9991
531.8593
526.3076
532.4263
532.124
533.8354
534.4811
534.3064
535.3983
536.5718
536.5684
541.0695
541.1008
542.5176
544.1901
543.6
546.2983
547.8428
550.0237
551.8055
553.7747
553.4875
552.9793
555.7975
556.9488
555.6458
556.1971
559.5106
559.6545
558.3
564.3151
561.2609
563.2502
563.5797
565.9122
565.975
565.7377
568.6575
568.1523
571.5123
574.6196
574.9571
576.3944
578.0757
577.04
577.0209
579.0123
582.5332
582.2123
583.6128
584.0662
585.3655
585.748
586.4743
588.0543
589.5287
590.7899
589.8872
589.7996
588.5701
592.0286
590.6589
594.0226
594.294
596.1723
593.9305
595.7744
596.4506
596.2708
597.9557
598.0909
599.4787
600.7539
600.4093
602.8175
602.9713
604.2763
604.7272
604.5597
603.721
605.0681
606.5842
606.4586
607.1332
607.5545
607.9906
606.5035
605.4246
607.1351
607.069
605.7622
606.939
608.4078
607.4024
609.7671
610.7123
612.2335
613.6165
614.6677
616.4229
616.2339
617.0029
617.4893
618.2327
618.8563
618.8328
619.2004
618.8079
619.7355
620.3933
619.6853
619.3229
618.9677
619.9552
620.1088
621.2097
620.4835
620.357
621.0605
621.2953
620.7654
620.7448
621.3185
620.1354
619.9468
620.971
621.5886
620.2711
622.3684
622.2103
620.2455
621.9547
623.4287
625.2404
626.1542
626.5335
627.6234
628.594
628.2155
629.4202
629.5263
630.0602
630.0378
630.6862
631.1574
630.7046
631.852
630.764
631.0693
630.9231
631.6365
633.1017
634.1833
634.7733
634.2712
635.1677
635.3937
634.582
636.5405
637.8685
637.2202
636.6514
638.8969
639.6171
638.7748
640.2195
638.7885
640.5046
641.4196
641.7134
642.3876
643.1969
642.0375
641.8885
642.8948
642.7964
642.657
643.08
644.0172
644.096
644.8613
644.8947
643.1963
644.5564
645.2501
645.9484
645.6176
646.0587
644.6354
645.4058
646.5389
647.7458
648.1353
647.8165
646.8582
648.7051
649.1116
648.7537
649.2155
649.0213
649.3765
649.5378
649.5151
650.1038
652.1682
651.5912
652.9614
653.8616
654.1069
654.4645
655.4851
655.7386
656.8799
655.7873
657.0963
657.8869
658.6209
659.0267
659.5449
659.4389
659.6105
659.9686
660.3633
660.7714
661.1698
661.9637
662.6194
662.3561
663.46
664.2501
664.3832
664.3295
665.017
664.8024
664.9536
665.165
665.2031
665.1468
665.5052
665.5377
665.7404
665.5603
665.838
665.6648
666.1852
666.2638
666.2958
666.5837
666.7911
667.5118
667.5424
668.1095
667.952
668.8859
669.0421
669.1357
669.1218
669.6214
669.2867
669.824
669.7384
669.7748
669.8727
669.9227
669.9931
670.222
670.5095
670.8272
670.6945
670.7678
671.0915
671.1919
671.5458
672.0091
672.5283
672.5486
672.6241
671.9586
673.4429
673.3466
673.4814
674.0916
673.7681
674.42
674.6499
674.8905
674.9725
674.954
675.032
675.3563
675.14
675.2142
675.3601
676.0447
675.9669
676.5354
676.8015
677.2547
677.1685
677.4875
677.858
677.9927
677.9306
677.7025
678.0908
678.1083
678.7631
678.6035
678.163
678.6849
679.4291
679.2202
679.3299
680.0953
679.8024
680.382
680.5557
680.6328
680.8163
681.2516
681.5294
681.4552
681.8038
681.8384
682.2258
682.6055
682.5514
682.5059
682.5507
682.8063
683.0776
682.8215
683.7405
683.8439
683.8889
683.7698
684.0148
684.4578
684.4826
684.138
684.6359
684.326
684.5071
684.5165
684.5108
684.6922
684.8852
684.8622
684.7749
684.7761
684.3861
685.1224
685.4569
685.6487
685.5279
686.278
685.7722
686.0396
686.4024
686.0396
686.2546
686.3011
686.677
687.1735
686.9557
686.8823
687.8939
686.5577
687.8083
687.5817
687.4737
688.0234
688.3647
688.3335
688.7974
688.9227
688.1387
689.2892
689.5553
689.4718
689.6884
690.2083
690.4169
690.4694
690.9756
690.8156
691.286
691.7345
691.5759
692.2368
692.3815
692.3988
692.2079
691.6222
692.1041
691.3685
691.5316
691.5292
691.6371
691.566
691.7291
692.4115
692.5761
692.7267
693.1746
692.7497
693.856
693.6196
693.03
693.199
693.6148
693.9692
693.8956
694.1795
693.9678
694.1385
694.3524
694.346
694.1119
694.3511
694.4112
694.9052
694.6608
693.9955
694.8901
693.9675
694.647
694.73
695.088
695.0251
694.6628
695.0479
695.0764
695.021
695.0819
695.3154
695.4139
695.5934
695.882
696.1021
695.9913
696.2819
696.7153
697.0016
696.9133
696.907
697.0805
696.8494
697.2394
697.515
697.0326
697.7751
697.5464
697.8454
697.4484
698.3967
697.9727
697.8136
698.1938
698.3388
698.6107
698.7875
698.6489
699.1166
698.907
699.2625
699.3948
699.1073
699.7603
699.9377
699.8351
699.7714
699.8394
700.0704
699.9965
699.9957
700.2209
699.6924
700.3817
700.6826
700.4816
700.1644
700.4522
700.999
700.8541
701.0287
700.6901
701.4883
701.8484
701.5078
701.9467
701.99
701.51
702.8016
703.2981
704.0407
702.9886
703.0827
703.6267
703.0098
703.0035
702.9355
702.8821
703.0843
703.3431
703.4153
702.9537
703.0242
703.001
703.6193
703.4573
703.1981
703.3162
703.0494
703.1368
702.9092
703.3654
702.9617
703.0187
703.4272
702.9219
703.1387
703.4807
703.4107
703.7581
703.8284
704.171
704.3409
704.1491
704.3219
704.7834
705.0312
705.5297
705.6767
705.4827
705.8106
706.4877
706.5281
706.7129
706.7035
706.8925
706.4918
706.8425
706.7859
707.1179
707.3641
707.2565
707.0006
707.2581
707.3964
707.5112
707.6074
707.5233
707.2623
707.8145
707.4681
707.9395
707.9477
708.0816
707.8288
708.1345
708.0831
708.364
708.0746
707.85
708.0931
707.6424
707.2336
707.9456
708.7459
708.1796
708.6332
708.912
708.65
709.0159
709.5598
710.0313
709.0628
709.5701
709.6299
709.6271
709.4083
709.2145
709.5543
709.1891
709.2713
709.3422
709.546
709.1567
709.282
709.456
709.6186
709.5248
709.636
709.6782
709.4102
709.7173
710.3195
709.7078
709.987
710.1187
710.1651
710.0982
710.2131
709.8404
709.9194
710.2181
710.0908
710.4018
710.8506
711.0074
710.9759
710.7182
710.9395
711.0733
710.566
711.4686
711.2661
710.8033
711.046
710.8535
711.1578
710.7243
711.1893
711.5036
711.3986
711.4988
711.0584
711.1501
711.3721
711.4401
711.1107
711.3853
711.7276
711.7786
711.5807
711.6082
711.837
711.6318
711.3699
711.6046
711.2822
711.7814
711.2335
711.5793
711.6548
712.1408
711.6945
711.9194
712.1348
712.2109
712.2231
712.6145
712.3148
712.647
712.4892
712.9985
712.9091
712.4348
712.6437
712.4587
712.5661
712.541
712.6577
712.0807
712.3625
712.6276
712.5551
712.7387
712.8011
712.5155
713.0693
712.8764
713.3356
713.2088
713.2687
713.2935
713.4611
713.3597
713.6473
713.5684
713.8039
713.4227
713.841
713.6006
713.7774
713.8116
713.8791
713.6516
713.716
713.372
713.2357
713.7175
713.835
713.4382
713.4676
713.9673
714.3343
714.3536
714.4099
714.6219
714.2156
714.0478
714.5769
714.5507
714.8839
714.316
714.9999
715.0028
715.4648
714.5157
715.2527
715.0389
715.2567
715.2816
715.1151
715.3033
715.5354
715.464
715.0941
715.189
715.4598
715.6195
715.8276
715.754
715.6085
715.4158
715.3531
715.6096
715.5411
715.4815
715.1977
715.8262
715.6909
716.27
715.6113
715.8547
716.0576
715.9362
715.8411
715.7743
716.0546
715.9203
716.0291
716.1211
716.3824
715.8517
716.1464
716.6494
716.5447
716.4952
716.5167
716.6254
716.6254
716.9648
716.17
717.5095
717.4549
717.0876
717.1376
717.3638
716.6881
716.8185
717.486
717.188
717.7693
717.5988
717.4448
717.8867
718.0017
717.7304
718.0552
718.0069
718.1637
718.2281
717.9257
717.9747
717.6139
717.9162
718.0768
718.054
718.4959
718.1808
718.3226
718.3585
718.1684
718.369
718.3044
718.3669
718.5704
718.3705
717.9908
718.2754
718.3881
718.3906
718.5612
718.7631
718.6097
718.676
719.1289
718.6383
718.8275
719.0753
718.9874
719.2034
719.368
718.9751
719.0229
719.5348
719.164
719.4033
719.2692
718.9113
719.4297
719.1233
719.6125
719.1292
718.9825
719.5195
719.3444
719.6948
719.8389
719.8989
720.1672
720.0862
720.5125
720.5194
720.5674
720.6068
721.0301
720.4087
720.8232
720.6878
720.876
720.9647
720.9935
721.09
721.3083
721.0606
720.6357
721.2042
721.3854
721.4038
721.2962
721.2863
720.9758
720.7424
720.6649
720.7903
720.5063
720.6245
720.8071
720.8935
720.78
721.2477
720.358
721.0339
721.2224
721.0828
720.913
721.2424
721.0631
721.3848
721.5636
721.5897
721.6403
721.728
722.3802
721.9785
722.1651
722.2675
721.8828
721.9597
722.1029
722.2432
722.3889
721.903
721.9429
721.8661
721.5472
722.2419
721.738
722.5884
722.1306
722.1892
722.6833
722.7765
722.5548
722.125
722.2688
722.4276
721.8837
722.2357
722.2765
722.7334
722.6846
722.365
722.5141
722.8933
722.4339
722.4127
722.8901
722.614
722.559
722.6379
722.5917
722.854
722.8619
722.9158
722.9393
723.2856
723.2611
723.1823
723.2468
722.9803
723.0783
722.9907
723.0289
723.6277
723.5764
723.9462
723.8828
723.4838
724.1196
723.7057
723.864
723.8024
724.0613
723.9547
724.1946
724.3343
724.5306
724.6827
724.5438
724.3041
724.4556
724.6578
725.1199
725.0189
724.9871
725.468
724.9872
724.7615
725.1369
725.813
725.0635
725.5076
725.9714
725.2678
724.9716
725.4784
724.7726
725.1072
725.1179
725.0139
725.3391
725.139
725.2918
724.9043
725.4755
725.0472
725.6698
725.6016
725.2719
725.3409
725.3035
725.8063
725.7758
726.1187
725.5989
725.6705
726.0746
725.0726
725.8188
725.994
725.9064
726.0969
726.2409
726.1016
726.158
725.8718
726.4829
726.2962
726.1323
726.3486
726.3622
726.6232
726.6271
726.3804
726.2785
726.2323
727.283
726.4648
727.283
726.5052
726.3261
725.9865
726.3464
725.9322
726.2886
725.8518
726.0579
726.048
726.1475
725.9269
726.0173
726.0432
725.9641
726.5161
726.6905
726.8107
726.6128
726.4016
726.8103
727.1949
726.3795
727.5208
727.1411
727.1213
727.3854
726.9447
727.4114
727.1766
726.952
726.9625
726.6354
727.1553
727.0161
726.8175
726.9233
726.8496
726.4794
726.8247
726.9166
726.9325
727.1326
727.0884
727.1661
727.1617
727.2533
727.0659
727.0545
727.2963
727.3717
727.3234
727.0408
727.6525
727.2291
727.4888
727.9597
727.3089
727.7825
727.5874
727.9453
727.1282
727.9969
727.816
727.8117
727.9888
728.7398
728.8885
728.8995
728.5001
728.1185
728.8829
729.0789
728.3129
728.5396
728.4121
728.6837
728.4931
727.9889
728.0706
727.969
727.8806
727.8761
728.1684
727.9671
728.2081
728.1461
728.1545
728.267
728.0446
728.23
728.0154
727.9581
728.2564
728.249
728.5354
728.6242
728.6625
728.471
728.6841
728.5615
728.6153
728.4644
729.0494
729.0296
728.7768
729.153
728.4319
728.6943
728.7828
728.752
728.3563
729.4467
729.3873
729.4522
729.7019
730.0591
729.3212
729.3236
729.5854
729.5856
730.0447
730.2112
730.3425
730.3671
729.9064
729.4138
729.283
729.769
729.8168
729.563
729.1331
730.2095
730.0258
730.3812
730.6228
729.9435
730.6228
730.3593
730.1397
729.9624
729.5795
729.6403
729.2214
729.6977
729.2946
729.1808
729.0482
729.6585
730.4095
730.1301
730.1265
730.1456
730.1646
730.2682
730.7313
730.3828
730.816
730.9045
730.1069
730.4277
730.6823
730.9734
730.6096
730.8914
731.2173
731.499
731.5778
731.5778
731.5778
731.363
731.5778
731.5778
731.5778
731.5778
730.7893
730.6415
730.3361
730.6151
730.4402
730.4745
730.4056
730.3155
730.3471
730.3482
730.3124
730.0867
730.2055
729.3647
730.4824
730.2138
729.944
730.5934
730.6287
730.8834
731.2571
730.8458
731.4166
731.2251
730.4314
730.8004
730.725
730.9681
730.8896
730.9483
730.9889
731.094
731.2874
731.5922
731.4604
732.1747
732.1747
732.1747
732.1747
732.1747
732.1747
732.1747
732.1747
731.8527
732.0356
731.8079
731.3563
731.0624
731.4899
731.392
731.2161
731.3383
732.0097
731.6376
731.7712
731.5432
731.4409
731.4112
731.516
731.8123
731.8989
732.0702
731.7446
731.8932
732.0676
732.1368
731.5372
731.342
731.7612
731.6775
731.6525
731.4867
731.9979
731.8243
731.9726
732.3652
731.9196
732.4763
732.8392
732.8654
732.8654
732.4138
731.7543
731.5667
731.4012
732.1689
732.0465
731.3967
731.5883
732.5961
732.2311
732.3566
731.7429
731.6599
732.0251
731.7891
732.2859
732.0732
731.8672
732.1131
732.0472
731.5005
731.6491
731.8869
731.9451
731.9341
731.4256
732.0103
731.8276
732.0273
731.7182
732.1961
732.2769
732.4626
732.5971
732.4397
731.8867
731.8557
732.3583
731.9329
732.0527
732.0611
732.0308
732.3268
732.2175
732.4513
732.8879
732.5008
732.6748
732.7443
732.6969
732.758
732.6476
732.9147
733.2954
733.0259
733.1083
733.1942
733.3347
733.1244
733.4865
732.9891
732.9501
733.1338
733.0834
733.225
733.2965
733.0493
733.3345
733.4875
733.7134
733.7322
733.5247
733.8394
734.4888
733.8191
733.9585
733.777
733.7094
733.5188
734.1527
733.748
733.6406
733.9347
733.9874
734.2321
734.1539
734.9668
734.5035
734.0739
734.3951
733.9931
733.921
734.4911
734.7374
735.1038
735.1038
735.1038
735.1038
735.1038
734.545
734.5632
734.2622
733.6445
733.9349
734.02
733.3976
734.0377
733.5733
733.5794
734.0737
734.6288
734.2599
734.2997
734.6408
734.4303
734.3025
734.277
734.4542
734.4666
734.3599
735.0515
734.685
734.577
734.569
734.5634
734.4277
734.7956
735.1501
735.743
735.153
735.743
735.743
735.4507
735.5904
735.3442
735.0664
735.0344
735.5203
735.0459
734.9819
735.0007
735.5447
735.7842
735.7842
734.8438
735.1696
734.4479
734.7452
734.837
734.6529
734.8706
734.6804
734.7042
735.0051
734.9214
734.5439
734.6736
735.0386
734.9332
735.5407
735.3922
735.1011
735.7569
735.5261
735.0878
734.916
735.4287
734.702
734.6338
734.546
734.4514
734.2692
734.6891
734.4308
734.4935
734.5176
734.37
734.6976
734.5731
734.7945
734.5122
734.4608
735.4148
735.2099
735.3513
736.2999
735.8033
736.2999
736.2999
735.2978
735.6529
735.2707
735.261
735.257
735.0259
734.9954
735.1489
734.8725
735.1136
734.7766
734.7406
734.6836
734.7974
735.1974
734.8212
734.609
734.7606
735.1841
735.2029
734.8857
735.3718
735.4286
735.8481
735.3187
735.4061
734.8932
735.5448
735.7614
734.9904
736.2033
736.0782
735.4178
735.8337
736.4406
736.1785
735.7636
735.8766
736.1408
736.1006
736.9188
736.5277
736.2324
736.2607
736.0145
735.8077
735.999
735.9053
735.9952
736.0638
735.387
735.3651
735.3784
735.4756
735.8182
735.8802
735.7571
735.533
735.7631
736.2451
736.4163
736.9159
736.5846
736.7255
736.5736
736.5662
736.8586
736.4949
736.1442
735.992
736.4172
736.9519
736.3856
737.0657
737.4954
737.0282
737.5145
737.5363
737.4339
737.5363
736.6415
737.1383
737.3239
736.8604
736.7484
736.3879
736.4248
736.3435
736.4248
736.5891
736.8557
736.6491
737.843
737.6166
737.843
737.843
737.843
737.6997
737.843
737.4835
737.843
737.843
736.7692
737.5735
736.9063
736.9772
736.5597
736.6129
737.0613
736.3881
737.0566
736.777
736.8568
737.0592
736.6645
736.8718
736.8918
736.8929
736.4422
736.5518
736.9219
736.4404
737.3191
737.0494
737.0841
736.9249
737.0466
736.8846
737.121
736.9756
736.917
736.7903
737.5155
737.7863
738.1453
738.1453
737.5935
737.2299
738.1453
738.1453
737.8919
736.8339
737.17
737.1826
737.2985
736.9969
736.6357
736.9327
736.9705
737.3378
737.0933
737.0172
737.5829
737.0084
737.1135
737.7213
737.3917
737.6566
737.32
737.1271
737.4034
737.1398
737.4174
737.5266
737.3444
737.6956
737.8266
738.0569
738.155
738.7918
738.7712
738.7964
738.9307
738.6907
738.9758
738.9907
738.3366
739.0604
739.0604
738.9564
738.7042
738.2744
739.0604
739.0604
738.8328
738.7126
739.0604
737.9456
738.8607
738.5888
739.088
738.857
738.2801
739.1299
739.2075
738.4754
739.2075
738.4379
738.8142
738.7859
738.4833
738.5397
738.1838
739.2562
738.4811
738.7204
739.0668
738.827
738.6929
738.3962
738.2766
737.9284
738.1276
738.0739
738.4296
738.0733
737.6508
738.2901
738.5131
738.4619
738.3834
738.0272
737.705
738.1033
738.233
738.0402
738.686
738.1105
737.909
738.0776
738.1106
738.5457
739.4434
739.4434
739.4434
739.4434
739.4434
739.1948
738.6266
738.7061
738.53
738.3156
738.6949
738.8468
738.4716
738.42
738.1461
738.1899
738.2391
738.279
738.3285
738.4487
738.8679
739.0149
738.7173
738.6495
738.5686
739.0814
738.4988
738.9423
738.6307
738.4207
738.6476
738.6881
738.5931
739.6755
739.6755
739.6755
739.6755
739.6755
739.6755
739.3912
739.6755
739.6755
739.5415
738.6279
739.6755
738.6362
738.7946
738.8367
739.2049
739.2765
738.6803
738.5795
738.3496
738.6668
738.605
738.575
738.3812
738.4646
738.5269
738.3912
739.5083
738.8815
738.8097
738.5572
738.7937
739.2435
739.0062
739.1852
738.9283
739.9854
739.9854
739.5031
739.9854
739.9854
739.5181
739.8785
739.704
739.9854
739.3967
739.9854
739.1085
739.6933
739.9854
739.9854
739.5365
739.9854
739.9854
738.5171
739.6428
739.2322
739.9033
739.3628
738.9485
738.7673
738.9133
739.0122
738.6787
738.778
738.8593
738.8694
738.7773
738.9989
739.0959
738.8121
738.9435
738.8614
739.0179
738.9031
738.8595
739.0923
739.2437
738.8884
738.6371
739.2088
738.8323
738.6545
738.4416
739.0598
740.4279
739.4485
739.7455
739.8821
739.5827
740.4468
740.4624
740.4624
740.399
740.4624
740.4624
740.4624
740.4624
740.4624
740.4357
739.8159
739.5289
739.8136
739.1284
739.2141
738.9706
739.42
740.5657
739.553
739.6318
739.6533
739.2659
739.3448
739.393
739.5457
739.2892
739.6882
739.1699
739.1985
739.7355
739.1797
739.3467
739.4976
739.5904
739.3639
739.5806
739.6163
739.5178
739.5789
740.5546
739.7514
740.2037
740.7416
739.8825
739.7093
739.7939
740.0848
739.8088
740.4439
740.7027
740.1603
740.0681
740.8475
740.8475
740.4138
740.8475
740.8475
740.8475
740.8475
740.8475
740.3
740.8475
740.6356
740.6954
740.8475
740.2678
740.7062
739.8518
739.3612
739.4985
739.8179
739.7682
739.4497
739.5057
739.8171
739.9713
739.7679
739.708
739.6456
739.8478
740.0983
740.4736
741.0613
741.0613
741.0613
741.0613
740.6848
740.534
741.0613
741.0613
741.0613
741.0613
740.5441
741.0613
741.0613
741.0613
740.9697
741.0613
741.0613
740.6235
740.8262
741.0613
741.0613
740.3512
740.54
741.0787
741.0787
740.2465
740.1136
740.6179
741.0849
740.9946
740.0979
739.796
739.5573
739.8484
739.8701
739.6037
739.7548
739.6494
739.8792
739.9505
739.9504
740.2506
739.9877
740.0142
739.9205
739.891
739.9943
739.6147
739.7896
740.0194
739.6105
739.9508
740.2182
739.6724
739.9741
740.3232
739.9803
739.473
740.1069
739.7334
740.037
741.4395
741.4395
741.018
741.4395
741.4395
741.4395
741.1516
741.2977
741.4395
741.4395
741.4395
741.4395
741.4395
741.4395
740.9564
740.8613
741.4395
740.752
741.4395
741.3111
740.9149
740.9755
740.2931
740.5198
740.589
740.3162
740.0339
740.5753
740.5148
740.4803
740.5291
740.3728
740.2643
740.5593
740.4526
740.6702
740.7178
741.5081
741.1455
740.8649
740.8701
741.7883
741.6051
741.8038
741.8038
741.3079
741.5803
740.9849
741.5813
741.0564
740.7723
740.8017
740.7254
740.7563
740.7461
740.8841
740.7515
741.3031
741.0325
741.0753
740.9572
741.092
740.8073
741.1682
740.8859
740.7903
740.7466
741.0601
740.8152
740.8703
740.6835
741.1019
740.7018
740.5478
741.3375
741.2013
740.6939
741.0405
741.1072
741.0858
741.0908
740.9952
741.4166
741.1705
741.0466
741.3471
741.4323
741.728
741.6457
742.4215
742.4215
742.4215
741.2034
741.4497
741.3231
741.5532
741.4859
741.3991
741.1962
741.0983
741.0615
741.3522
741.8578
741.2866
741.8448
741.8232
741.9875
741.9125
741.7868
741.931
741.5691
742.4537
742.6775
742.3685
741.632
742.6775
742.2582
742.6985
742.6985
742.6985
742.6985
741.9611
741.8332
741.5109
741.2753
741.1779
741.5767
741.6357
741.5869
741.3538
741.8107
741.6258
741.4708
741.841
741.796
742.7726
742.152
741.5469
741.4758
741.6655
741.293
741.8045
741.3729
741.4285
741.778
741.8996
741.8102
741.5602
741.4053
741.4052
741.5898
741.5605
741.5978
741.8835
741.7341
741.6221
741.3427
741.7221
741.72
741.8923
741.7439
742.5294
742.2578
742.1895
742.2518
742.803
743.2331
742.9616
742.4855
743.2722
743.2326
743.2722
742.7487
742.522
742.6276
742.8415
743.3562
742.9813
743.3562
743.3562
743.4223
743.4223
743.4223
742.5079
742.6857
742.577
742.4644
742.3065
742.5643
743.2332
743.065
743.1222
742.5793
743.5829
743.5829
743.2221
743.5829
743.0951
743.1287
743.0362
743.4248
743.557
743.8122
743.8122
743.3531
743.0027
742.9835
742.9929
742.6992
743.835
743.0011
742.9177
743.6746
742.6217
742.7941
742.8153
742.7822
743.058
742.7529
743.0275
743.6749
742.9667
742.9667
742.7582
743.0941
743.0297
743.6999
743.1367
743.7161
744.0436
743.7232
743.2799
744.0436
744.0436
744.0436
743.6872
743.4925
743.9108
744.0436
743.3801
743.1719
743.1519
743.4842
743.109
743.02
743.09
743.3681
743.7349
744.0481
743.7454
744.0885
743.5691
743.1843
742.9894
743.2072
743.0335
743.0626
743.101
743.7894
744.1758
744.1758
744.1758
743.9064
744.1758
744.1758
744.1758
744.0928
744.1758
744.1758
744.1758
743.4684
743.0546
742.9236
743.2108
742.7935
743.1385
743.0406
742.9479
743.1796
743.3481
743.669
743.0125
743.2136
743.0792
743.1984
742.8976
743.2596
743.0341
743.0372
742.7035
742.9603
743.7563
743.1611
743.2198
743.1558
743.0888
743.0968
743.1299
742.597
743.2183
743.2318
742.8077
743.4513
743.667
743.5686
743.6334
743.7717
744.3242
744.4263
743.7244
744.4263
743.4464
744.4549
744.1953
744.0469
744.0581
743.6015
744.4771
744.4501
744.1225
744.4771
744.4771
744.0787
744.4771
743.9921
744.1696
744.4771
744.4771
744.4771
744.4771
744.2366
744.4771
743.7636
744.1201
744.226
744.4771
743.9367
744.4771
744.4771
744.1081
744.4771
744.0112
744.093
744.1309
743.7085
743.9495
743.4164
744.2959
743.7571
743.1478
743.6392
743.6495
743.5006
743.213
743.4609
743.5046
743.2812
743.1339
742.837
743.5009
743.2291
743.0605
742.9487
743.2611
743.5101
743.387
743.5498
743.6254
743.029
743.6425
743.3446
743.1339
743.3677
742.9791
743.3483
743.3376
743.3088
743.0504
743.1311
742.5687
743.0013
743.0359
743.2483
743.09
743.1304
743.0707
743.7574
744.0231
743.5527
743.5353
743.1993
743.2338
743.7002
743.6351
744.0869
743.2381
743.3168
744.3438
743.4402
744.0883
744.8776
744.7918
744.1431
744.5403
744.8519
744.2609
744.9135
744.5109
744.4813
744.3198
744.7105
744.5182
744.4629
744.2817
744.9333
744.8808
744.9357
744.9357
744.9357
744.6727
744.3941
744.3859
744.1131
744.1813
743.6939
744.0557
743.9067
743.7641
743.9367
743.6108
744.0444
743.7951
743.6464
743.9518
744.925
744.2978
744.9698
745.0443
744.5787
744.072
745.0789
744.8181
745.0789
745.0789
744.6916
745.0789
745.0789
745.0789
745.0789
745.0789
745.0789
744.3271
745.0789
745.0789
745.0789
744.3765
745.0789
744.3445
744.6376
744.9237
745.1552
745.1552
745.1552
744.1538
745.1552
745.1552
744.8192
745.1552
745.1552
744.2999
745.1552
744.4696
744.6384
744.4177
744.4828
744.5604
743.8057
743.9414
744.0193
743.8226
743.9679
744.126
743.8392
743.9651
744.4854
744.1296
744.0965
743.9869
743.8403
745.3014
744.8964
745.2167
744.0848
744.2745
743.9879
744.1626
744.0479
743.9467
744.328
744.0671
744.214
744.2053
744.3098
744.2694
744.3281
744.3777
744.3865
744.306
744.3381
744.6138
744.9374
744.7831
744.8427
744.7076
744.5938
744.3248
744.8053
744.4903
744.3419
744.7982
744.4706
744.3369
744.3982
744.5602
744.5552
744.7712
744.4424
744.4467
744.0825
744.0635
744.1635
744.4758
744.7263
744.7577
744.7896
744.3903
744.3339
744.8892
744.207
744.4879
744.3939
744.2786
744.6422
744.8231
744.5473
744.4152
744.4818
744.3285
744.2432
744.4275
744.0233
743.7085
744.3604
744.8631
744.4795
745.3504
744.17
745.373
744.8322
744.1438
744.5693
744.371
744.7662
744.5165
744.6998
745.0119
744.7385
744.5578
744.8224
745.1852
744.9683
744.8657
745.1479
744.8801
744.9731
745.0386
745.0982
745.4478
745.3509
745.9874
746.2009
745.2061
745.2299
746.2009
745.5372
746.2009
746.2009
745.1078
746.0472
745.5068
745.1127
745.6078
745.2286
745.5281
746.2768
745.5177
745.7766
745.3844
745.1115
744.5995
745.0605
744.7696
745.0071
744.8735
745.4475
745.5046
745.7339
745.6468
746.1256
745.2368
746.3945
745.4243
745.5538
745.8886
746.0905
746.1569
746.2166
746.4661
746.4661
745.946
746.4661
746.1843
746.1466
746.2237
745.6425
745.6181
745.5203
745.0692
745.4565
745.8317
745.7161
745.6448
745.6033
745.4682
745.257
745.5275
745.5657
745.8573
745.7151
745.9749
745.6743
745.7938
745.7404
745.4446
745.3753
745.3837
745.6689
745.5689
745.4866
745.5644
745.2429
745.6591
745.5364
745.2571
745.5105
745.6936
745.8174
745.6272
745.6929
745.6791
745.883
745.6976
745.7135
746.4128
746.0766
745.9069
746.2381
745.8821
745.7302
746.0238
745.7606
745.9822
746.1685
745.8156
745.8485
745.6491
746.0452
745.6668
745.6539
746.2571
746.644
746.0896
745.9969
745.7394
745.9813
746.2708
746.2916
746.1069
745.6064
745.9839
746.1502
746.797
746.1038
746.6595
745.9105
746.3439
747.2077
747.2158
747.2158
746.3239
746.9418
746.3383
746.5338
746.473
745.9942
746.3445
746.2714
746.6291
746.8235
747.2966
747.2966
746.9879
746.4654
746.5867
746.1513
746.9971
746.2809
746.236
745.8665
745.923
745.9034
746.1453
746.1638
745.7565
745.8759
745.9832
746.1826
746.1462
746.3133
746.212
746.0502
745.9595
746.2737
745.91
746.5145
746.4249
746.0548
746.1893
746.2471
745.9989
746.0462
745.9919
745.5278
746.0331
746.2873
745.9825
745.844
746.2205
746.0894
746.3321
746.0679
746.0842
747.0052
746.3943
746.4614
746.255
746.1815
746.7898
746.7946
747.041
746.6064
747.2534
746.8419
747.1514
746.4297
746.3708
746.6361
746.6078
746.4069
747.0783
746.7462
747.0001
747.6675
746.9021
747.684
747.684
747.6278
747.684
747.0173
746.8203
746.9934
746.2828
746.6159
747.2692
746.4061
746.9082
747.0145
747.8115
747.8115
747.8115
747.8115
747.3898
747.8115
747.8115
747.5571
747.8115
747.6369
747.1449
747.8115
747.7424
747.8115
747.8115
747.6208
747.375
747.0684
747.1323
746.733
746.3495
746.689
746.8668
746.8782
747.0813
746.9624
747.8557
747.8557
747.8557
747.3675
747.8557
747.8557
747.8557
747.8557
747.2992
747.8557
747.8557
747.8557
747.8557
747.8557
747.8557
747.8557
747.8557
747.8557
747.8557
747.8557
747.8557
747.8557
747.1414
747.8557
747.1773
747.8557
747.8557
747.8557
747.8557
747.8557
747.6258
747.4703
747.3047
746.7054
746.8617
747.8685
747.8685
746.7974
747.8685
747.7887
746.9747
746.7818
747.2501
746.2028
746.8039
746.7072
746.7265
746.6157
746.4457
746.4549
747.0305
747.0104
746.8307
746.6799
746.2991
746.8666
747.0485
746.7962
747.9484
747.3201
747.0135
747.009
746.9791
747.4615
747.4456
747.2343
748.0483
748.0483
748.0483
747.6743
746.8199
747.5237
747.0302
747.306
747.2005
747.303
746.9382
747.3771
746.8392
747.2953
746.7894
747.7451
747.3605
747.2793
746.6157
746.7264
746.8842
747.2817
747.1071
747.1268
746.8062
746.7318
747.083
747.1571
747.1005
746.8447
747.0915
747.1014
746.7535
747.2104
746.6715
746.8795
746.5845
746.6463
746.6711
746.8724
746.7023
746.3809
746.9219
746.6738
746.7808
747.1032
747.0211
747.0901
747.1298
747.2017
746.8937
746.6206
746.8267
747.145
748.0729
747.2147
746.745
747.0619
747.0911
746.9363
747.5145
747.2672
747.3923
748.4146
748.4146
748.4146
747.9185
748.4146
748.4146
748.4146
747.8565
747.1158
747.5092
747.5894
747.2766
747.4568
748.3163
747.5666
747.9146
748.0679
747.6891
747.5596
747.7689
747.5537
747.7533
747.6514
748.0459
747.9886
748.2306
748.6957
748.0263
748.7364
748.6226
748.5031
748.7367
748.7367
748.7367
748.7367
748.7367
748.7367
748.7367
748.7367
748.7367
748.7367
747.9475
747.5405
747.6722
747.5496
747.1212
747.5032
747.4578
747.6068
748.6347
747.8129
747.6932
747.7001
748.1986
747.8963
748.1144
748.3209
748.4373
748.0489
748.5244
748.0739
747.7296
747.8702
747.7015
747.9869
747.6495
747.7892
747.6088
747.2734
747.4946
747.5478
747.3925
747.4971
747.3926
748.2983
748.0427
747.8865
747.8
747.88
748.0341
748.1654
747.965
747.828
747.7862
747.2839
747.7493
747.604
747.944
749.0102
749.0102
748.8417
749.0102
749.0102
748.5911
748.5455
749.0102
748.4149
749.0102
749.0102
749.0102
748.9418
748.0601
748.7937
748.0687
748.1716
748.6152
748.1662
748.0678
747.9047
747.8635
747.3121
747.8016
747.8431
748.002
747.5191
747.9133
747.9961
747.4149
748.2701
747.9425
748.2764
747.6408
747.6807
747.997
748.1989
747.9747
748.3853
748.6929
748.4755
748.3899
748.0651
748.1917
748.3523
747.762
748.2443
747.8585
747.9446
747.999
748.1782
748.3071
747.8391
748.3256
749.2752
748.4016
749.2252
749.2575
749.2355
748.0553
748.4261
749.2959
748.6724
748.3896
749.3329
749.2227
749.3575
749.3575
749.3575
748.8569
749.3575
749.3575
749.3575
749.3575
749.3575
749.3575
749.2343
749.3575
749.3575
748.6661
748.8653
749.1974
748.9677
748.348
748.2628
748.2004
748.1127
749.3943
749.3943
749.3697
748.501
749.3943
748.5316
748.2954
748.2554
748.2108
748.4586
748.2471
748.2957
748.122
747.9984
748.4612
748.1185
748.3403
748.5842
748.0286
748.215
748.1915
749.4366
748.2793
748.67
748.3134
748.6795
748.353
749.3588
748.4501
748.5637
748.6788
748.2479
748.6461
748.351
748.5206
748.3119
748.3077
748.2963
748.3226
748.2629
748.2035
748.1947
748.6406
748.1796
748.4899
748.452
748.051
748.0767
748.184
749.3393
748.9014
747.88
748.7828
748.632
748.7747
748.7057
749.1621
748.9312
749.1495
747.922
748.4608
748.8304
749.021
748.4417
748.6566
749.0756
748.4011
748.4764
748.5477
748.6704
748.6485
748.2026
748.4224
748.4677
748.6608
749.0027
748.4231
748.0508
748.788
748.7426
748.3724
748.7032
748.3526
748.7436
748.5231
748.6273
748.8197
748.2914
748.6752
748.9725
748.7875
749.0918
749.9851
749.2195
749.9851
749.8292
749.9851
749.5539
749.8127
749.9247
749.9851
749.9851
749.9851
749.1487
749.9851
749.9851
749.9851
749.7303
749.9851
749.5242
748.8344
749.1603
748.8215
749.889
749.993
749.993
750.0165
750.0165
750.0165
749.6085
750.0165
749.8481
750.0165
750.0165
750.0165
750.0165
750.0165
749.2946
749.2179
749.5723
749.2223
749.849
748.9502
750.0165
748.7809
749.2615
748.4762
748.5117
749.1624
749.0038
749.1003
748.9238
748.8207
748.8869
748.83
748.8664
748.8696
748.8918
748.7623
748.7618
748.8477
749.2576
748.8338
748.636
748.967
748.7032
748.7643
748.7171
748.6389
749.2256
748.5342
749.2023
749.1993
748.6967
749.5066
749.6984
749.435
749.2772
748.8035
749.1182
748.9662
748.9301
748.9847
749.1182
750.1469
749.4302
749.4911
748.9319
749.1309
749.4589
749.2574
749.4401
750.2237
749.6127
749.1258
749.1199
749.3138
750.2277
749.3275
749.1383
749.7512
749.199
749.0726
749.311
749.4169
748.533
749.0149
749.212
749.0164
749.0598
749.1917
749.0233
749.0001
749.2266
749.431
749.296
749.5726
749.1918
749.1502
749.7779
749.6648
749.7227
749.4752
749.3638
749.7399
749.8054
749.6618
749.7172
749.9506
750.3601
750.3799
750.3799
750.3799
750.3799
750.0657
750.3567
750.3799
749.25
750.3799
750.3799
750.3422
750.0008
750.3799
749.6431
749.5123
749.8498
750.1323
750.3456
749.7713
749.1831
749.2482
750.3821
750.3821
750.3567
749.4661
750.4279
750.4279
750.1322
750.4279
750.0566
749.8196
750.4279
750.382
750.4279
750.4279
750.4279
750.4279
749.8815
750.4279
750.1915
749.8216
750.4279
750.4279
750.4279
750.4279
750.4279
750.4279
750.4279
750.4279
750.4279
749.5986
750.4279
750.4279
750.4279
750.4279
750.4279
750.1473
750.4279
750.4279
750.4279
750.4279
750.4279
750.4279
750.4279
749.8655
750.4279
750.4279
750.1882
750.4279
749.8873
750.1974
750.4279
750.4279
750.0873
750.4279
750.4279
750.4279
750.4279
749.6141
749.6881
749.1957
750.066
749.5486
749.5679
749.4047
749.9174
749.208
749.208
749.5131
750.4696
750.4696
749.8154
749.5377
749.9403
750.4981
750.0926
749.8568
750.4446
750.5557
750.0663
749.9692
749.84
749.476
750.588
750.588
749.9343
749.2811
750.2572
750.6467
750.6467
750.6467
750.6467
750.6467
750.4992
750.4206
750.2034
750.4376
750.6467
749.817
749.876
750.4836
749.9736
749.5477
749.9127
749.8303
749.6597
749.8793
749.9509
750.1077
750.8309
750.5937
750.8309
750.3876
750.8309
750.5097
750.8309
750.8309
750.0504
750.7336
750.2709
749.9022
750.8309
749.6862
749.6827
750.129
750.27
750.064
750.8788
750.8788
750.7826
750.642
750.8788
750.4896
750.8788
750.8788
750.402
750.8788
749.9683
750.5117
750.67
750.8788
749.9156
750.0189
749.6208
750.3723
749.9965
749.9218
750.2697
750.1762
749.576
750.4275
749.9069
750.0223
749.8282
750.2682
750.1094
750.0651
749.6722
750.1529
749.9737
749.8233
750.1767
750.1996
749.9279
749.8867
750.2513
749.9907
750.0639
749.9
749.8005
749.8381
749.6753
750.0605
749.8381
749.726
749.7889
750.0647
750.0688
749.8858
750.8676
750.9478
750.9478
750.5185
750.9478
750.5048
750.6212
750.9789
750.9789
750.2466
750.9148
750.9789
750.9789
750.9789
750.9789
750.9789
750.9789
750.9789
750.0297
750.9789
750.3587
750.795
750.9789
750.9341
750.9789
750.9357
750.9789
750.4926
750.9789
750.9789
750.9789
750.9789
750.5955
750.9789
750.9789
750.6744
750.9789
750.7067
750.9789
750.8196
750.9789
750.9789
750.9789
750.9789
750.1243
749.7486
750.1449
750.4104
749.6819
749.8893
749.803
749.6743
749.8995
749.7244
749.85
749.6862
750.0978
750.0855
750.0345
750.2419
750.0674
750.0545
749.4341
749.8823
750.2446
750.3572
750.1473
751.1121
750.0824
749.8368
750.1468
750.299
750.5129
750.2319
750.7643
750.1452
751.1189
751.1189
751.1189
750.3092
750.0906
751.1189
751.1189
751.1189
751.0212
751.1189
751.1189
751.1189
750.2465
750.6533
750.1979
750.7756
749.8679
750.0337
749.9353
751.1436
749.9565
750.0511
750.1972
750.2493
750.4722
750.4453
750.2916
751.1045
750.3838
750.3953
750.9908
750.5002
750.4676
750.465
751.2927
751.2927
751.2927
751.2927
751.2927
751.0753
751.2927
751.1627
751.2927
751.2927
751.2927
751.2927
751.2927
751.2927
751.2927
751.2927
751.2927
751.2927
751.2927
751.2927
750.14
751.2927
751.2927
751.2927
751.2927
751.2927
751.2927
750.9517
750.6078
751.2927
751.2927
751.2203
751.2927
751.2927
751.2605
750.5132
751.2927
750.4395
751.1517
751.2927
751.2927
750.9376
751.2927
751.2927
751.2927
751.2927
751.2927
751.2598
751.2927
751.2927
751.2927
751.2927
751.2927
751.2927
751.2927
751.2927
751.0168
751.2927
751.2927
751.2927
751.2927
750.1499
751.2927
751.2927
751.2927
751.2927
751.2927
750.3882
750.7592
751.199
751.2582
751.3
751.3
750.7868
750.3401
751.3
751.3147
751.3147
750.7968
750.9132
751.3147
750.679
750.4183
750.3223
750.462
749.9995
750.4615
750.1578
749.4637
750.3326
749.8067
749.8718
750.0073
749.9344
750.0178
750.0113
749.7684
750.1666
749.6758
749.6257
749.8046
750.0796
749.9438
750.0552
749.8578
749.7214
749.9952
749.6136
750.1411
750.0306
750.839
750.7663
751.4594
751.4594
751.4594
751.3653
750.5793
750.6021
750.7359
750.2625
750.2596
750.1816
750.2889
750.7187
750.419
750.1673
750.4479
750.2844
750.4128
750.5802
751.1222
750.5352
750.8007
750.8863
750.655
751.5783
751.5783
751.5703
751.5783
751.5783
751.5783
751.5783
751.5783
751.5783
751.5783
751.5432
751.5783
750.5216
750.5462
750.9765
750.3729
750.2169
750.5884
750.3682
751.2046
750.6302
750.358
750.7785
750.6226
750.5945
750.5995
750.393
750.6461
751.2033
751.6768
750.9891
751.6194
750.7903
751.0889
751.6844
751.6844
751.6844
751.6844
751.6844
751.6844
751.6844
751.4493
751.3999
750.499
750.2841
750.4818
750.7938
750.5884
750.5328
750.3843
750.5619
750.7328
751.767
750.9165
751.2877
750.7879
751.2924
751.2536
751.461
750.849
750.8104
750.4271
751.0844
750.8015
750.6343
750.4412
750.1842
750.4103
750.1112
750.4285
751.1245
751.0786
751.3947
751.3253
751.0579
751.9406
751.9406
751.9406
751.9406
751.7871
751.9406
751.9406
750.8528
751.9406
751.9406
751.1184
751.9406
751.9406
751.9406
751.9406
751.9406
751.9406
751.9406
751.9406
751.9406
751.9406
751.2814
751.9406
751.6223
751.9406
751.9406
751.9406
751.9406
751.3234
751.5941
751.9406
751.9406
751.9406
751.7267
751.9406
751.9406
751.2975
751.9406
751.0389
751.9406
751.9406
751.9406
751.9406
751.9406
751.9406
751.2489
751.9406
751.4211
751.9406
751.9406
751.9406
751.9406
751.9406
751.9406
751.9406
751.9406
751.9406
751.9406
751.9406
751.9406
751.1794
751.9406
751.9406
750.8519
751.9406
751.9406
751.464
751.9406
751.9406
751.9406
751.9406
751.1417
751.9406
751.9406
751.9406
751.9406
751.9406
751.9406
751.9406
751.9406
751.1749
751.9406
751.9406
751.9406
751.9406
751.9406
751.9406
751.8967
751.3072
751.9406
750.9832
751.1797
751.2599
751.1486
751.0114
751.1043
751.9839
751.2676
750.8881
751.3532
752.0034
751.0873
751.3837
751.4665
751.6984
750.8406
751.243
751.6118
751.2321
750.9603
750.8695
751.2941
751.7491
751.611
751.6722
752.0187
751.4886
751.2323
751.2275
750.5542
750.7511
750.4708
750.5037
750.5887
750.7667
751.1776
750.9835
751.6451
751.1758
751.5605
751.1801
751.6002
751.2411
751.1165
750.9736
751.118
750.7384
751.0009
751.4897
752.158
752.158
752.158
752.0196
751.7722
752.158
752.158
752.158
752.158
751.3788
751.6937
750.9696
751.4512
752.1887
752.1887
752.1887
750.9772
751.7284
752.1895
751.9458
752.1895
752.1895
752.1895
751.9697
752.1895
752.1895
751.3883
752.1855
751.2257
751.5952
751.3316
750.8631
751.3681
751.2159
751.6978
751.2991
751.0305
751.8393
752.2044
752.2044
752.2044
752.2044
752.2044
752.2044
751.3666
751.6295
751.4761
751.2233
751.4209
750.9017
751.287
751.2297
750.9075
750.9813
752.2513
751.9678
752.1304
751.259
751.7738
751.7055
752.0277
751.843
751.6151
752.2646
752.2646
751.7653
751.5327
751.7949
751.6695
751.5261
752.2662
752.2662
752.3143
752.3143
752.1813
752.3143
752.3143
751.5101
751.7536
751.784
751.9638
752.3143
752.3143
752.3143
751.9805
752.3143
752.3143
752.1859
751.4451
751.7558
750.8997
751.3371
751.153
751.345
751.0276
750.8398
751.1922
751.813
751.1127
751.0477
751.0306
750.9786
751.2629
751.1229
751.2234
751.3231
751.0367
750.9825
751.4601
751.2967
751.3335
751.0216
751.4948
752.0854
751.8573
752.132
751.4557
751.1579
751.1194
751.4606
752.0922
752.5565
752.386
752.5565
752.5565
751.9421
752.5565
752.5565
752.5565
752.5565
752.5565
752.5565
752.5565
752.5565
752.5565
752.5565
752.5565
752.5565
751.7955
752.1957
751.4114
751.0048
751.5002
751.5402
751.842
751.3138
751.3054
751.5467
751.1072
751.1439
751.3531
751.6571
750.921
751.7883
751.228
751.2239
751.2513
751.2285
752.1183
751.6003
751.6371
752.1226
752.5101
752.6567
752.6296
752.6823
752.6248
752.6823
752.6823
752.6823
752.6823
752.1385
752.39
751.4829
751.4999
751.4625
751.5278
751.7296
751.8325
751.6813
751.4789
751.8174
752.7683
752.7683
752.5933
752.7683
752.7683
752.7683
752.7683
752.681
752.7683
752.7683
752.7284
752.7683
752.7683
752.7683
752.5606
752.1612
752.7683
752.7683
752.3187
752.7683
752.7683
752.7683
752.7683
752.7683
752.7683
752.2747
752.7683
752.7683
752.7683
751.7061
752.7683
752.7683
752.7683
752.7683
752.5805
752.7683
751.774
752.7683
752.7683
752.7683
752.7683
752.1873
752.7683
752.3121
751.6274
752.0244
751.7562
751.5754
751.1487
751.4161
751.4133
751.7525
751.5856
751.7988
751.5129
751.5271
752.0798
752.8666
751.7321
751.59
751.8428
752.0145
752.1704
752.1481
752.3602
751.8561
751.8915
752.1944
752.3796
752.88
751.8635
752.5232
752.8819
752.8191
751.7628
752.8845
752.8845
752.8845
752.8845
752.8845
752.8845
752.8845
752.8845
752.8845
752.8845
752.8845
752.8845
752.4229
752.8845
752.6503
752.8845
752.8845
752.8845
752.8845
752.8845
752.8845
752.8845
752.8845
752.8845
752.8845
752.8845
752.8845
752.8845
752.7978
752.8845
752.8845
752.8845
752.8845
752.8845
752.8845
751.8719
752.8845
752.8845
752.8845
752.4178
752.8845
752.8845
752.8845
752.8845
752.8845
752.5507
752.8845
752.8845
752.8845
752.7178
752.3179
752.8845
752.8845
752.8698
752.8845
752.0305
751.9998
751.5864
751.2791
751.99
751.3946
751.7045
751.2024
751.5244
751.7121
751.2574
751.4239
751.3421
751.6467
751.7835
752.0566
751.8311
751.6627
751.6654
751.7348
751.8974
751.8312
752.844
752.9418
752.9767
752.9767
752.9767
752.9767
752.9767
752.8326
752.9767
752.3467
752.9767
752.9767
752.9767
752.9767
752.9767
752.9767
752.9767
752.9767
752.9767
752.9767
752.5033
752.7932
752.9767
752.9767
752.9767
752.9767
752.4864
752.9767
752.9767
752.601
752.9767
752.9767
752.1847
752.752
752.9767
752.9767
752.9767
752.9767
752.5912
752.9767
752.9767
752.9767
752.9767
752.9767
752.9767
752.4274
751.9652
751.938
751.5974
752.9849
752.394
752.0184
751.6828
751.7519
751.7963
751.8575
751.6457
751.6638
751.6192
751.4244
751.764
751.6528
751.9691
751.7969
751.8096
752.2391
753.1245
752.2994
753.1296
753.1296
753.1296
753.1296
753.1296
753.1296
753.1296
752.6768
753.1296
753.1296
752.6183
753.1296
752.3087
753.1296
753.1296
752.5899
753.1296
753.1296
753.1296
753.1296
753.1296
753.1296
753.1296
752.8834
753.1296
752.9648
752.0357
752.0264
752.423
751.7434
752.4103
752.0355
752.0695
751.7562
751.8157
751.6021
752.0388
751.5067
751.5488
751.7377
751.8262
752.1812
751.7571
751.8052
751.815
752.1468
752.2459
751.833
752.2935
751.9337
752.1341
751.8719
751.8723
752.6219
752.3304
752.084
752.5798
752.4706
752.0487
752.0316
752.8514
752.1221
752.0614
752.2089
752.2492
752.5769
753.2688
753.2688
753.2688
752.8655
752.2789
752.4084
753.2719
753.2719
753.2719
753.2719
753.2719
753.2719
753.2719
753.2719
753.2719
753.2719
753.2719
753.2719
753.2719
753.2719
753.2719
753.2719
752.6953
752.2081
752.2109
753.2719
753.2852
752.4186
752.6614
753.2852
753.2852
753.2852
753.2852
752.4583
753.1728
752.2766
752.0872
752.2015
751.7088
751.6442
752.1613
752.0977
751.7117
752.3994
752.0873
751.9858
751.7881
752.0574
752.3461
752.4489
752.3856
752.0981
752.5751
752.1866
752.1057
752.3191
752.1821
752.4668
752.0405
752.3917
752.3263
752.4383
752.3811
752.2006
752.2451
751.9069
752.7595
751.8563
752.1691
752.3512
751.931
752.1746
752.5684
752.0064
752.1791
751.9641
752.2841
752.545
752.0772
752.7642
752.9283
752.7095
752.7798
753.3539
753.3539
753.3539
753.3539
753.3539
753.3539
753.3539
753.3539
753.3539
753.3539
753.3539
753.3539
753.3539
753.3539
753.248
753.3539
753.3539
752.9682
753.3539
753.158
753.196
753.0155
753.3539
753.3539
753.3539
752.6041
753.3539
753.3539
753.3539
753.3539
753.3539
753.3539
753.3539
753.3539
753.3539
752.8113
752.5835
752.7014
752.1616
752.4389
752.1767
751.8925
752.0465
751.8945
752.2479
751.4797
751.976
751.7654
752.6725
751.9895
751.8862
752.4097
752.1641
752.5882
752.1143
752.2089
752.0706
752.1091
752.2111
752.0826
752.7713
752.2001
752.5826
752.4111
752.5362
752.5851
752.8734
752.6707
752.738
753.4956
753.18
753.4956
752.7941
753.5003
752.999
753.5003
753.5003
752.9049
753.5003
753.5003
753.5003
753.5003
753.5003
752.6651
753.5003
753.5003
753.5003
753.5003
753.5003
753.5003
752.9871
753.5003
753.0417
753.5003
753.295
752.6659
753.0564
752.7553
752.0968
752.4722
752.223
752.2959
752.3077
752.2605
752.3887
753.0424
753.3534
753.5358
753.5358
752.8017
753.5358
753.5358
753.5358
753.5358
753.2999
753.4781
753.5358
753.5358
752.7999
753.5358
753.5358
752.8588
753.5358
753.5358
753.5358
753.5358
753.5358
753.5358
753.5358
753.5358
753.5358
753.5358
753.0336
753.5358
753.5358
753.5358
752.6597
753.5358
753.5358
753.5358
753.5358
752.9773
753.1953
753.5358
752.631
752.5678
752.7318
752.394
753.3083
752.6184
752.2504
752.6058
752.1804
753.0909
752.5491
752.5858
752.4729
752.2881
752.1352
751.9185
752.3094
752.5065
752.1585
752.3561
752.2291
752.5493
752.0278
752.3786
752.0387
751.5718
752.359
752.6791
752.5754
753.603
753.0034
752.9958
753.3504
752.2765
752.8916
753.0527
753.0386
753.2535
753.7735
753.7735
753.1082
752.8021
752.7399
752.3807
752.8893
753.001
753.8236
753.4203
752.9976
752.7332
752.6118
752.6528
752.127
752.7393
752.9977
753.2621
753.8651
753.8651
753.8651
753.3807
753.8651
753.8651
753.2714
753.8651
753.8651
753.8651
753.8384
753.8651
753.8651
753.8651
753.8651
753.2635
753.2557
752.7619
752.6047
752.6016
752.5959
752.9788
752.9392
753.897
753.2991
753.8409
753.4781
753.9051
753.9051
753.9051
753.9051
753.9051
753.9051
753.9051
753.9051
753.9051
753.9051
753.9051
753.9051
753.9051
753.9051
753.9051
753.9051
753.9051
753.9051
753.9051
753.1806
753.9051
753.9051
753.6656
753.9051
753.9051
753.9051
753.9051
753.9051
753.6522
753.9051
753.327
752.7567
753.9051
753.9051
753.9051
753.9051
753.9051
753.9051
753.9051
753.9051
753.2374
753.9051
753.9051
753.52
753.8334
753.9051
753.3096
753.9051
753.9051
753.7982
753.6185
753.9051
753.9051
753.9051
753.9051
753.9051
753.9051
753.9051
753.9051
753.9051
753.9051
753.9051
752.9352
753.2606
752.7124
753.243
752.6878
752.4445
752.624
752.7175
752.7479
752.8589
752.8856
752.4504
752.1537
753.1237
752.9009
753.2552
752.5914
752.8341
752.4628
752.9575
753.4813
753.1464
753.0802
753.5075
753.1907
753.0878
753.0164
752.7039
753.2239
753.1117
752.7837
753.4427
753.2239
753.0992
753.0865
754.0588
754.0588
754.0588
754.0588
754.0588
754.0588
753.3491
754.0588
753.1014
753.3185
753.1926
753.0399
752.7794
752.9729
753.3166
753.0002
752.4966
752.8112
752.8921
754.0888
754.0888
754.0888
754.0888
754.0888
754.0888
754.0888
753.6686
754.0888
753.8265
754.0888
754.0888
754.0888
753.3264
754.0888
754.0888
754.0888
754.0888
754.0888
754.0888
754.0888
754.0888
754.0888
754.0888
754.0888
754.0888
754.0888
754.0888
754.0888
754.0888
754.0888
754.0888
754.0888
754.0888
754.0888
754.0888
754.0888
753.7479
754.0888
753.8631
753.2287
753.8151
752.9238
753.0492
753.4395
753.8627
754.166
754.166
754.166
754.166
754.166
754.166
753.9073
754.166
754.166
754.166
754.166
754.166
754.166
754.166
754.166
754.166
754.166
754.166
754.166
754.0436
754.166
754.166
754.0493
754.166
754.166
754.166
754.166
753.8185
754.166
754.166
754.166
754.166
754.166
753.6905
754.166
754.166
754.166
754.166
754.166
753.5726
753.3082
753.0823
753.4154
753.0099
753.0091
753.0588
752.9749
752.8342
753.2092
752.9351
753.1042
753.0728
753.051
752.744
752.9974
753.1069
753.1563
752.9545
753.0609
752.9384
752.8726
753.0513
752.832
752.624
752.7211
753.3541
753.2119
752.9287
753.3618
753.7537
753.3718
753.3909
754.2114
754.2114
753.5392
753.3563
754.2352
754.0345
754.2352
754.2352
753.951
753.5339
754.2352
754.2352
753.9982
753.6201
753.6619
754.2352
754.1772
754.2352
754.2352
753.5236
753.7737
753.2532
753.483
754.2429
753.9345
754.2429
753.7148
754.2429
753.7775
754.2812
753.3113
754.2812
754.2812
754.2812
754.2812
754.2812
754.2812
754.2812
754.2812
753.4974
754.0914
753.5062
753.1477
753.5481
753.354
753.0014
753.4979
753.3051
753.3784
752.8812
753.5848
753.0753
753.439
753.1105
753.147
753.4714
753.0592
753.2917
752.8694
753.2018
753.0829
753.0096
753.2637
753.3294
752.7114
753.1108
753.0628
752.8873
752.9117
753.2875
753.033
752.8386
752.9686
753.446
753.7264
753.6854
753.7516
754.3882
754.3949
753.6164
754.1072
753.4517
753.5472
753.49
754.3416
753.4919
753.4106
754.4116
753.7612
753.55
753.1801
753.588
753.5554
753.0834
753.3447
753.4764
752.9673
753.5386
753.5246
753.342
753.3398
753.4654
754.2007
754.4269
754.4269
754.4269
754.4269
754.4269
754.4269
754.4269
754.4269
754.4269
754.4269
753.5606
754.4269
754.4269
754.4269
754.4269
754.4269
754.4269
754.4269
753.7869
754.4269
754.4269
754.4269
753.8025
754.4269
754.4269
754.4269
754.4269
754.4269
754.4269
754.4269
754.4269
754.4269
754.4269
753.6326
753.9862
754.4269
754.4269
754.4269
754.4269
754.27
754.4269
754.4269
754.4269
753.42
754.4269
754.4269
754.4269
754.4269
753.5874
754.4269
754.4269
753.2188
753.5159
753.0067
752.938
752.746
753.0356
752.6536
752.912
753.3645
753.1216
753.3152
753.0034
752.5792
753.2603
753.5089
752.8991
753.3002
753.2374
753.0198
753.1296
753.0645
753.3626
753.3621
753.2136
753.1413
753.7277
753.2465
753.6102
753.4317
753.7063
753.4562
753.9673
754.314
754.5705
754.4097
754.5124
753.8958
753.5246
753.5911
753.6439
753.635
753.4607
753.4255
753.6826
753.7835
753.292
753.5461
753.311
753.2753
753.4872
753.5069
753.3106
753.6114
753.3942
753.3296
753.6609
753.6412
753.6938
753.3077
753.2223
753.3504
753.5201
753.5137
753.2525
753.1958
753.2274
753.3359
752.8903
752.3658
753.0322
753.1651
752.7937
752.9861
753.2834
753.0251
753.3007
753.0475
753.7888
754.6477
753.6343
753.8878
753.9706
754.6619
754.6619
754.6619
754.0726
753.5034
754.0811
753.2034
753.1236
753.3916
753.3026
753.1541
753.3539
753.2503
753.1851
753.4731
752.9156
753.6346
753.8554
753.6436
753.0723
753.343
753.2935
752.8935
753.2515
753.1323
753.1135
753.295
753.9146
753.5172
753.6442
753.2356
753.1089
753.296
753.2556
753.0074
754.7063
753.6771
753.6284
754.2248
753.3703
753.6359
753.6871
753.6298
753.4838
753.3441
753.3536
753.4394
753.2867
753.8038
753.9389
753.8605
753.5638
753.8318
753.8839
753.6851
754.1057
754.0515
753.614
753.8063
753.8982
753.7891
753.8343
753.6889
753.8323
754.7529
754.265
754.3919
753.8206
754.826
754.8262
754.8262
754.121
754.1794
754.8262
754.1994
754.8262
754.8262
754.8262
754.8262
754.7853
754.4152
754.302
754.084
753.5754
753.9584
754.8753
754.8753
754.8753
754.8753
754.8753
754.8753
754.8753
754.8753
754.8502
754.8753
753.9608
754.8753
754.8753
754.5863
754.8753
754.8753
754.8753
754.8605
754.8753
754.8753
754.8753
754.2271
754.8753
754.8753
754.8753
754.8753
754.4631
754.8753
754.8753
754.8753
754.8753
754.8753
754.8753
754.5124
754.4448
754.8753
754.6877
754.8753
754.8753
754.0982
754.8753
754.8753
754.8753
754.8753
754.8753
754.8753
754.8753
754.433
754.613
754.615
754.8753
754.8753
754.6886
754.2632
753.6409
754.4117
753.8761
754.0088
753.7838
753.4308
753.5634
753.5275
753.6201
753.0942
753.0881
752.9177
753.2303
753.4007
753.1154
753.6307
753.0302
753.6054
753.6483
753.1929
753.4802
753.6663
753.829
753.4729
754.1342
754.184
754.9587
754.3528
754.9587
754.6423
754.9632
754.9632
754.9632
754.9632
754.9632
754.9632
754.9632
754.9632
754.9632
754.9632
754.4125
754.9632
754.4029
754.9632
754.9632
754.3848
754.9632
754.9445
754.9632
754.9632
754.9632
754.9632
754.9632
754.1346
754.9632
754.9632
754.9632
754.9632
753.7678
754.3072
753.5146
753.8459
754.1461
754.0651
754.1278
753.6934
753.7645
753.9188
753.7899
753.999
754.0134
754.2023
753.5241
753.5934
754.0092
754.8428
754.7171
754.0061
755.0781
755.0781
755.0781
754.8771
754.7932
754.7312
755.0781
754.5833
753.9058
755.0874
755.0874
754.7468
755.0874
755.0874
755.0874
755.0874
755.0874
755.0704
755.0874
754.9164
755.0874
754.7696
754.7319
755.0874
755.0874
755.0874
755.0874
755.0874
755.0874
755.0874
755.0874
754.5673
755.0874
754.1299
754.1024
754.2112
754.1604
754.0837
754.1984
753.9991
754.0062
753.7
755.1106
755.1106
755.1106
755.1106
755.1106
755.1106
755.1106
754.4904
755.0163
754.4172
755.1106
755.1106
755.1106
755.1106
754.4519
755.1106
755.1106
755.1106
755.1106
754.7188
754.8535
754.3952
755.1106
755.0315
754.0991
754.9308
755.1168
755.1168
755.1168
755.1168
755.1168
754.4244
755.1168
755.1168
755.1168
755.1168
754.1994
754.3653
754.2045
753.8981
754.0481
754.2062
754.0696
754.1322
753.9432
754.6319
753.9324
753.7393
753.733
754.1219
753.7839
754.215
754.0961
753.9582
753.8755
754.1657
753.6118
753.9542
753.2471
753.8749
754.349
753.5794
753.6295
753.5749
753.216
753.7033
753.8069
753.8316
753.6727
753.6241
753.8071
754.3165
754.1705
754.2053
753.7894
753.8602
753.5894
754.2281
753.9501
754.0577
753.6288
753.7053
753.9141
754.1376
753.7169
753.7955
755.2224
755.2224
755.2224
755.2224
755.2224
754.4366
754.3378
753.9896
754.1833
754.2
754.1184
753.6733
753.9387
754.2734
753.8353
754.6923
755.2513
754.9041
755.2513
755.163
754.973
754.3322
754.4351
754.2195
754.1382
753.6859
754.2657
755.2631
755.2631
755.2631
755.2631
755.2209
755.2631
754.8077
755.2631
755.2631
755.2631
755.2631
755.2631
755.2631
755.2631
755.2631
754.8035
755.2631
754.0792
754.1966
754.5314
754.1746
754.1223
754.1047
754.0418
753.9946
754.0263
753.983
753.8835
754.2196
754.0858
755.2966
755.2966
755.2966
755.2966
755.2966
755.2966
755.2966
754.709
755.2966
755.2966
755.2966
755.2966
755.2966
755.2966
755.2966
755.2966
755.2966
755.2966
754.9979
755.2966
755.2966
755.1323
755.2966
754.6795
754.8763
754.5695
754.0348
754.5085
753.8082
754.3541
754.4882
754.793
754.376
754.6002
755.0547
754.5879
755.3585
755.3585
754.7229
755.3585
755.3585
755.3585
755.3585
755.3585
755.3585
755.3585
755.3585
755.3585
755.3585
754.7068
754.9747
755.3585
755.3585
755.3585
755.3585
755.3585
755.3585
755.3585
755.3585
755.3585
755.3585
754.7266
755.3585
755.3585
755.0298
754.8232
755.3344
755.2657
754.3192
754.2843
754.4874
754.3066
753.8928
754.1959
753.9387
753.9165
754.9805
754.1823
755.3657
755.3657
755.3657
755.3657
755.3657
755.3657
755.3657
755.3657
754.8224
755.3657
755.3657
755.3657
755.3657
755.3657
755.3657
755.3657
755.3657
755.3657
755.3657
755.3657
755.3657
754.324
755.3657
755.3657
755.3657
755.142
754.9483
754.7921
754.5779
754.3697
755.0311
754.7134
755.3975
754.2718
754.5714
754.571
754.3003
754.8677
754.6918
754.342
755.3928
754.7734
755.4453
755.4453
755.4453
755.4453
755.4453
755.4453
755.4453
755.4453
755.4453
755.4453
755.4453
755.4453
755.4453
755.4453
755.4453
755.4453
755.4453
755.4453
755.4453
755.1291
755.4453
754.9018
755.4453
755.4453
755.4453
754.9733
754.1049
754.3124
754.7728
754.3143
754.3229
754.3883
754.571
754.259
754.5948
754.4187
754.6938
754.1205
754.1153
753.7514
754.4156
753.7626
753.9113
754.3586
754.2159
754.3455
754.2307
754.5041
754.5083
754.2197
754.3805
754.2373
754.3909
754.4911
754.7726
754.6588
754.7166
754.6029
754.3759
754.5463
754.1223
754.371
754.2509
754.2891
754.1362
754.4802
754.7692
755.1933
755.5145
755.5145
755.5145
754.701
755.5145
755.5145
755.5145
755.5145
755.5145
755.5145
755.5145
755.5145
754.8028
754.2341
754.3516
755.0388
754.1637
754.4993
754.4964
754.7612
754.455
754.3768
754.4227
754.6335
754.6012
754.5081
754.5882
754.111
754.5597
754.5775
754.5531
754.6324
755.5356
754.7416
755.0421
754.7043
754.9106
755.5547
755.5547
755.3906
755.5547
755.126
755.5016
755.5547
755.5547
755.5547
755.0858
755.5547
755.5547
755.5547
755.5547
755.5547
755.5547
755.5547
755.5547
755.5547
754.4996
755.5547
755.5547
755.5547
755.5547
755.5547
755.5547
755.5547
755.5547
754.6453
754.6644
754.246
755.0002
754.1811
754.2962
754.3208
754.4805
754.2809
754.3618
754.1948
754.0143
754.2534
754.2461
754.3091
754.7747
754.4155
754.2747
753.987
754.2479
754.4955
754.834
753.5555
754.2865
754.1008
754.3624
754.3902
754.2232
754.3536
754.5549
754.6353
755.6589
755.0267
754.6423
754.8226
754.7916
754.5525
754.9574
755.6285
755.7094
755.7094
755.7094
755.7094
755.7094
755.7094
755.6899
755.7094
755.7094
755.7094
755.029
755.7094
755.7047
755.7094
755.7094
755.7094
755.7094
755.7094
755.7094
755.7094
755.7094
755.7094
755.7094
755.6169
754.4734
755.7094
755.7094
755.7094
755.7094
754.8096
755.7094
755.636
755.7094
755.7094
755.7094
755.7094
755.1285
755.7094
755.7094
755.7094
755.7094
755.4283
755.0601
754.6672
754.5614
754.7139
754.4718
754.3706
754.4414
754.5969
754.2405
754.881
754.7923
754.3705
754.5156
754.4915
754.9135
755.5604
754.8391
754.7562
755.0532
754.7753
755.7844
755.7844
755.7844
755.7844
755.7844
755.7844
755.7844
755.7844
755.7844
755.7844
755.7844
755.7844
755.7844
755.7844
755.7844
755.3064
755.3437
754.9691
755.1308
754.6621
755.522
755.0134
754.7913
754.8336
754.4686
754.6092
754.3427
754.8981
754.8981
754.4564
754.6997
754.7366
754.7934
755.4954
755.3848
754.6863
755.0695
755.8129
755.3321
755.8129
755.8129
755.0908
755.8129
755.6695
755.8129
755.8129
755.8129
755.765
755.8129
755.8129
755.8129
755.8129
755.8129
755.4779
755.8129
755.8129
755.8129
755.8129
755.8129
755.8129
755.8129
755.8129
755.5833
755.8129
755.3436
755.3622
755.4776
755.3198
755.8129
754.97
754.7208
754.7498
754.671
755.0368
754.8026
754.2405
754.319
754.5314
754.7396
754.6117
754.7393
754.8117
754.6449
754.2924
754.6266
754.5311
754.3048
754.424
754.2404
754.6238
754.5551
754.5146
754.571
754.5467
754.5097
754.5499
754.4621
754.4707
754.4953
754.9434
754.2079
754.4199
754.5795
754.5669
754.5578
754.7003
754.3619
754.957
754.8451
754.9016
754.48
754.5751
754.5598
754.5659
754.5371
754.4236
754.9171
755.616
755.9249
755.3677
755.2452
755.2449
755.4197
754.5118
755.0828
755.4747
755.9114
755.9553
754.9634
755.7101
755.1799
755.9105
755.2493
755.0142
755.4482
755.9819
755.9819
755.9819
755.9819
755.9819
755.9819
755.9819
755.9819
755.9819
755.9819
755.9819
755.9819
755.6834
755.6882
755.2219
755.9155
755.2501
754.7897
755.559
754.9338
755.4565
755.9893
755.0693
754.6312
754.7788
754.8621
754.9985
755.0452
755.2929
754.799
755.5865
754.8027
755.3414
755.0588
755.0303
754.6709
754.5104
754.7831
754.8063
754.8323
754.8076
755.4711
754.9806
755.5236
754.8965
754.7882
754.9476
755.0806
754.8345
755.3639
755.2415
754.995
754.892
754.7897
754.7211
754.6876
754.6866
755.3414
754.8392
754.6497
754.6598
755.5477
755.5106
754.8922
755.238
755.5858
755.4937
755.1501
756.0132
755.9522
755.3563
755.0815
755.5194
756.0757
756.0757
755.6226
755.0423
756.0864
756.0864
755.93
756.0864
755.5073
756.0864
755.3224
756.0864
756.0864
756.0864
756.0864
756.0864
756.0864
756.0864
756.0864
756.0864
755.5395
756.0864
756.0864
756.0864
756.0864
756.0864
756.0864
755.9966
756.0864
755.592
756.0864
755.909
756.0864
756.0864
756.0864
756.0864
756.0864
756.0864
756.0864
756.0438
756.0864
756.0864
756.0864
756.0864
755.6104
755.847
756.0864
755.7953
756.0864
756.0864
756.0864
756.0864
756.0864
756.0864
756.0864
756.0864
756.0864
756.0864
756.0864
756.0864
756.0864
756.0864
756.0864
756.0864
756.0864
755.5165
755.402
755.7628
755.5687
755.789
756.0864
754.8403
754.9857
754.8572
755.0442
754.8013
754.6791
754.6376
754.8053
755.2279
755.02
754.8151
754.6782
754.5131
754.6348
754.5798
754.7574
754.9993
755.5468
754.8677
754.6216
754.5483
754.7502
754.7191
754.7169
754.667
755.0108
754.8708
754.9733
754.9828
754.7097
754.7059
754.9656
756.2216
755.4862
756.224
756.224
755.2156
755.5059
755.9803
756.1507
756.25
756.25
756.1458
756.25
756.25
755.7184
755.7975
756.2112
755.415
756.25
755.4243
755.6759
755.4695
755.513
755.4366
755.0207
755.3648
755.7811
755.0931
755.2169
755.4133
755.2111
755.3229
755.0958
755.6883
755.5374
755.8105
755.2257
755.8636
755.2135
755.1068
754.9587
755.6685
755.4796
755.57
755.2303
755.1535
755.1284
755.27
755.019
755.2007
755.459
755.0516
755.2291
755.4088
755.1141
755.2416
755.1815
754.9493
755.4853
756.2838
756.2838
756.2838
756.2838
756.2838
756.2838
756.2838
756.2838
756.2838
756.2838
756.2838
755.954
756.2838
756.2838
756.2838
756.2838
756.2838
756.2838
756.2838
756.2838
756.0023
755.8287
756.2838
756.2838
756.2838
756.2838
756.2838
756.2838
756.2838
756.2838
756.2838
755.412
756.2838
755.5571
756.2838
756.2838
756.2838
756.2838
756.2838
756.2838
756.2838
756.2838
756.2838
756.2838
756.2838
756.2838
756.2838
756.2838
756.2838
756.2838
756.2838
756.2838
756.2838
756.2838
756.2838
756.2838
756.2838
756.2838
756.2838
756.2838
756.2838
756.2838
756.2838
756.2838
756.2838
755.5135
756.2838
756.2838
756.2838
755.999
756.017
756.2838
756.0618
755.3171
755.1575
756.298
755.9201
755.2097
755.2321
755.4412
755.2961
755.1182
755.145
755.2514
755.0115
755.1699
755.3501
755.1937
755.6996
755.1185
755.4453
754.7334
754.8826
754.8971
755.7321
755.5052
756.3414
755.9099
755.9418
755.4178
755.3475
755.5481
755.4667
755.2126
755.1842
755.0408
755.6413
756.3738
756.3738
756.3738
756.3738
756.3738
756.3738
756.3416
756.3738
756.3738
756.0507
756.3738
756.3738
756.3738
756.3738
756.3738
756.3738
756.3738
756.3738
756.3738
756.3738
756.2548
755.9941
756.3315
755.8023
756.3738
756.3738
755.6155
756.3738
756.3738
756.3738
756.28
756.3738
756.3738
755.9393
756.3738
756.045
756.3738
756.3738
756.3738
756.3738
756.3738
756.3738
756.3738
756.3738
756.3738
756.3738
756.3738
756.3738
756.3738
756.3738
756.3738
755.6723
756.3738
756.3738
756.3738
756.3738
756.3738
756.3738
756.3738
756.3738
756.3738
756.3738
756.3738
756.3738
756.3738
756.3738
756.3738
756.3738
756.3738
755.8608
756.3738
756.3738
756.3738
756.3738
756.3738
755.3079
756.2538
756.3738
756.3738
755.3423
755.119
755.3443
755.1365
754.908
755.111
755.3231
755.2021
754.8509
754.4723
755.1693
755.022
755.5944
756.2012
755.6453
756.113
755.6749
756.4141
756.4053
755.6578
756.2847
755.4344
756.4164
756.4164
756.4164
756.4164
756.4164
755.6403
756.4164
756.4164
756.0251
756.4164
756.4164
756.4164
756.0758
756.1091
756.4164
756.4164
756.4164
756.4164
756.4164
756.4164
756.4164
756.1392
756.4164
756.4164
756.4164
756.3931
756.4164
756.4164
756.304
756.4164
756.4164
756.4164
756.4164
756.4164
756.4164
756.4164
756.4164
756.4164
756.4164
756.4164
756.4164
756.4164
756.4164
756.4164
756.4164
756.3192
756.4164
756.162
755.7917
755.9855
755.2311
755.5215
755.6208
756.1506
756.4166
755.8209
755.6924
755.7346
756.4213
756.4213
756.4213
756.4213
756.4213
756.4213
756.4213
756.4213
756.4213
756.4213
756.4213
756.4213
756.4213
755.7543
756.4213
756.4213
756.4213
756.4213
755.9006
756.4213
756.4213
756.4213
756.4213
756.4213
755.5802
756.4213
756.4213
756.4213
756.4213
756.4213
756.4213
756.4213
756.4213
756.4213
756.4213
756.4213
756.4213
756.4213
756.4213
756.4213
756.4213
756.4213
756.4213
756.4213
756.4213
756.1703
756.4213
756.4213
756.4213
755.6359
755.5501
755.2106
755.686
756.4397
756.4397
756.4397
756.4397
756.4397
756.4397
756.4397
756.4397
756.4397
756.4397
756.4397
756.4397
756.4397
756.4397
756.4397
756.4397
756.4397
756.4397
756.4397
756.4397
756.2202
755.4152
754.7829
755.605
754.9808
754.9598
754.9857
755.6715
755.3726
755.2171
754.8611
755.0031
754.8694
754.6537
755.5372
755.5286
755.5945
755.255
756.0899
755.4452
755.3071
755.5814
756.4658
755.9644
755.2383
755.6342
755.3013
755.0385
755.1552
755.2361
755.3419
755.0875
755.3783
755.1102
755.2411
755.3649
755.6678
755.5428
756.0664
756.2739
756.4944
756.4944
756.4944
756.4944
756.4944
756.4944
756.4944
756.4944
756.4944
756.4944
756.4944
756.1739
756.4944
756.4944
756.4944
756.4944
756.4944
756.4944
755.1226
755.6298
755.1257
755.4641
755.2259
756.5029
756.5029
756.5029
756.5029
756.5029
755.562
756.0091
755.5014
755.7067
754.8966
755.463
754.8294
755.2538
755.5257
755.3973
755.5416
755.3833
755.3665
756.5029
755.424
755.2079
756.0243
755.3028
755.8625
754.961
755.4916
755.4397
755.5446
755.5237
754.8703
755.3331
755.4272
755.3596
755.142
754.9905
755.1854
755.1899
755.2261
755.3309
754.9495
755.4029
755.2472
755.5668
755.0098
755.2357
755.4565
755.2242
755.562
755.4626
755.0453
755.3384
755.2565
754.923
755.3327
754.9258
755.33
756.0758
755.2503
755.3795
755.5596
755.2225
755.0128
754.9765
755.6232
756.095
756.1349
756.5186
756.5186
756.5186
756.5186
756.5186
756.5186
756.5186
756.5186
756.5186
756.5186
756.5186
756.5186
756.5186
755.8376
756.5186
756.2256
756.3596
756.5186
756.5186
756.5186
756.5186
756.5186
756.5186
756.5186
756.5186
756.5186
756.5186
756.5186
756.0692
756.5186
755.7958
756.5186
755.9441
756.5186
756.3641
756.0776
756.5186
756.1962
756.5377
756.5377
756.5377
756.5377
756.5377
756.3977
756.5377
756.5377
756.5377
756.5377
756.5377
756.5377
756.5377
756.5377
756.5377
756.5377
756.5377
756.5377
756.5377
756.5377
756.5377
756.5377
756.5377
755.7798
756.5377
756.5377
756.5377
756.5377
756.5377
756.5377
756.5377
756.5377
756.5377
756.5377
756.5377
756.5377
756.5377
756.5377
756.5377
755.709
756.5377
756.5377
756.5377
756.5377
756.5377
756.5377
756.5377
756.5135
756.5377
756.5377
756.1096
756.2751
756.1924
756.5377
756.5494
756.4901
756.5494
756.5494
756.5494
755.8308
756.5494
756.5494
756.5494
756.5494
756.5494
756.5494
756.5494
756.5494
756.5494
756.5494
756.5494
756.3906
756.5494
756.5494
756.5494
756.5494
756.5494
756.5494
756.5494
756.5494
756.5494
756.5494
756.5494
756.5494
756.5494
756.5494
756.5494
755.858
755.6692
756.1112
756.5494
756.5494
756.5494
756.5494
756.5494
756.1072
756.5494
756.5494
756.5494
756.5494
755.613
756.5468
756.5494
756.2224
755.5527
755.4176
755.2578
755.3734
755.12
755.157
755.562
755.3454
754.8518
755.486
755.2227
756.2739
756.3477
755.9636
755.9127
755.9229
756.5538
756.2393
756.0602
756.2249
756.602
756.2045
755.4802
756.6085
756.6085
756.6085
756.3699
756.3433
756.6085
756.6085
756.6085
756.6085
756.2127
756.6085
756.6085
756.1981
756.6085
756.6085
756.6085
756.6085
756.6085
756.6085
756.6085
756.6085
756.6085
756.6085
756.6085
756.6085
756.6085
756.2034
756.6085
756.6085
756.6085
756.6085
756.6085
756.052
756.6085
756.6085
756.6085
756.6085
756.6085
756.6085
756.6085
756.6085
756.6085
756.6085
756.6085
756.6085
756.6085
756.6085
756.6085
756.6085
756.6085
756.6085
756.6085
756.6085
756.6085
756.6085
756.6085
756.6085
756.6085
756.6085
756.6085
756.2256
756.4167
756.2993
756.6085
755.3865
755.5538
755.5318
755.6931
755.2072
755.5881
755.4594
755.1409
755.6395
755.178
755.9975
755.6501
755.6924
755.7366
755.5596
755.8229
756.1248
755.8912
755.861
755.8854
756.6271
756.4567
755.9313
756.6542
756.6542
756.6542
756.6542
756.5988
756.1661
756.6712
756.3885
755.5648
755.7354
755.5714
755.6057
755.5432
755.3635
755.3322
755.3509
756.6129
756.7316
755.8582
755.7297
755.593
755.6793
755.7368
755.6108
755.7784
755.8918
756.3821
755.9235
755.6329
755.6175
755.5986
755.6867
755.9466
756.1311
755.849
755.8348
756.1993
755.6411
755.8624
755.7067
756.0315
756.822
756.822
756.822
756.822
756.822
756.822
756.822
756.822
756.822
756.822
756.822
756.822
756.822
756.822
756.822
756.822
756.7561
755.8795
756.4315
755.683
756.226
756.1779
755.5802
755.6579
755.6025
755.5102
755.5952
755.6099
755.9917
756.0057
755.9472
756.8438
755.9809
756.1149
756.1727
756.899
756.899
756.899
756.899
756.899
756.899
756.899
756.899
756.2307
756.899
756.899
756.899
756.899
756.899
756.899
756.899
756.899
756.8019
756.899
756.899
756.899
756.899
756.899
756.8559
756.899
756.7532
756.899
756.899
756.6789
756.1648
756.0847
756.4818
756.007
756.2751
756.1161
755.8511
755.6215
755.9814
755.8235
755.8628
755.7265
755.7781
756.0227
755.7491
755.8918
756.0073
756.4645
756.9107
756.9107
756.9107
756.9107
756.9107
756.9107
756.9107
756.9107
756.9107
756.9107
756.9107
756.9107
756.9107
756.9107
756.9107
756.9107
756.1787
755.7296
755.6128
755.7839
755.6397
755.7814
755.692
756.2131
756.9234
756.1177
755.7565
755.7775
756.0933
756.9297
756.9297
756.2487
756.5111
756.9374
756.9374
756.9374
756.9374
756.9374
756.9374
756.9374
756.9374
756.9374
756.9374
756.9374
756.6269
756.9374
756.9374
756.9374
756.9374
756.9374
756.9374
756.9374
756.3292
756.9374
756.9374
756.9374
756.2587
756.9374
756.9374
756.6148
756.9374
756.9374
756.9374
756.9374
756.9374
756.9374
756.9374
756.9374
756.9276
756.9374
756.9374
756.9374
756.9374
756.9374
756.1277
756.9374
756.9374
756.9374
756.9374
756.9374
756.9374
756.9374
756.9374
756.9374
756.1744
756.9374
756.9374
756.9374
756.9374
756.9374
756.9374
756.9374
756.9374
756.9374
756.9374
756.9374
756.9374
756.9374
756.9374
756.9374
756.9374
756.9374
756.9374
756.9374
756.9374
756.9374
756.9193
756.9374
756.3034
756.9374
756.9374
756.9374
755.7235
756.1685
756.9374
756.9374
756.9374
756.9374
756.9374
756.9374
756.9374
756.9374
756.9374
756.9374
756.9374
756.9374
756.8929
756.9374
756.9374
756.9374
756.9374
756.9374
756.9374
756.9374
756.9374
756.9374
756.9374
756.9374
756.9374
756.4583
756.9374
756.9374
756.9374
756.9374
756.9374
756.9374
756.9374
756.9374
756.9374
756.9374
756.9374
756.9374
756.9374
756.9374
756.9374
756.1847
756.9374
756.9374
756.9374
756.9374
756.9374
756.9374
756.9374
756.9374
756.9374
756.3528
756.3393
756.9374
756.9374
756.9374
756.9374
756.9374
756.077
756.9374
756.9374
756.9374
756.9374
756.9374
756.9374
756.9374
756.9374
756.9374
756.9374
756.9374
756.9374
756.9374
756.9374
756.9374
756.9374
756.9374
756.9374
756.9374
756.9374
756.3131
756.9374
755.9891
756.0318
755.7035
756.2285
756.0577
755.7292
755.5607
755.9943
756.136
755.734
756.4766
756.0237
755.9868
756.0922
755.9135
756.0677
755.7334
756.4023
756.9564
756.9592
756.9592
756.9592
756.9592
756.9592
756.9592
756.9592
756.9592
756.7136
756.9592
756.9592
756.9592
756.9592
756.9592
756.7272
756.9592
756.8439
756.9592
756.9592
756.9592
756.9592
756.9592
756.9592
756.9592
756.9592
756.9592
756.9592
756.9592
756.9592
756.9592
756.9592
756.9592
756.9592
756.1313
756.9592
756.9592
756.9592
756.9592
756.9592
756.9592
756.9592
756.9592
756.9592
756.9592
756.9592
756.9592
756.8144
756.9592
756.9592
756.9592
756.9592
756.9592
756.9592
756.9592
756.9592
756.9592
755.8217
756.9592
756.7352
756.9592
756.8331
756.9779
756.9779
756.3279
756.9779
756.9779
756.9779
756.9779
756.9779
756.9779
756.9779
756.3552
756.4548
756.9779
756.9779
756.9779
756.9779
756.9779
756.9779
756.9779
756.9779
756.9779
756.9779
756.9779
756.9779
756.9779
756.9779
756.9779
756.9779
756.2862
756.9779
756.9779
756.9779
756.9779
756.9779
756.9779
756.9779
756.9779
756.9779
756.9779
756.9779
756.9779
756.3203
756.9779
756.9779
756.9779
756.713
756.9779
756.9779
756.9779
756.9779
756.5331
756.4142
756.9779
756.8181
756.9779
756.9779
756.9779
756.9779
756.9171
756.7119
756.1675
756.049
756.5655
755.9484
755.9081
756.2271
756.141
755.6556
755.5262
755.4701
755.7788
755.7892
756.2597
755.7531
755.4128
755.9435
755.8069
756.9967
756.9967
756.9967
756.9967
756.9967
756.9967
756.9967
756.9967
756.9967
756.3956
756.9967
756.9967
756.7918
756.8548
756.9967
756.9967
756.9967
756.7215
756.9967
756.9967
756.9967
756.9967
756.9967
756.9967
756.9967
756.9967
756.6793
756.9967
756.3615
756.1978
756.9967
756.2069
755.6558
755.8292
755.8636
755.8463
757.0272
757.0272
757.0272
757.0272
757.0272
757.0272
757.0272
757.0272
757.0272
757.0272
756.9214
757.0272
757.0272
757.0272
757.0272
757.0272
757.0272
756.9194
757.0272
757.0272
757.0272
757.0272
756.1868
757.0272
757.0272
757.0272
757.0272
757.0272
756.6591
756.0826
757.0272
757.0272
757.0272
757.0272
757.0272
757.0272
757.0272
757.0272
757.0272
757.0272
757.0272
757.0272
757.0272
757.0272
756.6721
757.0272
757.0272
756.7474
757.0272
757.0272
757.0272
757.0272
757.0272
757.0272
757.0272
757.0272
757.0272
757.0272
757.0272
757.0272
757.0272
756.8873
756.5103
757.0272
757.0272
757.0272
757.0272
757.0272
757.0272
757.0272
757.0272
757.0272
757.0272
757.0272
757.0272
757.0272
757.0272
757.0272
757.0272
757.0272
757.0272
757.0272
757.0272
757.0272
757.0165
756.9639
757.0272
757.0272
757.0272
757.0272
757.0272
757.0272
757.0272
757.0272
756.9542
757.0272
757.0272
757.0272
756.6203
756.9153
756.5535
756.1363
756.1763
756.0119
756.3069
755.7991
756.2278
755.7418
755.8784
755.814
756.1447
756.0906
756.2242
756.4002
756.4486
755.831
755.9861
756.0302
755.8994
757.0584
756.0754
756.2493
756.3848
757.0598
757.0626
757.0626
756.4854
756.8161
757.0626
757.0626
756.6448
757.0651
757.0651
756.6091
756.4078
756.4042
756.5295
756.2577
755.933
756.129
755.9148
755.79
756.6392
757.0964
757.0964
757.0964
757.0964
757.0964
757.0964
756.6039
757.0964
757.0964
756.8851
757.0964
757.0964
757.0964
757.0964
757.0964
757.0964
757.0964
757.0964
757.0964
757.0964
757.0964
757.0875
757.0964
757.0964
757.0964
757.0964
757.0964
757.0964
757.0964
757.0964
757.0964
757.0964
757.0964
757.0964
757.091
755.7783
755.513
757.0065
756.8166
756.7834
756.2166
756.041
756.3646
755.883
755.9583
756.5386
756.1274
756.5068
756.941
756.0549
756.0275
755.9988
755.4718
756.3597
757.1558
756.485
757.1558
757.1558
757.1558
756.7636
757.1558
756.6293
757.1558
757.1558
757.1558
757.1558
757.1558
757.1558
757.1558
757.1558
757.1558
756.4802
757.1558
757.1558
757.1558
757.1558
757.1558
757.1558
757.1558
757.1558
757.1558
757.1558
757.1558
756.3541
756.2626
756.0607
756.2635
756.0544
756.0402
755.9478
756.311
757.1558
756.2299
756.5235
755.6881
755.8405
756.0594
756.2572
756.1472
756.2156
756.5284
756.287
757.1586
757.1586
757.1586
757.1586
757.1586
757.1586
757.1586
757.1586
757.1586
757.1586
757.042
757.1586
757.1586
757.1586
757.1586
757.0086
757.0352
757.1586
757.1586
757.1586
757.1586
756.3701
757.1586
757.1586
757.1586
756.6658
757.1586
757.1586
757.1586
756.4807
756.4246
756.8185
756.361
756.4734
756.1017
756.7474
756.2052
756.2346
756.5206
756.852
756.1207
756.0619
756.5706
757.2144
756.7993
757.2144
756.6521
757.2144
757.2144
756.5511
756.3727
756.804
757.2144
756.4938
756.8124
757.2144
756.1981
756.7769
756.6595
756.483
756.3829
756.3369
755.8403
755.9645
755.9518
755.8038
756.2545
756.4965
756.2872
756.1619
755.7981
755.9736
755.5522
755.7991
756.6411
756.1037
755.8137
756.4178
756.1704
756.279
755.9458
755.9916
756.3306
755.9969
755.9215
756.0386
755.7376
755.9449
756.2191
756.0471
756.1837
756.132
755.7942
756.0846
755.9377
756.2792
756.1072
755.6155
756.3996
756.3748
756.2695
756.9207
756.4454
756.4015
756.3525
756.2692
756.064
756.073
756.0621
755.763
756.1763
755.9747
755.8604
756.0435
756.4872
756.562
755.9378
755.8162
756.0073
756.047
756.2716
756.2666
756.6088
756.0493
756.0741
756.355
756.1008
756.4387
756.1041
756.4968
755.8381
756.1747
756.4796
756.6337
756.0469
755.4132
756.2218
755.7812
755.7199
755.7941
755.9378
755.6721
755.5829
754.741
756.736
755.2012
756.2855
755.7014
755.58
756.2327
756.4344
756.2847
755.8302
755.9797
756.002
756.1167
756.1365
756.1812
756.0606
755.382
756.2252
755.6716
755.3998
755.2642
755.7582
755.9264
755.7834
755.7606
755.8015
756.2463
756.054
756.1976
756.2264
756.246
756.4805
756.2327
756.3349
756.0916
756.2637
755.9294
755.8886
755.905
756.4511
755.5334
755.791
755.4768
755.1707
755.9318
755.7386
756.3253
755.7944
755.9129
756.2912
756.1412
755.7958
755.5182
755.224
755.4493
755.6353
754.9573
755.3885
754.954
755.8115
755.6094
755.1442
755.4246
755.7783
755.9347
756.0078
755.5629
755.5418
756.0032
756.0121
756.0133
755.1754
755.2559
755.013
755.2382
755.274
755.4637
756.0734
756.2097
757.3217
757.3217
757.3217
757.3217
757.3217
757.3217
757.3217
757.3217
757.3217
757.3217
757.3217
757.3217
757.3217
757.3217
757.3217
757.3217
757.3217
757.3217
757.3217
757.3217
757.3217
757.3217
757.3217
757.2435
757.3217
757.3217
757.3217
756.8208
756.7083
757.0446
756.4167
756.9875
756.5685
756.2638
756.4756
756.1957
757.1574
756.5842
756.2563
757.1922
756.9927
757.3405
756.5582
756.0897
756.5481
757.3702
757.3702
757.3702
757.3702
757.3702
757.3702
757.3702
757.3702
757.1136
756.4205
756.7974
756.6355
756.4286
756.5452
756.1307
756.2991
756.3152
756.3765
756.4304
756.241
756.2875
756.0518
756.4753
756.2543
756.3228
756.4194
756.6088
756.3759
756.5314
756.8543
757.0417
757.2491
756.7247
757.36
757.4691
757.4691
757.4691
757.4691
757.0939
757.4708
757.4708
757.4708
757.4708
756.7449
757.4708
757.4708
757.4708
757.4708
757.4708
757.4708
757.4708
757.4708
757.4708
757.4708
757.4708
757.4708
757.4708
756.7991
757.4708
757.4708
757.4708
757.4708
757.4708
757.4708
757.4708
757.4708
757.4708
757.4708
757.4708
757.4708
757.4708
757.4708
757.4708
757.4708
757.2211
756.7903
756.7263
756.6297
756.3309
756.238
756.2801
756.9193
756.3793
756.6569
756.4986
756.3649
757.486
757.486
757.0297
757.486
757.486
757.486
757.486
757.486
757.486
757.0453
757.486
757.486
757.486
757.486
757.486
757.486
757.486
756.8341
757.486
757.486
757.486
757.486
757.486
757.486
757.486
757.486
757.486
757.486
757.486
757.486
757.486
757.486
757.486
757.486
757.486
757.486
757.486
757.486
757.486
757.486
757.3588
757.486
757.486
757.486
757.486
757.486
757.486
757.486
757.486
757.486
757.486
757.486
757.486
757.486
757.463
756.4889
756.3209
756.4626
756.5468
757.4883
757.4883
757.4883
756.5295
757.4883
757.4883
757.4883
757.4883
757.4883
757.4883
757.4883
757.4883
757.4883
757.4883
757.4883
757.4883
756.5173
756.9717
756.2186
756.426
756.1286
756.078
756.2037
757.3711
757.519
757.5224
757.5224
757.5224
757.5224
757.5224
757.5224
757.5224
757.5224
757.5224
757.5224
757.5224
757.5224
757.5224
757.5224
757.5224
757.5224
757.5224
757.5224
757.5224
757.5224
757.1892
757.5224
757.5224
757.5224
757.5224
757.5224
757.5224
757.5224
757.5224
757.5224
757.5224
757.5224
757.5224
757.5224
756.8763
757.5224
757.3508
757.5214
756.7535
756.6807
756.5353
756.4827
756.9148
756.4505
756.175
756.2017
756.6414
756.4136
755.9877
756.8431
756.8068
756.0704
755.728
756.1949
756.1057
757.5779
757.5779
757.3113
757.5779
757.5779
757.5779
757.5779
757.5779
757.5779
757.5779
757.5779
757.5779
757.5779
757.5779
757.5779
757.5779
757.5779
757.5779
757.5779
757.5779
757.5779
757.5779
757.5779
757.5779
757.5779
757.5779
757.5779
757.5779
757.5779
756.8948
757.5779
757.5779
757.5779
757.5779
757.5779
756.6386
757.5779
757.3605
757.5779
756.5971
755.6759
756.4225
756.6357
756.4936
756.2169
756.6511
756.3693
756.6016
757.2269
756.6303
757.0773
757.2178
757.6213
757.6238
757.2177
756.8073
756.6878
756.7119
756.4784
757.0994
757.5073
757.0036
756.8418
757.3674
756.7889
757.6487
757.002
757.166
757.1178
757.6653
757.6653
756.5538
756.6182
756.4612
757.2057
756.4958
756.4772
756.372
756.7021
756.4256
756.9319
756.9719
757.7191
757.7191
757.7191
757.6735
757.7266
757.7266
757.7266
757.7266
757.7266
757.7266
757.7266
757.7266
757.7266
757.7266
757.626
757.7266
757.7266
757.7266
757.7266
757.7266
757.7266
757.7266
757.7266
757.7266
757.5666
757.7266
757.7266
757.7266
757.7266
757.6709
757.7266
757.7266
757.7266
757.7266
757.7266
757.7266
757.7266
757.7266
757.7266
757.7266
757.7266
757.7266
757.7266
757.6591
757.7266
757.7266
757.7266
757.655
757.7266
756.9052
756.9082
756.9229
757.7313
757.0728
756.8475
756.5723
756.8211
756.9733
756.4835
756.2623
756.5689
756.093
756.6933
756.3616
756.379
756.2159
756.3422
756.683
757.3305
756.5521
757.0897
756.5314
757.2373
757.7331
757.7331
757.7331
757.7331
757.7331
757.7331
757.2479
757.7331
757.7331
757.7331
757.7331
757.7331
757.4227
756.9435
756.8384
756.5086
756.3881
756.6078
756.4125
756.8028
756.88
756.8653
756.6725
756.6608
756.4758
756.5975
756.5912
756.5215
756.4923
756.5308
756.2942
755.9855
756.6208
756.8002
756.2185
755.651
756.727
756.3377
756.5308
756.6237
756.6187
756.8674
756.429
756.8202
756.9136
756.6699
756.6389
756.7774
756.4901
756.9061
756.7776
756.7296
756.9443
756.2745
756.9294
756.4304
756.6041
756.4987
756.6232
756.7252
757.7971
757.7971
757.7971
757.2361
757.7971
757.7971
757.4254
757.0887
756.8903
757.1338
756.9543
756.687
756.66
756.4256
757.8008
757.3101
757.04
756.7123
757.056
757.08
757.6178
756.7397
756.9391
756.4467
757.2107
757.6337
756.884
756.9943
756.9854
757.3826
757.7949
757.4517
757.8334
757.8334
757.8334
757.541
757.8456
757.8456
757.8456
757.8456
757.8456
757.8456
757.8456
757.8456
757.8456
757.8456
757.8456
757.8456
757.8456
757.0698
757.8456
757.3353
757.8456
757.8456
757.8456
757.8456
757.438
757.8456
757.8456
757.8456
757.8456
757.8456
757.8456
757.8456
757.8456
757.8456
757.8456
757.8456
757.8456
757.8456
757.8456
757.8456
757.8456
757.8456
757.8456
757.8456
757.8456
757.8456
757.8456
757.5984
757.459
757.8456
757.8456
757.8456
757.8456
757.8456
757.8456
757.8456
757.8456
757.8456
757.8456
757.8456
757.149
756.535
756.6674
756.3694
756.4207
756.8193
756.7743
756.2067
756.7546
756.6518
756.572
756.2427
756.5961
756.6006
756.9283
756.6443
756.783
756.6285
756.7401
756.9161
757.9589
757.9589
757.9589
757.9589
757.9614
757.9614
757.4521
757.4715
757.7444
757.9786
757.9786
757.9786
757.9786
757.9786
757.9786
757.9786
757.9786
757.9786
757.9786
757.8629
757.3297
757.5741
757.9786
757.9786
756.8076
757.0236
756.6587
756.6912
756.815
757.2767
756.895
756.7841
756.9833
757.2981