56507
122739
195648
253264
320630
383490
456252
527705
604997
669843
744335
810587
878080
938215
1000231
1064847
1130625
1197219
1267711
1334409
1392081
1452480
1517555
1571921
1631875
1692328
1753049
1813861
1880769
1937418
1996122
2057552
2121830
2180748
2241684
2300300
2366818
2421886
2479127
2533352
2589691
2652239
2711258
2766953
2825566
2888089
2952154
3010605
3074398
3134884
3196538
3262895
3328119
3392115
3450707
3514513
3585246
3650444
3711756
3769229
3826223
3881842
3942137
4000989
4061190
4118430
4170889
4228962
4296758
4354945
4407859
4465164
4520196
4579814
4633663
4693363
4758358
4821046
4878331
4940356
5006307
5068022
5121243
5176635
5232583
5283299
5335484
5393791
5450926
5514047
5594433
5692468
5853020
6091861
6360705
6620451
6863672
7117602
7376753
7653012
7888600
8118862
8378400
8657820
8898864
9126813
9369304
9611387
9854179
10094280
10326481
10566504
10830670
11084767
11339375
11572480
11828786
12071258
12310939
12555638
12803993
13064255
13306725
13543491
13783673
14025823
14292465
14541970
14799818
15051626
15300893
15557300
15811325
16050518
16310393
16563174
16815956
17062319
17284271
17524095
17741997
17949144
18152241
18378541
18602364
18826886
19073333
19294791
19529824
19763508
20006546
20239475
20473242
20732907
20967956
21215624
21460191
21716565
21948099
22183474
22439674
22678848
22916115
23161352
23430127
23681484
23933305
24193188
24417823
24644185
24894109
25135724
25376040
25626325
25870322
26126912
26358927
26610456
26842534
27073023
27306825
27555192
27794270
28050152
28290271
28539381
28782110
29026454
29265392
29489886
29727478
29971293
30207429
30456072
30705680
30939721
31182953
31425422
31654626
31896309
32141737
32352569
32571484
32827461
33077824
33333604
33564949
33821190
34059763
34283116
34501103
34712330
34929814
35161471
35396197
35619323
35848974
36081089
36320877
36548822
36795461
37007740
37227784
37452300
37683151
37927399
38165658
38395730
38637527
38902396
39151175
39398994
39627696
39872852
40109708
40360431
40579555
40810800
41079624
41328405
41568910
41800186
42023703
42238573
42472880
42719421
42946166
43159448
43389018
43616712
43849582
44073283
44286380
44511920
44740128
44956179
45175546
45400357
45613879
45830910
46057640
46282041
46520579
46748160
46967441
47206227
47458668
47695357
47941680
48182883
48419149
48644606
48888787
49138262
49390113
49620198
49872343
50109890
50362475
50585274
50814130
51056824
51288803
51505044
51736777
51959875
52194636
52408940
52633880
52871135
53102764
53331411
53572148
53826855
54066482
54304959
54532846
54725890
54927262
55163889
55403595
55608642
55824101
56070003
56323362
56551571
56780078
57000950
57233231
57462309
57704262
57953771
58181936
58384031
58594058
58830799
59057990
59297434
59542835
59753799
59986188
60202799
60399681
60626017
60855106
61068259
61291922
61533670
61764631
61984861
62188956
62399773
62618897
62812318
63041678
63269109
63479483
63701358
63929166
64171743
64407623
64627745
64851225
65055231
65281467
65503855
65730063
65965064
66199350
66429587
66667103
66911172
67140674
67379287
67600284
67824023
68042307
68272743
68481459
68699506
68908530
69118095
69344766
69582269
69803477
70012848
70219601
70422259
70645514
70890702
71108767
71329179
71534504
71753325
71974389
72205814
72430568
72634302
72867735
73095055
73320182
73537403
73746818
73952869
74183303
74406201
74637894
74874113
75104296
75306366
75531226
75758521
75968451
76172150
76395749
76617700
76852580
77077253
77287371
77516880
77749119
77970731
78209905
78434551
78651343
78862878
79074544
79271107
79487885
79699401
79915977
80103409
80318066
80553721
80791641
81013254
81234013
81451548
81668503
81895571
82096399
82315856
82548049
82774948
83011613
83217968
83438408
83647886
83858747
84088489
84313680
84522368
84748216
84948001
85171943
85385204
85595795
85814173
86024842
86249196
86448768
86655930
86888277
87110639
87320327
87536223
87742536
87963853
88167656
88395718
88598857
88812415
89020419
89242648
89437114
89642373
89848961
90044017
90247570
90465108
90693511
90916643
91140602
91333421
91510400
91693639
91892994
92097765
92314024
92526577
92728146
92950598
93153390
93361039
93542319
93742921
93956169
94179985
94367713
94581210
94791828
95000307
95217404
95425870
95636743
95844132
96036013
96221001
96415641
96591894
96769216
96978506
97187076
97387460
97572543
97786492
98009854
98215041
98420278
98621834
98845972
99072615
99295406
99504840
99714730
99915418
100135389
100341208
100566705
100756113
100936676
101133088
101358824
101556173
101721799
101932754
102143697
102365952
102569129
102775447
102979142
103193062
103404451
103602483
103805471
104009258
104215549
104406248
104610218
104830086
105059858
105266756
105467372
105648178
105865471
106065667
106264117
106470226
106691449
106897344
107109681
107303250
107492741
107700530
107924906
108133409
108351838
108545375
108758742
108979338
109186858
109374493
109566954
109762125
109962587
110165103
110383234
110581744
110792429
110991927
111192804
111367207
111553120
111752461
111960535
112178986
112408659
112594371
112797538
112994465
113222336
113424570
113644328
113885372
114108439
114325826
114537245
114729315
114942265
115148039
115350515
115554062
115719199
115924482
116088864
116269070
116471792
116680181
116879274
117092070
117289762
117480930
117687448
117877086
118055296
118230053
118421843
118618274
118811191
119001349
119199258
119403485
119608325
119812086
120015979
120234176
120447592
120648665
120841376
121035557
121226977
121418998
121608710
121796295
121989405
122190174
122384969
122556374
122747991
122946527
123140245
123319716
123488241
123684999
123897383
124093246
124304942
124493138
124692780
124891721
125075329
125276699
125484794
125676115
125898077
126074962
126261529
126452234
126630335
126821245
126996658
127193398
127382599
127567506
127755263
127946705
128156606
128363763
128574572
128769508
128955573
129158202
129345771
129524985
129719301
129905589
130100994
130284047
130449875
130641661
130810857
130986984
131178989
131382787
131573293
131759459
131965677
132179410
132391961
132585198
132775886
132952296
133162154
133382509
133577030
133765993
133960300
134136751
134305972
134493636
134669854
134856053
135032172
135222441
135419804
135640471
135843989
136041289
136232502
136410490
136600755
136789241
136986699
137180968
137368079
137544494
137707913
137866169
138047943
138237767
138425697
138622543
138812405
139003375
139183053
139362761
139563326
139742205
139948320
140137603
140319919
140513157
140688817
140881570
141071709
141264241
141454279
141642402
141825977
141985548
142152519
142336480
142520953
142683407
142855167
143030886
143196868
143376868
143568469
143758126
143953663
144117381
144287022
144451128
144642959
144822548
145008636
145174948
145352873
145538499
145731073
145917751
146115969
146322781
146505864
146678562
146847413
147016062
147211752
147417974
147599156
147787105
147996145
148184111
148349812
148546996
148732772
148908146
149106138
149296412
149494392
149677964
149856339
150009503
150190847
150377768
150564606
150763887
150947572
151132608
151320749
151523696
151719905
151912677
152084623
152255888
152447931
152632522
152801465
152971492
153132481
153311561
153489361
153673689
153843600
154004112
154186953
154361538
154559082
154747689
154912878
155103278
155269005
155437284
155633758
155812336
156002248
156191124
156391412
156594947
156783729
156995016
157182462
157374636
157575544
157776883
157973599
158161655
158337724
158521262
158686125
158849491
159023043
159211190
159396391
159584387
159769887
159944942
160136420
160323495
160514858
160676007
160855633
161053478
161228600
161412995
161590145
161759033
161949391
162126061
162290269
162447880
162624601
162805824
162987915
163188835
163368784
163546574
163726732
163919433
164085398
164270368
164443760
164643501
164801537
164992750
165187418
165362781
165558400
165741643
165924274
166131937
166302860
166501715
166679249
166845828
167027537
167210060
167396406
167559090
167732945
167904352
168100629
168293423
168467607
168668974
168863019
169045880
169236860
169436481
169620756
169794651
169927438
170097092
170268305
170446154
170627199
170791225
170975352
171161796
171350016
171513303
171680580
171871189
172047655
172226861
172420128
172587904
172764916
172952949
173127559
173289934
173471724
173641116
173813666
174009984
174198944
174382370
174548974
174732748
174909435
175103313
175271131
175454687
175641601
175824495
176000224
176164061
176324710
176491005
176676482
176872922
177037957
177191178
177357426
177517180
177685436
177852030
178001459
178162418
178318662
178476235
178641970
178798633
178964844
179140297
179340667
179512931
179683858
179868366
180041264
180248303
180423418
180596357
180785029
180979265
181151584
181340058
181516056
181684857
181864650
182021549
182201774
182379346
182557069
182719435
182888893
183064132
183239024
183420511
183597861
183771577
183956124
184135492
184297009
184464405
184637554
184806344
185000900
185175063
185346609
185515978
185685420
185866300
186034888
186189866
186352668
186523189
186677905
186827473
186999786
187197974
187388683
187558680
187725562
187895925
188055096
188219911
188379472
188565553
188730300
188929454
189108341
189279395
189450307
189613452
189784744
189952011
190124566
190293063
190472022
190623668
190789163
190954749
191144856
191322932
191520263
191695960
191891432
192067288
192238491
192409071
192566847
192775881
192959325
193113899
193291526
193472111
193632553
193794794
193979152
194135623
194297152
194459907
194626596
194777004
194958774
195130960
195311220
195483893
195671787
195847460
196023314
196197710
196382102
196558005
196728315
196903751
197075650
197225583
197392673
197577259
197743090
197912793
198094863
198277833
198443384
198625025
198801094
198976728
199148829
199302328
199444304
199577697
199726432
199884228
200045985
200204884
200353523
200521203
200685246
200851191
201011701
201171632
201342040
201503706
201664118
201817592
201979877
202116593
202256214
202421188
202593432
202739805
202904202
203057481
203197708
203360325
203525033
203704533
203877043
204040225
204212521
204389244
204551020
204706072
204853221
204983294
205134028
205278918
205440747
205604019
205764842
205928105
206082095
206248347
206416453
206566102
206709921
206863593
207011884
207174803
207341276
207493714
207654818
207825749
207976512
208150071
208322652
208483796
208644097
208810807
208962736
209119399
209285117
209463704
209625476
209789444
209947504
210117984
210297506
210467938
210633818
210788209
210957496
211135909
211304555
211460718
211621827
211779595
211925437
212092007
212247941
212414888
212577005
212725849
212866145
213031774
213185796
213339672
213505503
213669707
213835566
214028366
214205865
214385237
214556400
214716807
214886991
215062734
215220882
215370530
215527868
215699442
215881881
216042357
216208384
216358560
216514199
216675887
216840211
217015969
217170968
217345501
217519595
217682045
217845950
217997963
218152724
218313271
218472755
218644949
218808752
218966463
219130521
219279237
219436384
219603611
219766635
219923050
220066590
220230317
220398871
220581088
220759956
220933072
221091681
221254429
221394672
221535585
221675922
221829789
222002868
222150262
222306936
222480094
222628552
222794970
222970642
223155212
223331914
223494819
223672817
223833804
224017884
224178853
224354630
224515025
224697680
224852319
225003310
225162833
225295949
225447259
225597180
225734215
225872611
226020339
226182732
226365860
226512446
226660265
226821409
226947715
227113221
227269751
227434652
227594216
227752948
227900250
228040384
228173075
228330569
228482104
228632999
228780343
228914687
229049110
229185556
229332393
229487698
229672983
229839981
230032867
230204708
230361093
230516429
230691484
230856318
231020952
231186752
231344574
231479582
231629959
231792477
231957929
232118011
232281304
232454535
232610972
232768765
232935149
233087507
233258306
233411539
233577403
233719396
233872502
234022198
234161726
234315109
234471001
234638248
234802839
234945614
235083252
235225476
235366462
235525370
235682814
235860886
236023668
236199638
236355771
236511348
236656006
236794272
236942955
237088976
237250055
237410300
237559633
237696775
237849781
237988390
238139001
238293398
238462152
238620310
238768411
238927840
239095422
239230076
239377908
239521440
239665034
239831482
239980638
240121813
240290027
240442993
240604681
240762053
240911873
241069197
241221523
241369356
241508110
241658072
241828062
241989842
242138499
242300401
242454290
242622384
242796950
242958326
243122041
243288852
243443939
243615367
243775209
243920756
244085794
244225661
244373407
244526830
244692168
244845048
245011174
245177966
245335934
245489052
245640550
245779468
245929796
246081446
246229657
246387147
246528804
246667289
246815338
246963552
247116417
247274093
247414635
247576557
247725574
247882123
248017372
248173550
248329429
248501157
248671169
248837968
249007467
249173750
249328660
249474808
249621232
249788847
249936600
250091410
250242924
250390252
250540952
250686258
250842884
250993760
251133485
251272421
251409356
251568132
251726388
251895783
252049527
252241393
252398080
252552762
252701645
252854653
253000516
253130771
253286271
253453826
253606147
253753124
253903309
254043437
254189318
254340932
254475742
254610260
254745858
254885709
255025242
255156945
255322279
255476487
255623912
255759095
255888122
256021046
256186422
256338275
256499320
256632145
256768594
256898009
257026232
257190841
257355683
257497301
257641632
257795936
257950833
258101410
258259401
258411690
258568128
258728775
258875411
259021034
259168219
259329065
259485664
259641229
259805070
259953631
260103356
260262216
260420370
260560788
260682285
260822105
260965770
261117260
261269879
261441073
261594749
261732669
261890085
262032373
262182094
262315795
262455501
262610813
262751232
262876209
263034258
263176154
263330318
263492640
263644944
263790696
263914318
264038192
264190031
264333996
264477836
264635049
264783650
264913675
265040255
265170634
265298573
265442578
265575089
265720612
265867379
266007202
266136595
266269392
266390269
266512224
266635476
266776945
266925358
267077334
267221374
267366142
267516616
267671883
267805115
267946011
268079173
268206149
268358947
268497107
268644379
268786460
268925788
269069789
269215989
269367322
269512852
269666163
269820508
269964644
270105096
270248363
270386923
270535638
270690222
270841915
270992814
271138675
271292760
271430062
271569912
271709822
271845022
271982710
272130563
272256458
272391067
272513417
272635527
272785642
272938826
273087681
273238513
273367948
273501573
273626274
273760364
273922198
274057738
274214824
274368343
274529730
274670466
274797340
274948580
275068945
275199901
275362905
275512796
275668112
275823494
275974644
276126631
276284840
276442596
276581308
276729256
276875147
277003872
277141028
277288727
277430023
277576321
277722667
277866335
278021124
278163389
278306410
278451252
278580714
278709272
278856100
279006524
279137746
279269944
279398540
279533876
279683501
279826632
279966754
280103254
280243036
280378122
280531333
280672078
280808140
280949988
281097818
281240612
281380144
281538439
281674888
281810400
281947998
282080530
282204623
282342917
282508421
282654023
282812945
282961927
283098996
283234585
283377581
283540403
283701655
283871024
284008174
284146010
284296132
284432433
284577983
284725325
284862170
284978373
285101660
285213748
285342562
285467652
285598900
285732118
285860053
285997927
286136643
286278991
286419713
286567560
286704581
286843131
286993966
287137968
287273999
287419208
287543813
287698298
287846281
287993645
288141150
288288704
288433571
288574836
288727593
288870098
289004817
289151721
289294943
289423989
289554408
289677651
289816287
289949564
290091411
290235851
290384148
290524381
290666620
290792332
290937504
291070635
291210515
291352871
291502137
291637002
291779128
291912475
292056406
292195624
292338923
292488538
292630135
292754643
292902983
293044173
293179617
293299052
293441610
293589658
293726229
293872569
294013071
294154987
294302439
294437556
294582884
294723081
294875655
295008644
295150835
295268639
295387488
295529281
295665588
295787693
295915922
296064646
296204447
296354415
296493432
296644424
296787506
296940415
297088243
297228793
297368707
297513909
297647869
297776272
297927398
298060307
298189144
298317048
298458051
298591213
298755482
298896260
299033839
299163901
299282589
299410518
299556256
299692420
299827207
299962465
300105315
300238776
300372638
300519227
300648692
300772731
300892409
301025122
301145258
301266839
301418393
301556963
301699435
301832941
301951238
302096785
302243008
302372713
302499375
302623374
302765100
302890158
303022766
303163709
303294002
303418793
303542054
303670413
303804082
303909476
304045002
304164479
304283084
304401813
304526514
304644660
304757680
304874839
304988796
305107059
305245718
305382418
305512756
305646358
305778338
305908365
306038429
306165876
306296642
306423204
306565050
306685761
306810472
306916503
307026270
307141359
307262498
307404861
307550067
307698546
307817578
307945507
308071016
308197296
308328329
308439610
308567140
308707798
308839462
308982689
309112839
309245467
309368475
309474198
309601759
309731973
309864131
309991141
310129137
310271872
310401581
310529501
310656672
310782514
310905339
311016808
311143808
311270528
311373056
311487523
311589979
311707220
311832562
311961441
312088254
312220412
312342748
312469649
312601216
312725329
312856600
312969232
313073531
313201092
313318142
313438685
313558333
313675577
313815565
313952398
314079059
314184408
314306889
314438481
314575639
314712405
314849448
314986039
315116916
315245836
315375173
315495631
315621405
315740152
315887252
316012362
316141125
316267604
316381996
316490676
316603920
316731934
316867713
316993813
317112314
317229848
317367122
317510663
317637718
317781773
317917735
318021755
318135515
318245525
318370087
318480262
318600869
318715022
318842550
318970329
319102734
319253169
319388818
319527665
319666772
319804378
319932914
320063718
320196298
320337743
320446617
320580529
320714685
320832633
320957115
321082177
321203563
321336929
321461705
321588813
321723689
321845414
321979141
322101141
322232138
322370514
322499607
322631643
322763329
322885123
323019740
323150621
323274604
323402258
323537604
323677456
323803284
323910111
324028612
324163917
324295094
324418559
324547770
324656866
324782066
324909118
325038405
325154232
325281199
325397909
325518288
325635491
325744718
325866453
325997039
326138348
326257556
326379589
326515083
326644190
326771697
326902036
327022518
327115977
327225503
327334872
327443682
327551315
327670756
327776517
327888494
328009727
328131783
328251226
328372966
328506634
328618260
328723597
328823180
328951606
329072357
329187248
329299678
329424144
329538159
329652275
329761569
329869135
329982744
330120487
330245680
330376780
330492296
330614087
330732009
330855897
330964331
331084409
331222060
331350541
331467012
331584637
331697248
331811264
331922327
332042556
332161205
332279056
332382819
332523331
332641192
332764195
332882826
333011212
333135047
333263750
333401809
333527060
333643390
333775944
333879780
334007706
334140704
334250532
334372898
334501988
334624232
334758557
334885278
335009297
335130359
335236895
335366505
335495509
335619708
335738977
335852641
335974678
336091558
336205522
336311473
336426678
336543791
336651106
336765136
336881354
336983593
337093933
337218693
337338262
337464814
337587066
337722148
337847879
337977915
338118672
338253247
338376081
338504376
338639142
338776494
338888833
338997651
339112665
339223701
339350807
339472917
339591272
339715788
339842874
339977001
340099679
340229514
340354165
340467043
340585008
340708989
340832463
340946214
341076085
341189519
341302913
341415865
341532046
341649175
341756547
341888353
342010377
342133079
342256271
342372037
342483149
342592188
342721932
342836142
342950499
343071716
343208126
343324650
343442314
343568462
343693959
343808648
343935462
344050630
344168440
344293991
344403777
344514475
344633905
344750150
344877566
344997258
345120851
345235225
345347131
345450158
345558173
345668524
345803529
345928278
346063264
346186399
346315531
346458204
346597933
346727127
346852678
346965825
347103415
347232706
347367246
347485062
347607810
347727987
347852485
347975415
348096284
348221124
348335720
348447731
348553604
348665707
348777603
348885780
348991114
349113037
349222323
349346296
349459206
349577801
349695716
349814548
349927850
350047387
350188836
350328997
350450048
350569455
350679729
350788225
350886813
350994918
351106368
351218965
351334821
351448558
351565947
351692311
351826562
351951734
352078382
352204906
352330368
352440407
352553435
352675839
352797195
352918112
353030513
353158967
353258987
353373428
353475806
353593868
353710044
353821666
353933244
354042849
354159568
354276070
354401172
354522707
354658174
354792050
354929553
355054402
355183825
355304135
355442542
355566914
355680101
355804383
355919666
356041933
356160987
356282173
356394748
356513811
356621532
356739217
356854572
356978265
357110248
357228986
357337305
357458603
357577018
357691091
357802586
357910880
358012857
358137081
358255328
358378846
358505441
358637383
358756071
358875063
358985186
359092529
359206543
359319698
359436551
359563809
359679590
359791471
359900446
360012061
360120082
360232773
360347841
360468239
360597100
360709074
360825358
360944220
361066892
361191943
361312527
361450977
361574614
361703799
361827494
361952209
362079850
362194686
362309758
362435662
362552007
362660730
362771817
362875959
362976078
363089705
363202847
363327299
363457819
363571130
363680931
363799298
363893195
364000338
364110128
364213832
364325411
364425732
364530565
364632622
364737783
364865811
364992314
365103856
365205522
365318755
365417396
365524517
365620568
365723752
365842037
365960192
366054791
366165499
366279459
366389261
366498445
366612869
366729218
366845033
366968550
367086345
367206400
367319315
367429946
367551576
367674564
367787201
367904653
368023886
368145160
368267527
368382526
368482785
368599694
368715127
368817836
368938166
369061003
369176998
369302800
369408002
369519013
369635806
369755521
369886394
370000585
370122558
370242135
370353490
370456192
370563849
370668486
370791238
370904986
371015514
371117488
371228185
371334384
371438907
371548980
371652894
371759649
371856151
371955647
372067055
372168694
372284282
372391130
372503637
372619599
372725644
372827570
372924600
373015134
373115726
373217293
373329202
373440209
373544453
373649840
373761985
373862508
373978563
374091292
374206014
374319310
374419918
374521391
374619111
374718214
374827075
374941709
375054855
375157139
375244982
375346073
375441231
375545256
375653807
375754871
375846901
375954918
376050779
376141105
376238605
376343626
376430111
376531701
376639114
376747350
376864407
376981884
377086327
377181811
377283715
377382172
377491026
377603350
377712386
377823593
377945931
378058221
378174385
378290949
378410999
378533972
378659329
378781477
378894070
379020092
379132597
379244001
379354922
379458997
379579956
379707128
379823790
379944263
380050808
380150857
380253810
380352628
380452599
380544771
380658004
380762518
380870732
380969501
381068251
381175021
381277452
381397267
381522393
381640862
381737219
381838069
381952747
382045375
382154710
382250315
382355199
382452262
382548722
382656833
382765111
382866613
382965305
383063389
383161865
383254505
383365019
383478854
383592163
383721135
383827007
383927213
384031256
384135436
384238366
384346467
384466507
384567117
384653147
384754361
384868309
384984771
385106846
385212235
385314155
385421306
385543022
385657417
385765408
385878959
385999479
386116859
386234785
386345676
386444631
386548618
386649775
386763955
386862971
386970665
387075656
387172244
387274285
387369761
387485251
387604012
387716991
387821039
387928370
388042590
388145522
388241515
388333563
388422641
388521363
388625339
388740565
388847941
388953590
389046969
389153310
389259351
389378471
389479925
389588331
389695459
389802734
389928238
390042876
390150803
390246098
390358781
390452039
390548765
390660811
390778234
390891444
390998792
391116585
391225541
391327842
391432658
391542956
391631495
391736892
391829459
391940846
392041126
392140710
392244351
392337203
392445384
392551518
392655903
392755691
392850289
392940730
393049377
393160977
393246476
393350811
393453634
393549032
393660709
393756863
393850779
393936666
394029877
394125450
394213968
394305337
394412140
394507557
394612711
394715189
394827554
394944455
395041624
395145663
395259046
395368329
395478360
395584095
395691733
395802249
395921369
396046279
396171727
396281080
396392047
396494869
396597283
396698419
396796745
396905415
397011708
397107999
397212000
397321979
397424929
397529927
397644294
397734278
397832182
397927945
398019077
398119412
398211871
398312797
398418617
398521181
398621658
398729994
398834533
398933670
399023158
399110418
399198567
399296955
399388321
399471990
399559791
399657229
399752191
399844909
399942098
400045962
400154807
400262505
400370484
400482583
400580036
400686166
400795628
400896176
401008069
401112335
401214359
401313184
401424513
401523469
401609887
401708005
401804420
401892862
401987511
402081349
402180359
402292645
402397763
402504305
402602238
402700089
402799113
402900222
403003108
403104988
403201783
403298928
403391519
403492221
403599076
403700437
403792375
403894150
403997749
404091997
404196280
404290864
404374144
404469722
404552866
404635337
404715620
404820992
404909901
405005687
405090067
405174488
405260330
405351362
405455484
405556551
405659233
405743787
405843608
405934300
406033471
406122680
406217484
406317518
406412885
406524825
406631046
406728927
406835030
406929335
407030881
407131883
407240263
407351818
407456820
407565260
407655261
407750533
407854131
407940010
408021710
408119855
408208218
408299034
408388493
408484178
408568177
408669312
408750767
408836762
408922863
409011219
409095371
409195029
409299640
409398565
409496906
409600591
409700710
409804855
409913919
410016612
410105649
410201077
410284065
410370895
410465718
410568137
410667771
410746650
410825970
410904976
410991999
411094936
411192503
411301474
411398552
411504358
411607023
411714443
411819144
411933113
412043755
412147706
412243864
412330082
412423776
412522423
412621915
412716340
412798382
412890436
412979739
413076642
413173423
413271670
413363669
413467322
413562227
413659693
413765636
413858004
413957071
414044089
414139741
414239329
414331351
414429859
414520979
414605185
414697642
414792584
414890964
414987323
415089303
415200225
415308003
415422464
415518116
415598215
415678194
415771197
415869758
415956130
416032693
416130500
416222047
416314451
416403146
416504976
416615139
416720608
416818208
416922197
417033280
417133610
417231389
417327423
417418405
417508808
417607770
417701186
417804111
417902928
417996290
418100724
418207326
418314068
418406569
418505999
418592345
418691929
418797207
418879851
418970181
419054704
419161242
419268118
419374179
419480698
419590439
419695737
419800188
419891245
419985545
420078354
420177738
420268158
420368355
420467699
420557489
420639181
420721759
420805873
420887033
420978247
421076231
421185466
421284739
421378165
421474840
421586329
421688035
421791699
421897010
421997227
422091567
422193720
422277114
422356606
422438984
422528446
422617349
422710373
422806099
422884626
422979532
423058909
423153718
423264336
423360161
423455610
423539993
423638803
423733012
423821846
423922758
424006619
424100467
424191188
424291282
424388227
424474320
424578589
424682058
424764491
424856338
424943166
425035538
425132306
425229922
425319272
425419736
425519062
425614113
425708805
425811026
425913201
426012633
426106767
426184796
426256335
426326493
426401523
426491523
426588902
426682587
426777390
426884689
426989426
427088731
427189255
427284492
427380423
427466411
427555225
427643210
427736329
427834097
427931086
428021830
428109463
428203000
428296215
428382473
428488149
428585317
428687731
428787081
428886791
428984162
429079376
429182869
429285787
429379771
429483397
429584641
429686417
429785365
429888715
429974634
430065709
430162101
430252421
430353884
430458975
430556731
430651184
430745075
430831733
430932888
431029183
431135835
431240688
431330956
431431003
431523176
431606568
431699451
431786222
431888911
431985366
432074352
432173292
432272622
432373613
432476223
432571467
432662079
432743482
432839106
432945686
433044534
433155925
433250059
433346080
433446341
433549402
433644290
433738298
433817454
433900871
433990065
434077341
434164791
434251868
434341847
434445769
434544939
434653606
434742882
434822245
434915926
435000540
435083438
435171535
435257133
435328865
435393204
435468125
435549199
435634649
435721575
435797914
435882750
435974102
436073943
436170601
436257031
436332402
436410458
436495057
436585965
436673483
436764721
436862332
436972936
437073492
437161543
437248706
437349550
437437739
437525413
437622256
437710927
437812237
437902444
437998836
438087946
438174975
438249264
438335228
438419933
438508158
438585241
438675464
438768544
438860447
438941808
439029656
439118273
439198036
439286237
439383873
439481517
439566543
439662473
439752602
439841469
439929155
440026493
440129322
440219937
440322543
440415427
440505395
440599944
440698854
440793786
440890700
440981750
441058971
441138835
441223214
441315376
441398949
441474061
441543933
441626258
441714491
441789184
441864539
441940697
442011652
442094127
442169192
442250658
442327514
442405447
442487675
442577982
442665744
442757830
442842930
442921960
443004958
443103307
443199735
443290896
443378141
443474583
443579416
443680616
443767230
443861828
443956620
444048091
444136778
444216825
444302178
444391431
444474040
444569996
444654928
444744419
444839345
444910256
445007383
445095737
445180275
445267830
445359736
445445116
445537037
445626327
445724590
445815148
445914763
446009244
446106195
446200628
446305348
446394359
446493390
446586501
446668061
446759220
446840103
446928110
447001288
447088459
447177440
447263671
447353116
447440362
447532697
447624016
447719269
447805839
447878657
447949822
448026730
448109983
448198871
448296095
448389496
448477970
448570659
448655074
448740610
448827802
448913711
448994645
449077060
449159269
449240899
449327028
449408354
449496669
449589716
449676401
449762480
449841589
449932129
450010742
450111904
450201148
450284050
450379032
450455795
450536336
450612815
450696123
450777028
450854295
450937788
451018530
451105571
451195389
451285378
451380760
451466462
451558778
451644399
451737255
451828721
451923656
452016372
452097874
452177104
452259247
452354460
452434858
452524035
452618324
452708537
452806378
452903670
452996832
453085291
453178492
453276289
453373701
453473933
453573785
453674131
453768310
453863395
453953765
454042648
454129406
454214134
454304691
454382664
454457664
454544417
454646613
454739071
454829732
454919105
455001289
455080253
455163848
455267758
455352917
455427063
455496839
455575042
455648479
455745590
455833431
455920286
455995070
456082393
456170909
456261400
456341844
456415552
456503745
456599417
456693147
456795557
456890820
456980116
457066043
457152530
457246526
457326371
457420986
457505759
457584789
457662090
457743037
457821306
457910536
457982547
458066002
458146312
458220402
458284720
458356789
458437409
458513477
458587203
458667437
458744707
458831060
458915961
458996068
459074411
459151061
459230361
459318496
459416180
459506598
459589969
459672578
459753746
459850444
459935911
460026100
460119319
460215095
460307181
460400629
460479503
460572191
460664630
460755664
460836047
460926958
461010395
461090619
461171574
461247406
461330666
461410802
461492956
461587665
461681506
461768396
461860135
461945944
462010494
462081468
462159736
462245769
462325961
462404987
462487338
462562202
462638755
462715942
462803571
462891355
462967857
463048010
463132109
463213851
463300609
463397250
463490004
463574418
463679820
463766909
463861679
463953018
464037656
464125898
464217138
464300091
464379033
464465009
464558969
464655400
464734784
464819646
464893630
464966914
465038792
465123488
465203443
465291805
465380282
465467058
465557977
465635510
465706959
465773922
465845049
465917939
465991607
466076821
466165692
466246897
466331792
466428783
466523071
466605941
466684560
466769519
466847648
466929019
467010865
467079043
467155835
467235766
467310091
467378840
467459882
467547163
467640665
467732091
467833328
467924685
468012558
468094791
468169299
468240448
468331480
468415819
468498982
468575574
468656487
468746501
468834184
468917219
469007195
469083939
469163265
469257616
469359019
469446206
469537906
469618480
469706523
469789521
469878205
469958162
470042336
470127013
470207166
470292581
470384543
470464054
470556458
470645563
470736003
470822857
470909892
470999304
471076291
471163145
471240796
471325033
471400716
471483879
471574978
471657011
471751957
471837436
471930350
472012703
472096634
472183543
472262689
472353323
472446483
472536890
472617153
472687358
472768193
472842962
472908808
472973819
473044798
473135276
473215219
473289796
473358438
473426931
473500805
473572365
473637372
473713915
473791397
473860048
473929316
474004821
474088241
474169500
474249581
474325600
474402089
474486450
474566516
474659159
474743009
474820776
474901823
474976689
475056866
475127659
475200098
475266778
475339049
475412529
475485126
475578877
475659819
475742360
475832843
475916502
476011749
476099729
476176751
476249091
476316553
476381421
476449598
476523360
476604206
476694367
476779007
476869386
476949948
477045794
477135029
477222403
477304778
477384410
477455543
477541197
477630123
477705406
477775582
477860551
477945661
478021016
478108779
478188056
478270906
478352803
478444112
478536949
478616554
478700070
478785818
478858054
478927062
479003180
479089501
479172273
479250113
479333241
479427990
479517335
479606550
479695691
479789601
479877544
479963414
480043996
480122721
480197406
480279423
480363991
480445691
480529846
480608646
480703753
480786620
480859112
480922117
480989015
481054108
481134063
481213543
481295305
481373477
481455819
481535452
481625060
481709373
481790353
481871470
481946529
482029065
482107259
482186745
482267168
482340386
482419335
482505576
482583119
482662222
482727893
482806193
482880265
482952058
483027847
483108710
483178800
483242723
483313487
483386880
483449308
483522797
483595094
483670080
483736738
483790792
483846222
483903958
483962360
484021126
484094588
484158606
484216744
484275815
484328028
484383385
484458000
484535680
484609032
484684549
484750574
484823735
484895758
484977125
485052243
485125761
485201891
485260160
485315162
485367975
485426297
485501660
485585865
485658856
485754096
485835237
485917720
486002549
486090003
486167768
486247215
486321203
486383868
486439435
486492356
486557310
486627538
486697795
486765392
486832155
486897632
486961609
487023171
487073764
487133540
487198749
487262989
487331112
487393163
487463607
487525706
487591330
487657197
487716689
487774737
487845644
487906327
487983622
488051784
488120025
488189761
488255512
488320168
488385639
488439908
488508785
488560312
488616529
488676151
488734924
488779499
488824558
488889720
488963026
489023749
489083758
489150180
489224444
489297770
489367102
489440505
489505609
489574235
489647447
489716194
489786436
489855521
489916592
489977464
490038367
490111639
490174426
490234004
490297780
490362458
490420326
490487842
490568243
490649563
490723360
490808866
490884849
490958307
491031076
491092122
491157797
491230867
491292670
491354063
491419111
491488937
491566514
491631991
491703466
491758450
491823704
491900167
491989703
492079171
492156879
492238707
492318121
492396611
492464178
492537878
492603560
492671684
492735054
492805411
492875473
492939699
493003423
493075188
493145556
493210237
493281271
493345671
493420903
493494302
493559928
493633921
493703661
493774966
493850779
493924068
493988875
494066599
494139229
494214562
494279193
494333265
494388519
494438985
494490588
494554561
494627016
494697310
494758739
494818612
494882581
494957998
495023380
495076686
495120721
495169040
495212298
495255359
495301754
495359924
495410409
495466143
495516420
495562655
495607218
495657729
495712542
495762686
495813316
495867994
495926101
495982471
496036740
496091290
496147146
496200540
496249416
496304088
496366529
496439765
496513076
496591421
496658445
496730055
496802690
496875726
496953797
497035668
497105654
497177940
497252081
497328028
497404797
497473660
497544305
497610825
497676577
497749169
497822663
497892538
497971811
498042977
498110645
498174646
498234299
498292257
498347786
498412352
498472566
498531767
498597922
498653359
498714321
498770520
498837691
498898414
498957685
499028167
499098798
499162475
499226908
499298005
499375416
499452572
499524394
499602933
499680936
499756982
499824672
499884980
499956380
500021560
500096347
500174116
500247096
500320093
500385373
500449617
500508847
500563153
500617710
500672644
500739977
500796983
500866484
500935337
501001828
501080830
501154969
501232202
501306559
501372605
501442034
501497332
501567523
501630095
501710259
501781183
501858454
501921395
501986675
502046664
502112688
502181766
502265704
502346056
502420206
502500157
502577209
502642601
502719264
502776136
502836934
502897580
502963703
503024229
503100365
503177285
503257054
503335377
503404439
503466452
503524853
503576818
503630088
503688645
503748620
503803593
503852364
503901262
503948126
503989461
504037299
504078955
504124751
504187599
504240405
504293453
504348656
504394378
504441006
504479777
504520969
504557411
504599256
504648176
504700564
504752021
504796616
504838208
504877362
504914570
504959784
504996242
505035398
505077489
505120119
505174029
505243240
505302151
505359580
505420461
505485364
505557995
505629339
505688697
505742654
505796146
505851157
505913650
505978363
506045932
506106044
506163534
506231967
506297968
506361243
506425236
506497154
506565307
506635354
506701529
506773985
506840899
506910645
506981960
507058057
507129708
507188424
507253933
507319774
507383542
507452365
507526988
507605122
507682486
507753868
507824250
507896900
507966085
508034508
508105454
508164019
508230156
508294596
508354105
508415001
508480297
508538858
508588620
508637581
508683210
508734925
508786325
508838879
508889979
508937346
508993105
509043010
509089822
509132620
509184783
509226193
509277603
509331851
509394556
509451320
509502198
509555534
509611675
509664230
509722071
509783654
509836820
509886538
509936284
509989384
510045390
510105401
510157299
510201365
510240254
510276450
510312750
510363068
510412312
510456529
510498902
510536480
510577993
510618103
510659919
510708566
510756655
510794679
510833757
510881951
510926243
510975037
511021753
511058517
511095591
511136453
511176360
511215327
511254973
511290455
511328159
511365473
511399008
511432184
511467813
511499203
511536126
511573038
511610671
511646815
511684157
511716807
511758341
511799885
511839994
511877989
511918594
511970130
512018894
512075005
512128738
512181896
512228031
512272075
512308163
512345604
512379871
512413852
512452280
512492821
512530306
512562420
512597813
512640896
512686574
512738250
512785800
512831488
512867554
512907132
512944244
512979700
513015063
513050266
513085092
513121009
513161439
513197498
513234220
513271674
513310682
513345769
513379377
513414671
513450654
513486109
513524403
513560714
513600789
513635732
513671951
513710099
513746010
513782582
513817054
513851305
513889726
513925487
513966087
514005398
514039959
514078986
514113119
514148187
514185349
514223542
514260717
514294140
514328128
514366387
514401078
514435788
514475801
514511464
514551310
514587614
514628665
514666186
514705622
514742154
514782582
514818189
514856553
514897674
514937752
514971664
515006266
515040829
515078397
515113917
515152299
515188661
515224587
515259223
515295018
515334352
515371655
515409291
515450251
515486693
515520211
515559639
515594554
515627192
515664940
515701077
515736966
515774994
515812949
515851497
515886031
515926299
515964364
516001345
516038616
516075391
516108540
516145541
516182289
516219112
516258084
516294309
516331101
516365706
516404448
516438003
516472689
516507960
516540748
516573535
516606730
516638813
516675283
516712007
516753492
516790436
516830766
516869421
516908265
516944295
516980870
517019031
517056480
517092097
517126352
517160703
517197638
517239445
517277396
517316555
517354620
517394328
517430083
517462534
517499141
517539490
517582476
517625629
517665119
517704995
517740560
517774211
517811607
517847006
517885164
517922219
517957579
517991748
518032667
518083862
518125893
518166006
518210141
518251982
518294135
518332844
518367621
518403229
518440388
518479744
518516549
518551860
518591763
518630205
518664519
518695961
518728514
518758088
518791223
518827478
518863088
518895703
518931896
518967822
519010631
519048673
519095937
519132688
519168665
519201113
519237227
519280457
519328108
519375494
519422011
519472385
519527695
519583998
519641619
519697675
519755582
519815164
519869990
519919544
519971066
520022478
520072411
520120380
520181803
520242072
520300856
520356935
520414632
520471408
520532958
520589844
520646599
520706345
520762376
520814713
520869601
520917906
520966242
521011576
521068633
521115874
521173371
521223483
521276097
521330905
521393108
521453337
521503250
521542445
521578876
521614784
521656780
521709611
521762396
521823047
521880884
521932527
521988184
522037292
522084666
522127136
522160875
522202074
522245883
522282080
522314727
522347188
522389015
522424877
522460633
522500077
522536854
522572555
522607532
522644993
522680046
522713629
522750405
522792236
522829121
522868200
522915232
522965272
523021309
523071688
523121640
523175297
523227602
523268295
523310111
523355754
523405109
523451549
523496615
523537856
523586684
523636878
523686175
523737136
523788015
523837404
523887892
523945089
524002492
524059016
524116332
524173357
524227333
524278502
524331172
524375839
524422975
524467504
524507281
524549411
524592272
524636690
524678965
524726547
524780291
524828457
524862231
524896167
524933005
524969371
525006515
525043656
525076122
525108827
525144496
525181744
525218100
525255125
525292876
525338032
525376741
525407998
525441891
525476056
525511181
525552025
525593622
525636630
525679830
525728595
525771040
525805726
525845817
525893546
525928700
525968759
526014539
526053364
526096606
526147576
526202689
526264926
526327431
526390003
526444317
526492283
526537446
526589526
526640033
526686150
526741955
526789006
526831471
526868403
526901000
526932448
526965976
527002604
527035149
527073453
527113758
527150969
527187027
527225096
527263899
527300087
527338885
527376131
527413017
527446457
527481126
527519300
527555248
527589108
527623676
527660268
527694484
527731733
527766964
527803742
527835046
527870553
527913948
527955012
528004145
528047778
528092008
528147782
528199073
528246076
528287214
528330121
528383892
528437490
528485349
528536405
528578586
528626253
528675482
528727051
528783245
528828171
528871628
528923684
528962567
528996653
529027531
529061829
529098060
529132050
529165060
529199830
529236866
529274583
529309857
529356257
529407139
529455833
529502898
529540413
529591249
529646408
529698955
529752588
529789317
529830602
529866919
529900247
529934433
529976376
530019222
530062514
530097550
530134064
530167526
530204615
530240854
530278827
530314177
530348942
530383132
530415670
530447938
530483984
530517694
530560656
530596940
530638656
530673504
530706603
530740474
530775308
530812528
530850089
530888273
530926678
530962960
530995560
531026529
531059422
531093226
531129251
531165733
531205151
531240049
531277322
531315959
531354719
531392197
531428342
531463293
531498344
531531781
531562799
531597074
531635274
531671080
531708122
531743558
531779725
531812070
531844650
531878842
531910413
531943362
531980923
532013008
532049857
532086713
532121380
532155294
532190416
532227270
532262583
532296464
532329583
532366055
532405259
532444038
532482438
532518930
532550966
532585647
532618860
532656208
532692811
532730931
532766196
532799796
532836462
532874024
532912561
532947296
532982540
533020315
533054851
533089706
533122959
533158712
533197018
533232189
533264577
533296146
533332445
533373570
533408405
533443446
533474706
533507624
533539625
533571580
533605953
533645486
533681422
533713375
533758553
533799060
533836847
533869745
533905135
533943560
533986010
534023203
534056490
534094050
534130720
534164634
534199082
534231951
534267258
534305756
534338252
534371887
534401830
534434259
534468784
534503161
534539963
534575921
534606893
534641183
534675230
534709928
534744006
534778733
534810067
534839381
534872335
534904082
534936647
534967598
535001807
535034343
535069596
535106547
535139464
535172768
535206192
535238897
535275488
535312290
535344943
535379312
535412218
535446315
535479791
535515672
535549111
535582101
535614829
535651267
535682223
535717323
535753124
535786117
535818730
535849099
535883314
535916705
535947486
535982182
536019682
536057192
536090281
536122674
536152978
536182611
536215434
536252137
536284049
536317168
536346370
536384530
536419301
536454493
536486834
536518911
536553793
536587466
536622015
536655029
536688463
536723547
536758901
536792096
536828686
536864882
536897947
536935533
536971962
537006512
537040524
537071735
537104342
537139854
537177700
537210915
537243767
537282668
537317718
537355499
537392405
537428746
537463456
537497153
537529969
537565107
537599623
537631208
537662114
537694903
537726973
537758900
537793471
537829097
537865456
537902583
537939715
537977670
538011471
538048228
538084582
538119252
538153121
538186654
538222416
538255155
538287402
538317734
538353117
538389273
538422044
538454686
538488458
538524870
538558735
538591982
538621081
538651768
538685553
538718026
538754046
538788106
538823480
538856908
538891112
538925290
538963024
538996118
539031146
539062321
539091621
539124424
539153898
539185573
539221481
539254635
539289494
539325431
539362246
539395334
539427241
539461114
539501178
539535958
539565649
539597769
539626715
539657476
539689092
539722582
539759445
539791958
539821140
539852621
539885409
539916836
539947157
539979319
540010805
540042110
540072093
540100874
540130028
540160557
540193112
540226203
540262711
540297401
540332281
540370872
540408677
540440062
540473677
540503548
540533756
540565164
540597957
540631581
540664382
540700545
540737420
540769101
540801923
540834550
540864887
540897659
540926815
540960441
540992485
541022360
541053660
541089192
541123894
541158723
541190300
541224587
541261458
541296513
541326281
541362143
541397214
541430315
541464518
541497024
541531239
541563288
541596251
541631620
541659453
541691313
541722868
541755865
541789910
541824103
541860923
541893400
541925485
541959150
541992152
542024299
542056357
542088579
542123175
542155701
542188249
542220442
542253908
542289862
542319463
542354508
542390578
542422865
542455990
542488879
542522439
542552449
542587172
542622077
542655577
542692354
542725702
542759489
542790710
542824607
542860240
542891298
542922185
542953736
542985627
543016096
543049804
543081061
543113023
543147517
543181529
543214278
543248312
543280854
543322339
543359180
543390221
543422553
543454702
543488941
543523886
543559892
543597256
543631325
543663271
543695154
543730719
543764304
543798947
543831431
543866693
543902026
543936295
543968432
544002250
544035347
544069032
544102036
544136117
544168778
544201428
544230912
544264038
544296366
544328404
544360041
544393697
544425193
544458418
544487547
544520171
544553485
544588892
544622773
544656723
544691141
544725814
544755874
544787626
544818888
544848577
544879069
544911421
544945222
544977472
545008547
545040947
545077553
545110657
545141519
545178326
545213768
545247848
545281460
545314876
545346209
545378710
545409240
545439168
545466551
545492590
545523916
545554173
545588650
545622387
545655011
545684899
545714106
545745161
545772895
545805721
545836895
545871708
545906283
545934278
545964270
545992427
546018838
546046701
546075542
546104137
546134283
546163725
546195913
546226650
546257884
546286482
546319083
546352641
546386585
546421405
546453264
546485052
546516481
546548014
546582764
546614384
546648796
546677415
546712277
546744843
546776725
546807300
546841402
546874939
546910793
546941543
546969791
546999745
547029912
547058238
547090442
547122192
547152913
547184722
547214844
547247219
547277322
547309394
547339007
547370109
547402288
547434984
547466196
547493595
547522945
547552483
547584039
547617296
547646583
547678631
547714340
547752769
547790511
547828863
547860868
547891283
547924132
547955763
547985218
548018048
548048868
548081027
548111905
548141325
548171085
548204242
548236946
548272353
548311243
548344682