515.3958
512.4419
509.8259
508.0446
506.3907
504.65
502.7904
501.5272
499.2991
496.9409
494.6154
493.8568
492.5686
490.6867
489.8461
488.3945
487.5973
485.28
483.7482
482.9316
481.7862
479.5949
478.028
476.6446
476.2801
474.3346
473.6414
471.7485
470.8087
469.5983
468.1936
466.9254
464.9373
462.8736
461.4583
460.1376
458.1441
456.6891
456.1203
455.3649
454.8291
453.8613
452.2252
451.5302
450.662
449.2393
447.7827
446.8603
445.7914
444.7516
443.9608
443.1612
442.0739
440.8305
440.4313
439.7499
439.6411
438.3637
437.5943
437.2563
436.7392
436.1941
435.4074
434.7593
433.4729
432.6811
432.3304
431.0691
430.0967
428.9474
427.6037
427.1176
426.144
425.1591
424.7308
424.0105
422.8165
421.8044
420.0685
418.8695
417.5879
416.4033
415.1129
414.8016
413.7608
413.3784
413.0322
412.2442
411.4288
410.4655
409.7012
409.5182
408.9828
408.6925
408.2741
407.8091
407.4563
406.0896
404.8836
403.9503
403.1032
402.1824
401.2064
399.8866
398.9825
398.2365
397.326
396.1812
395.2534
393.9427
392.7961
392.2185
391.785
391.3887
390.7061
390.1024
389.5535
389.011
388.7383
388.0788
387.5941
387.0622
386.9391
387.0264
386.7856
386.827
386.7351
386.186
386.1796
385.8344
385.7858
385.4837
384.5722
384.2141
384.2938
384.2917
383.7635
383.2971
382.7404
381.9253
381.1315
380.3846
380.3762
380.0794
379.8203
379.4711
378.9539
377.8647
377.5453
377.1795
376.8381
376.1521
375.1392
374.1776
373.7177
373.4812
372.571
372.455
371.8127
370.9271
370.6081
370.2502
369.8244
369.1691
368.9384
368.8856
367.9603
367.6259
367.5656
366.8592
366.7593
366.0341
365.9749
365.5793
365.014
364.2792
363.3675
362.4245
361.5432
361.2047
360.557
359.624
359.0815
358.4447
358.19
357.8917
357.7002
357.2047
356.9392
356.2747
356.1162
355.6451
355.5047
355.3266
355.0152
354.8945
354.7182
354.4137
354.2255
353.8675
353.3095
352.9329
352.1858
351.966
352.3987
352.3933
351.6745
351.4897
351.0061
350.436
349.9317
349.6178
349.3169
348.836
348.3313
348.1845
347.6658
347.536
347.1567
347.1282
346.516
345.6703
344.9462
344.41
343.757
343.0059
342.5961
342.1455
341.5707
341.0104
340.8967
340.6432
340.2716
339.8691
339.3638
339.1008
338.6576
338.3676
337.72
336.7951
335.9001
335.0413
334.8806
334.2904
333.627
332.8645
332.4592
331.7536
331.2466
331.0368
330.8537
330.4836
330.2245
329.976
329.8445
329.5602
329.2522
328.9451
328.6666
328.313
328.029
327.7967
327.6341
327.5238
327.4226
327.2315
326.8929
326.6291
326.4959
326.1667
325.8303
325.7492
325.5772
325.0601
325.005
325.13
324.7116
324.4359
324.4163
324.1049
324.0166
323.8329
323.4991
323.2968
322.6108
322.3503
322.0985
321.6095
321.1351
320.9417
320.371
319.8983
319.3926
318.9407
318.5271
318.174
317.6231
317.0301
316.4248
315.9486
315.5032
315.3311
314.894
314.4224
313.8643
313.2527
312.9035
312.3713
311.9397
311.504
311.1378
310.7825
310.4278
310.1753
309.8181
309.5978
309.4026
309.2083
308.9538
308.5352
308.3273
308.2453
308.0551
307.8308
307.6467
307.368
307.1363
306.9026
306.6755
306.3182
306.0859
305.8281
305.6937
305.3742
305.0245
304.8532
304.6544
304.3687
304.094
303.8952
303.6545
303.456
303.2893
303.0077
302.7224
302.5105
302.1132
301.8876
301.605
301.2469
300.963
300.7069
300.5269
300.3637
300.2361
300.0583
299.7072
299.408
299.1583
298.872
298.5758
298.2826
298.1194
297.7644
297.3413
296.8439
296.4158
296.0003
295.7488
295.4564
295.2268
295.0891
295.0691
294.8196
294.6832
294.3606
294.2836
294.0374
293.9326
293.8434
293.5876
293.2306
293.0587
292.7421
292.4438
292.2865
292.3033
292.2593
292.186
292.0908
291.7616
291.4634
291.2509
291.1529
290.927
290.7705
290.585
290.3262
290.2525
289.9249
289.6987
289.5359
289.3518
289.1214
289.0439
288.8109
288.772
288.5791
288.2946
288.0747
287.6339
287.3081
287.0471
286.8559
286.7504
286.61
286.4023
286.2413
286.0122
285.8014
285.6036
285.3951
285.138
285.0596
284.928
284.8553
284.7541
284.6575
284.612
284.5404
284.4237
284.3022
284.1821
283.9451
283.6773
283.4102
283.2171
282.97
282.7796
282.5052
282.1345
281.8936
281.6797
281.639
281.3468
281.1739
281.0228
280.8688
280.6653
280.5128
280.2904
280.1624
280.0665
279.9034
279.8175
279.666
279.4719
279.2365
279.0558
278.8471
278.6872
278.5755
278.3299
278.2446
278.1282
278.0855
277.8746
277.7067
277.5287
277.0231
276.7618
276.5779
276.4352
276.2727
275.963
275.7494
275.5841
275.3129
275.2556
275.188
275.2048
275.207
275.1096
275.0518
274.9182
274.9631
274.8185
274.9374
274.8839
274.9189
274.8695
274.8066
274.5636
274.5783
274.7778
274.6511
274.3448
274.2028
274.105
274.0275
274.0368
274.1082
274.1206
273.9666
274.1176
274.0575
273.9456
273.7578
273.8046
273.8084
273.7885
273.4128
273.1968
273.1537
273.0929
272.9602
272.8213
272.5376
272.451
272.1075
272.0819