526.386
522.9866
520.5056
517.258
516.3275
514.8376
513.7282
513.6521
510.6878
507.167
503.8977
505.4221
502.4427
499.3529
498.3853
497.084
498.6207
495.2763
495.48
492.3028
493.3513
491.3686
487.7203
483.5797
485.4466
483.7144
483.5609
479.2557
479.2552
477.6856
476.6523
474.9523
473.7308
471.5337
468.902
467.7579
463.9494
464.0353
462.5846
463.166
460.8641
461.5125
459.2913
459.1463
459.6712
455.6665
453.4774
452.8802
453.0732
451.0877
450.5299
450.7577
447.3803
446.6758
446.2742
445.7212
447.5328
448.2251
447.5101
445.1475
442.6386
442.662
441.2232
441.0107
438.9626
437.8102
436.7674
437.3735
437.448
434.8129
433.51
434.2284
431.0872
431.0508
429.8711
429.9263
428.2291
428.9102
425.8179
425.2155
423.4776
422.9887
421.6833
422.1853
418.7396
420.5736
418.9599
419.1029
417.5353
417.4663
414.8839
414.8019
415.0554
413.2902
413.2324
415.3112
413.5071
412.5406
410.1509
409.0583
408.3778
406.6217
404.8297
403.9419
402.5197
401.9798
400.7695
400.091
399.4908
397.6686
395.5261
395.7119
394.4637
394.0869
394.1175
393.3036
392.6973
393.1248
391.7494
391.7406
390.7999
391.1755
389.9359
390.3944
390.3407
390.0482
390.8116
390.022
389.9964
390.2678
390.5991
389.8709
389.1995
387.8795
388.8387
389.5484
388.1793
388.2216
387.3563
387.1646
386.9144
384.6168
385.8089
385.0214
385.2714
384.6444
384.1987
382.4467
383.4774
382.7752
382.4479
381.021
380.6168
378.6998
377.4453
377.468
377.1703
375.8848
376.3504
375.8217
374.8566
375.2505
374.7278
374.1772
372.8389
374.0685
372.1078
371.5393
371.9113
370.8444
371.9068
371.931
370.7351
370.2623
369.4298
370.0134
369.0203
367.6358
364.6505
364.9392
364.9635
363.736
363.1838
361.3506
361.2025
361.2169
361.6145
360.711
360.6096
359.7017
359.452
358.9934
359.3733
359.3049
359.4278
358.1864
358.8238
358.4879
359.2982
359.2408
357.2583
357.3214
355.8489
355.2861
355.9601
357.2549
356.2074
355.8869
354.1671
355.0367
353.0324
352.388
353.1586
351.935
351.99
351.524
350.6724
351.4691
350.5242
351.0125
350.723
349.9646
349.2325
347.6721
346.6881
345.5903
345.0397
344.5012
344.6403
344.6075
344.4028
343.5417
343.6763
342.5488
342.612
341.9185
341.5993
341.3739
340.5395
339.6681
339.1283
337.5395
337.0087
336.4626
336.3706
335.1974
334.947
333.8456
332.8342
332.8712
332.7232
332.9261
331.7964
332.1084
331.5854
331.5508
330.8482
330.9992
330.7231
330.293
330.1046
329.8253
329.4636
329.1115
329.8911
329.3186
329.1472
329.3364
329.0128
329.3009
329.1538
328.5492
328.9425
327.6605
327.5518
329.0084
328.1047
327.0266
327.2549
327.1909
326.6385
327.1711
326.578
326.5128
325.2293
325.5158
324.2045
324.8578
323.3405
323.3397
323.0852
322.1614
321.8235
320.9168
320.6085
320.4216
319.8441
318.6681
318.5373
318.1346
317.6091
318.0593
316.7467
316.0572
315.6697
315.0125
314.728
314.0214
313.7586
312.9608
312.5507
312.6727
311.8785
311.5789
311.2833
310.8637
310.8219
310.7951
310.5463
309.7197
309.55
309.4212
309.4657
309.6078
309.0901
308.7928
309.3067
308.6364
308.4444
308.4873
307.6291
307.2065
307.4156
306.7597
306.4716
306.162
307.1068
306.0098
305.311
305.3203
304.8186
304.7437
304.9786
304.6171
304.4317
304.0236
303.515
303.2549
303.0875
302.4767
302.2276
302.3208
301.9619
301.7775
301.6546
301.9748
300.9822
300.6815
301.0233
300.3813
300.3885
299.7612
299.5701
299.2711
298.7511
298.3017
298.38
297.4494
297.0894
296.6791
295.8185
295.9398
296.4301
296.1768
296.6643
295.6419
296.1701
295.3639
295.5461
295.1673
295.0375
294.2784
294.6454
294.2118
293.4254
293.5985
293.6627
293.5936
293.989
293.7985
293.6232
293.4327
292.8798
293.2792
292.7766
292.6089
292.1763
292.1183
292.4641
291.9503
291.2
290.7856
290.781
290.3563
290.5279
290.2364
290.2319
290.5634
289.7994
289.9479
289.2079
288.3109
288.2196
287.7228
287.9054
287.4367
287.5446
287.4241
287.3922
286.9765
286.8921
286.954
286.3027
286.2015
286.0064
286.0918
285.7855
285.645
285.7321
285.7714
285.4524
285.345
285.6626
285.2537
285.2937
284.4225
284.8527
284.1619
284.4109
284.2216
283.3841
282.7569
282.1278
282.926
282.2121
282.3309
282.3534
282.1465
282.0644
281.8718
281.2817
281.3615
281.5522
281.4055
281.1854
280.88
281.1021
280.6786
280.4381
280.4207
280.0151
279.957
279.8388
279.2696
279.61
280.0162
280.127
279.5143
279.3505
278.4915
278.5134
277.8755
277.8615
278.0349
277.788
276.8694
276.9811
276.5742
276.4868
276.1024
276.5978
276.3607
276.5723
276.4299
276.3311
276.4445
275.9322
276.3722
276.2073
276.1004
276.3173
276.8114
276.0315
276.1961
276.8586
276.4946
275.986
275.7219
275.7493
275.2807
276.2122
275.6579
276.6743
275.7729
276.3348
276.2228
276.2165
275.5968
276.1229
276.2861
276.0283
275.8322
275.7744
275.6165
275.5414
276.1117
275.0692
275.0323
275.2057
274.07
274.1811