502.0771
501.9326
494.1645
494.1645
493.0447
490.5751
485.9888
485.8508
481.5789
474.007
474.007
474.007
472.6915
468.8927
468.8927
465.7672
465.7672
465.4651
465.4651
464.6016
463.6862
461.5342
458.0638
457.5001
457.5001
457.5001
455.9332
455.7829
454.5601
453.8654
453.0721
452.8195
448.6909
448.5341
448.5341
446.2761
446.2761
445.4445
445.4445
443.4849
443.4849
441.7631
441.7631
441.3217
441.3217
439.862
439.6452
438.5353
438.5353
438.1825
436.7901
434.8584
434.8584
434.0115
433.9652
431.9884
431.9884
431.9459
430.3012
430.3012
430.2547
429.8625
429.0741
428.5681
427.7204
427.4228
426.3654
425.2855
423.9648
423.5738
421.6615
421.6615
421.6615
420.879
419.7496
419.7496
418.8035
418.8035
417.5439
417.199
415.6922
415.0408
415.0408
414.6468
414.2385
412.4862
412.4862
411.3387
411.3387
410.8172
410.4702
408.7583
408.7583
408.5988
406.5653
405.5222
405.5222
403.5078
402.2184
402.2184
402.2184
401.3835
401.3835
401.1238
401.1238
400.9605
400.8371
399.604
399.4862
397.3371
397.3371
397.3371
394.8392
394.7055
394.7055
392.2513
391.6395
390.7204
390.7204
390.4081
390.3979
387.3201
387.3201
387.3201
386.2436
386.0204
385.1807
385.1807
384.5199
384.496
383.5323
383.5323
383.2072
382.7059
382.7059
382.6667
382.1357
381.1989
381.1989
380.5065
379.4748
379.4748
379.4233
379.3687
379.3687
377.6781
377.0583
377.0583
376.2526
375.7319
375.5687
375.4171
374.3739
374.1199
372.576
372.2326
372.2326
371.8116
370.3304
369.5645
369.5645
369.2397
369.2397
368.15
368.15
366.8553
365.8974
365.8974
365.3215
363.7301
363.4787
363.0042
363.0042
362.5376
362.5376
362.5376
362.2579
361.0544
361.0544
360.9265
360.882
358.9958
357.9642
357.9642
357.9642
357.9642
357.9642
357.7636
357.7636
357.0336
357.0336
357.0336
355.9371
354.3435
353.8721
353.8721
353.1589
353.1589
351.6643
351.6643
351.6457
350.4495
350.4495
350.4495
350.4495
348.8391
348.543
348.3597
347.9523
346.4696
345.8699
345.0234
344.1067
344.1067
344.1067
343.698
343.698
342.9431
342.4027
342.1494
342.1494
342.0084
342.0084
341.3076
340.6128
340.6128
339.6846
339.6449
338.5466
338.4433
338.4433
337.8017
337.8017
337.5164
335.9312
335.1226
335.1226
335.1226
335.1226
335.1226
334.7434
334.6968
334.0208
332.5538
332.5538
332.5538
332.3874
332.3874
331.0379
331.0379
331.0379
331.0222
330.7621
330.2149
330.2149
329.8656
329.8656
329.585
329.082
329.082
328.9768
328.9174
328.6788
328.1414
328.1414
327.8494
327.6103
327.5619
327.4537
326.9233
326.5805
326.5805
326.3039
325.6931
325.3167
325.034
324.5603
324.3294
323.9356
323.9356
323.8759
323.4204
323.0492
323.0492
322.9681
322.3025
322.2438
321.9371
321.6139
321.5837
321.1067
320.8707
320.5821
320.5821
318.9234
318.9234
318.1669
318.1669
318.1669
318.1669
318.1669
318.1669
318.1669
317.7028
317.3718
316.4789
316.4789
316.4789
316.0873
316.0873
316.0873
315.2053
315.2053
314.9849
314.8446
314.8446
314.8446
314.8446
314.8446
314.8446
314.8446
314.2145
314.2145
314.2145
314.2145
313.092
313.092
313.092
313.092
312.6496
312.6496
312.6496
312.1547
312.1547
311.7189
311.2775
311.2775
310.6027
309.8315
309.2883
309.2883
309.2883
308.61
308.3169
308.2438
308.1692
308.1692
307.2764
306.9743
306.2075
306.2075
305.6259
305.4879
305.1057
305.1057
305.1057
304.7805
304.7805
304.5707
303.8493
303.8493
303.8493
303.8493
303.8493
303.8367
303.8367
303.195
303.195
303.195
303.195
302.9157
302.9157
302.1029
302.1029
302.1029
301.659
301.5252
301.2134
300.9726
299.8388
299.7799
299.7799
299.4575
299.2276
299.1434
298.9179
298.471
298.3168
297.5495
297.5495
297.5495
297.2827
296.6716
296.6716
296.6716
296.6716
296.6716
296.4676
296.2568
296.162
295.8077
295.8077
295.736
295.7231
295.7231
295.4586
295.2935
295.2203
295.2203
295.2203
294.9443
294.9381
294.9381
294.8475
294.5162
294.5162
294.5162
294.1289
294.1289
293.5085
293.3972
292.795
292.7311
292.5032
292.047
291.717
291.35
291.311
290.7558
290.7021
290.7021
290.3532
290.3532
290.2307
290.2307
290.2307
290.1396
289.6113
289.4969
289.3744
289.2087
289.2087
288.5595
288.5595
287.7809
287.7096
287.7096
287.4971
287.4971
287.0297
287.0297
287.0297
287.0297
287.0297
287.0297
286.8614
286.8614
286.8614
286.6885
286.4904
285.743
285.743
285.743
285.743
285.4133
285.3767
285.0112
285.0112
284.8159
284.8159
284.7793
284.7059
284.3832
284.3832
284.1246
284.0072
283.8073
282.9972
282.9972
282.9972
282.9972
282.2705
282.2705
282.2705
282.2705
282.1231
282.1231
281.6954
281.6954
281.6954
281.4745
281.4745
281.468
280.6301
280.6301
280.6301
280.5462
280.4279
280.3491
279.4991
279.289
278.3654
278.3654
278.3654
277.9736
277.7728
277.7636
277.4743
277.4743
277.3651
277.0698
277.0698
276.6761
276.575
275.9789
275.9789
275.9789
275.9789
275.9537
275.8768
275.4814
275.4814
275.4268
275.2973
275.2973
275.1081
275.1081
274.6375
274.6375
274.6375
274.6375
274.6375
274.5933
274.5933
274.5933
274.4823
274.0795
274.0706
274.0706
274.0353
273.8006
273.5357
273.4537
273.1879
272.9695
272.9695
272.4063
272.4063
272.4063
272.0371
272.0371
272.0366
272.0132
272.0132
271.7517
271.6423
271.6423
271.6423
271.6423
271.5925
271.5925
271.5925
271.5925
271.3058
271.2835
271.2835
270.9048
270.855
270.855
270.6326
270.6326
270.6326
270.5567
270.5567
270.5567
270.5369
270.3165
270.2007
270.121
269.5902
269.2719
269.2719
269.2391
269.2391
268.8171
268.8171
268.7129
268.5278
268.5278
268.4762
267.9944
267.9944
267.9944
267.8895
267.8663
267.7663
267.4944
267.4944
267.3677
267.3677
267.3637
267.0139
267.0139
267.0139
266.9112
266.6074
266.6024
266.5501
266.5501
266.5501
266.5071
266.1888
266.0651
266.0651
265.7639
265.6246
265.3813
265.2743
265.2577
265.2577
265.009
264.8854
264.8563
264.8563
264.8268
264.6332
264.3438
263.8441
263.8441
263.6506
263.2076
263.2076
263.0432
263.0432
262.9608
262.9608
262.9608
262.9608
262.3396
262.2505
262.2505
262.2505
262.2505
262.2505
262.2505
262.0993
262.0993
262.0543
261.6845
261.6845
261.6845
261.6845
261.5367
261.5367
261.3501
261.3501
261.3501
261.2867
260.8286
260.8286
260.6532
260.1735
259.8862
259.2113
259.2113
259.2113
259.1652
258.8008
258.8008
258.5157
258.5157
258.4947
258.1859
257.7836
257.0185
257.0185
256.9366
256.7412
256.4115
256.4115
256.4115
256.3955
255.8753
255.6742
255.4409
255.4019
255.1517
254.8207
254.6584
254.6584
254.3435
254.284
254.2307
254.1115
253.9998
253.9998
253.9875
252.9932
252.9932
252.9932
252.9932
252.6802
252.5234
252.5234
252.5234
252.248
252.248
252.248
252.248
252.1357
252.1357
252.1357
251.7437
251.7437
251.6988
251.6313
251.6081
251.6081
251.2577
251.2577
250.8205
250.8205
250.7782
250.7757
250.4696
250.4696
250.4696
250.4696
250.4617
250.4617
250.4617
250.1557
249.9916
249.9916
249.9916
249.6943
249.6943
249.4641
249.0504
249.0504
248.7531
248.7531
248.7531
248.7531
248.7531
248.7531
248.7531
248.6449
248.6449
248.6449
247.9973
247.9973
247.9973
247.9973
247.8727
247.8727
247.8727
247.7714
247.7714
247.7714
247.4709
247.3685
247.3685
247.3685
247.2364
247.1775
247.1775
247.1717
246.7681
246.481
246.481
246.481
246.481
246.4243
246.27
246.27
246.27
246.1754
246.1223
246.1223
246.1223
246.1223
246.1223
246.1223
246.1223
245.5588
245.5588
245.4728
245.1095
244.934
244.934
244.934
244.934
244.934
244.5779
244.5779
244.4044
244.4044
244.4044
244.2674
244.1852
244.1852
244.1852
244.1852
244.1852
243.9683
243.8727
243.8727
243.8727
243.8178
243.7021
243.7021
243.7021
243.4015
243.4015
243.4015
243.3083
243.051
243.051
243.051
243.051
243.051
243.051
242.9146
242.6804
242.6567
242.6567
242.5293
242.3826
242.1993
242.016
242.0042
241.9169
241.6273
241.4821
241.4073
241.3297
241.0815
241.0815
241.0815
241.0815
241.0815
240.8869
240.8869
240.8869
240.8189
240.8189
240.8189
240.6489
240.4602
240.4602
240.4602
240.4602
240.1665
240.1665
240.1665
240.1665
239.9837
239.9837
239.9837
239.9837
239.9837
239.9837
239.8397
239.8397
239.7184
239.5578
239.5578
239.5578
239.5578
239.5578
239.2159
239.1355
239.1355
239.1355
238.91
238.7742
238.7742
238.6331
238.2474
238.224
238.224
238.224
238.2226
238.2226
237.4268
237.1411
237.1411
237.1411
237.0644
237.0644
236.8196
236.8196
236.6439
236.6439
236.6439
236.5828
236.3805
236.3805
236.2325
236.2325
236.2325
236.2325
236.2157
236.1827
236.1827
236.1827
235.9864
235.7753
235.7753
235.7753
235.7353
235.7124
235.7124
235.7124
235.7124
235.7124
235.6723
235.5152
235.5152
235.5152
235.3677
235.3677
235.3677
235.3677
235.3677
235.3677
235.3677
235.3196
235.2931
235.2931
235.0733
235.0636
235.0636
235.0636
234.9551
234.9551
234.9551
234.7216
234.5784
234.5784
234.5071
234.4239
234.3318
234.1849
234.0318
234.0318
234.0318
233.9986
233.896
233.6807
233.6807
233.6807
233.5903
233.5903
233.5054
233.5054
233.5054
233.5054
233.4641
233.411
233.2969
233.2969
232.9933
232.9933
232.183
232.183
232.1082
232.0968
231.9547
231.9547
231.8138
231.5815
231.4709
231.3656
231.1729
231.1729
231.1194
231.0029
230.83
230.7996
230.4518
230.4518
230.4518
230.4518
230.4518
230.4518
230.4099
230.4099
230.4099
230.4099
230.4099
230.3352
230.2489
230.2489
230.0341
230.0341
229.9017
229.8256
229.8256
229.5269
229.5211
229.5211
229.5211
229.441
229.441
229.3435
229.3435
229.3435
229.3417
229.2957
229.2957
229.2763
229.2656
228.9282
228.9282
228.9282
228.9282
228.5504
228.5504
228.5504
228.545
228.4213
228.3491
228.1673
228.1673
227.7587
227.7587
227.7587
227.5501
227.4883
227.4883
227.2904
227.1946
227.008
227.008
227.008
226.8123
226.8123
226.6586
226.6483
226.3172
226.3172
226.2801
226.2801
226.2048
226.2048
226.1382
225.6687
225.601
225.4319
225.4319
225.3985
225.3985
225.3985
225.0414
225.0414
224.839
224.839
224.839
224.839
224.839
224.839
224.839
224.839
224.839
224.839
224.1456
224.1456
224.1456
224.1456
224.1456
223.8132
223.8132
223.8132
223.8132
223.8132
223.8132
223.2522
223.2522
223.2522
223.2522
223.2522
223.2522
223.2522
223.2522
222.9832
222.9832
222.9832
222.9832
222.8233
222.8233
222.8233
222.8233
222.6392
222.6392
222.6392
222.6392
222.4864
222.4165
222.2192
221.8406
221.8406
221.4707
221.4707
221.4707
221.3139
221.0467
220.6769
220.6665
220.6665
220.2815
220.2815
220.2815
220.1883
220.0197
220.012
219.7936
219.7936
219.5454
219.5454
219.4985
219.4985
219.4985
219.4985
219.4985
219.4985
219.0441
219.0441
219.0441
218.8513
218.8513
218.8462
218.8462
218.8462
218.4373
218.4373
218.4373
218.4373
218.4373
218.4373
218.4373
218.4373
218.4373
218.4026
218.4026
218.4026
218.1011
218.1011
218.1011
218.1011
218.1011
218.1011
218.0404
218.0404
217.9599
217.9599
217.5502
217.5502
217.2336
217.2336
217.2336
217.2336
217.0558
217.0558
216.8382
216.8382
216.7917
216.7292
216.4791
216.4791
216.3978
216.0523
216.0446
215.9034
215.9034
215.6061
215.4707
215.4707
215.4707
215.4707
215.4707
215.4707
215.4707
215.4707
215.4707
215.4707
215.4707
215.4707
215.4707
215.4707
215.4707
215.4707
215.4707
215.4707
215.4707
215.4707
215.4707
215.4707
215.4707
215.4707
215.4707
215.4707
215.4707
215.4707
215.4707
215.3963
215.3963
215.3963
215.3005
215.3005
215.0284
215.0284
215.0284
215.0284
214.9447
214.8649
214.7007
214.7007
214.5379
214.5379
214.2415
214.0973
214.0973
214.0973
214.0973
214.0973
214.0973
214.0973
214.0973
214.0973
214.0973
213.9835
213.9835
213.9835
213.9835
213.9787
213.9787
213.9483
213.946
213.946
213.946
213.9283
213.9283
213.9283
213.9283
213.9283
213.9283
213.9219
213.9219
213.7206
213.3531
213.3531
213.3531
213.3531
213.3531
213.3531
213.3531
213.3531
213.3531
213.3531
213.3531
213.3531
213.3531
213.3531
213.1789
213.1789
213.1789
213.1789
213.1789
213.0232
213.0232
213.0232
213.0232
213.0232
213.0232
213.0232
213.0232
213.0232
213.0232
213.0232
213.0232
213.0232
213.0232
213.0232
213.0232
212.8185
212.8185
212.8185
212.6808
212.5318
212.5318
212.5318
212.222
211.9757
211.9757
211.9757
211.9719
211.9719
211.9719
211.9719
211.4388
211.4388
211.4069
211.4069
211.4069
211.4069
211.4069
211.4069
211.4069
211.4069
211.4069
211.297
211.297
211.297
211.297
211.297
210.9867
210.9867
210.9867
210.9867
210.9867
210.9867
210.9867
210.9177
210.8609
210.8609
210.8609
210.8609
210.8609
210.8609
210.8609
210.5626
210.5626
210.5626
210.5626
210.5626
210.4435
210.1548
210.1548
210.0542
209.8612
209.8612
209.8612
209.4356
209.4356
209.4356
209.4356
209.4356
209.4356
209.4356
209.4356
209.4356
209.4356
209.4356
209.4356
209.2306
209.2306
209.2306
209.2306
209.1062
209.1062
209.1062
209.1062
209.1062
209.1062
208.5923
208.4458
208.4458
208.4458
208.4458
208.4458
208.4458
208.4458
208.4458
208.3659
208.1317
208.1317
208.1317
208.1317
208.1317
208.1317
208.1317
208.1317
207.8716
207.8716
207.8716
207.8716
207.8716
207.7327
207.7327
207.7327
207.7327
207.7327
207.7327
207.6054
207.6054
207.6054
207.6054
207.6054
207.57
207.4174
207.4174
207.4174
207.3193
206.9005
206.9005
206.9005
206.9005
206.785
206.714
206.6517
206.5985
206.5896
206.5633
206.3078
206.3078
206.0849
206.0849
206.083
206.083
206.083
205.9613
205.9261
205.9261
205.9261
205.9261
205.8604
205.8306
205.8306
205.6501
205.6116
205.59
205.3356
205.3356
205.3356
205.3356
204.8359
204.8359
204.8359
204.8359
204.8359
204.56
204.56
204.56
204.56
204.56
204.56
204.56
204.56
204.2327
204.2327
204.172
204.172
203.9586
203.9586
203.9586
203.9586
203.9586
203.8772
203.8772
203.8772
203.8772
203.8772
203.8772
203.8772
203.7878
203.7878
203.7878
203.7732
203.7732
203.7732
203.6525
203.6525
203.6525
203.6525
203.537
203.537
203.537
203.537
203.5294
203.4784
203.4784
203.4784
203.434
203.4317
203.4317
203.4317
203.1588
203.1588
203.1588
203.1588
203.1121
203.0188
203.0188
203.0188
203.0188
203.0188
203.0172
202.9453
202.9453
202.9453
202.8591
202.6281
202.5938
202.5938
202.5438
202.5438
202.5438
202.5438
202.5438
202.1363
202.1363
202.1363
202.1363
202.1363
202.0025
202.0025
201.8518
201.8518
201.8518
201.8518
201.5254
201.5183
201.3222
201.3222
201.2307
201.2047
201.1974
201.106
201.106
201.106
200.9389
200.6153
200.6153
200.6153
200.6153
200.3695
200.3695
200.3695
200.3695
200.3695
200.3695
200.3695
200.3695
200.3695
200.3425
200.3425
200.2478
200.2194
199.9871
199.6825
199.6825
199.6825
199.468
199.468
199.468
199.4456
199.3837
199.2061
199.2061
198.8587
198.8587
198.8587
198.8556
198.4788
198.4743
198.2059
198.2059
198.2059
198.1399
198.1399
198.1399
198.1399
198.1399
198.1399
198.1399
198.1399
198.1399
198.1399
198.1399
198.0021
198.0021
198.0021
197.9855
197.9855
197.9855
197.9855
197.7304
197.7304
197.6405
197.6391
197.6206
197.6035
197.5112
197.4433
197.3534
197.256
197.256
197.1896
197.1896
197.1896
197.0092
197.0092
196.9105
196.9105
196.9071
196.9071
196.8874
196.7888
196.6309
196.5322
196.5322
196.5322
196.5322
196.5322
196.5322
196.5322
196.439
196.439
196.439
196.439
196.439
196.3755
196.3755
196.206
196.206
196.206
196.1297
196.1297
196.0592
196.0592
195.9655
195.9655
195.9655
195.7907
195.7907
195.7907
195.7907
195.7907
195.7907
195.7907
195.7907
195.7907
195.7907
195.7907
195.7907
195.7907
195.6226
195.6226
195.6226
195.5465
195.3737
195.3737
195.3737
195.3737
195.3737
195.3737
195.3737
195.3737
194.9726
194.9726
194.9726
194.9726
194.9726
194.9726
194.9726
194.9726
194.9726
194.9726
194.788
194.788
194.788
194.788
194.788
194.788
194.788
194.788
194.788
194.788
194.7731
194.7731
194.672
194.672
194.3995
194.3913
193.9493
193.9493
193.9493
193.9493
193.9493
193.9493
193.9493
193.9493
193.9493
193.9493
193.9493
193.9493
193.9493
193.9493
193.9493
193.9493
193.9493
193.9493
193.9493
193.9493
193.9493
193.9493
193.9493
193.9493
193.9493
193.8331
193.8331
193.8331
193.8331
193.8331
193.8331
193.8331
193.8331
193.8331
193.8331
193.8331
193.8331
193.8331
193.8331
193.8331
193.7218
193.7218
193.7218
193.7218
193.7218
193.7218
193.7218
193.7218
193.7218
193.7218
193.7047
193.7047
193.4368
193.4368
193.4368
193.4368
193.4368
193.4368
193.3822
193.3822
193.3822
193.2197
193.2197
193.2197
193.2197
193.1903
193.1903
193.1903
193.1903
192.9772
192.9772
192.9772
192.9772
192.8476
192.8476
192.8476
192.8476
192.6468
192.6468
192.6468
192.6468
192.6468
192.6468
192.6099
192.4755
192.4755
192.4755
192.3772
192.3772
192.3772
192.2885
192.2885
192.2885
192.2885
192.2885
192.2885
192.2202
192.1169
192.1169
192.1169
192.1169
192.0186
192.0186
192.0186
192.0186
192.0186
192.0186
191.9503
191.9503
191.9503
191.9503
191.7202
191.7202
191.7202
191.7202
191.7202
191.5173
191.5173
191.5173
191.5173
191.5173
191.5173
191.336
191.336
191.336
191.336
191.164
191.164
191.164
191.164
191.1247
191.0263
191.0263
191.0263
190.7043
190.7043
190.7043
190.7043
190.7043
190.4872
190.4872
190.4872
190.4872
190.1089
190.1089
190.1089
190.0219
189.9441
189.9441
189.9441
189.9441
189.9261
189.6817
189.6817
189.6817
189.6817
189.6817
189.6817
189.6817
189.6817
189.6817
189.6817
189.6817
189.6817
189.17
189.17
189.17
189.17
189.17
189.17
189.17
189.1323
189.1323
189.1323
189.1323
189.1323
188.9566
188.9566
188.9566
188.9566
188.9423
188.92
188.92
188.92
188.92
188.92
188.92
188.92
188.7232
188.7232
188.7232
188.7232
188.7232
188.4203
188.3124
188.2344
188.2344
188.2344
187.9262
187.7816
187.7816
187.7816
187.7455
187.43
187.43
187.4178
187.4178
187.4178
187.2333
187.2333
187.2333
187.2333
187.1201
187.1201
187.1201
187.1125
187.1125
186.9911
186.9911
186.8538
186.8538
186.8538
186.6321
186.6321
186.6321
186.6234
186.6234
186.6234
186.6234
186.6234
186.6234
186.6234
186.6234
186.6234
186.6234
186.6234
186.6234
186.6234
186.6234
186.6234
186.6234
186.6234
186.6234
186.6234
186.6234
186.6234
186.6234
186.6234
186.6234
186.6234
186.6234
186.6234
186.5374
186.5374
186.5374
186.5374
186.5374
186.4759
186.4759
186.4759
186.4759
186.4759
186.4759
186.4759
186.4246
186.4246
186.4246
186.4246
186.3188
186.3188
186.3188
186.2547
186.2547
186.03
186.03
186.03
186.03
186.03
186.03
186.03
186.03
186.03
186.03
186.03
186.03
186.03
186.03
186.03
186.03
186.03
186.03
185.9197
185.9197
185.9197
185.9197
185.9197
185.9197
185.9197
185.8639
185.8287
185.162
185.162
185.1477
185.1477
184.8236
184.8236
184.8236
184.8236
184.8236
184.8236
184.7162
184.7162
184.7162
184.7162
184.7162
184.6793
184.6793
184.6793
184.6793
184.6793
184.6793
184.6793
184.6793
184.6793
184.6793
184.6793
184.6793
184.6793
184.6793
184.6793
184.6793
184.6793
184.6793
184.6793
184.6793
184.6793
184.6793
184.6793
184.6793
184.6793
184.6793
184.6793
184.6793
184.6793
184.6793
184.4879
184.4879
184.4879
184.4879
184.1772
184.1772
184.1772
184.1772
184.0259
184.0259
184.0259
184.0259
184.0259
184.0259
184.0259
184.0259
184.0259
184.0259
184.006
184.006
184.006
184.006
184.006
183.8908
183.8908
183.8752
183.632
183.632
183.632
183.632
183.632
183.632
183.632
183.632
183.632
183.632
183.632
183.632
183.632
183.632
183.632
183.632
183.632
183.632
183.632
183.632
183.632
183.632
183.632
183.632
183.632
183.632
183.632
183.632
183.632
183.632
183.632
183.632
183.632
183.632
183.632
183.632
183.632
183.632
183.5857
183.5857
183.4345
183.4345
183.4345
183.4345
183.401
183.401
183.401
183.401
183.3684
183.3684
183.3684
183.3684
183.3684
183.3684
183.3684
183.3684
183.3684
183.3684
183.3684
183.3684
183.3684
183.3684
183.3684
183.3684
183.3684
183.3684
183.3684
183.3684
183.3684
183.3684
183.3684
183.3684
183.3684
183.3684
183.3684
183.3684
183.3684
183.3684
183.3684
183.3684
183.3684
183.3684
183.3684
183.3374
183.3374
183.1158
183.1158
182.947
182.947
182.8826
182.6994
182.6299
182.4611
182.4402
182.4402
182.4402
182.117
182.117
182.117
182.117
182.117
182.117
182.1033
182.1033
182.1033
182.1033
182.0183
182.0183
181.8686
181.8686
181.773
181.7408
181.7058
181.4579
181.4579
181.3967
181.3967
181.3967
181.3692
181.2023
181.2023
181.2023
181.2023
181.0701
181.0701
181.0522
180.8359
180.6041
180.6041
180.6041
180.6041
180.5862
180.3475
180.3475
180.298
180.298
180.0594
180.0594
180.0594
180.0594
180.0144
180.0144
180.0144
180.0144
180.0144
180.0144
179.9618
179.9174
179.9174
179.9174
179.9174
179.9174
179.9174
179.9101
179.9101
179.9101
179.906
179.8779
179.8779
179.8779
179.8779
179.8779
179.8779
179.8779
179.8779
179.8779
179.8779
179.8779
179.8779
179.8779
179.8779
179.8779
179.8779
179.8779
179.8779
179.8779
179.8779
179.8779
179.8779
179.8779
179.8779
179.8779
179.8779
179.8002
179.8002
179.72
179.72
179.268
179.268
179.268
179.268
179.268
179.268
179.268
179.268
179.268
179.268
179.268
179.268
179.268
179.268
179.2402
179.2402
179.2402
179.2402
179.0719
178.9327
178.9327
178.9327
178.9327
178.9327
178.9327
178.9205
178.9205
178.9205
178.7783
178.7783
178.7783
178.7783
178.7783
178.7783
178.7783
178.6627
178.6627
178.6627
178.6627
178.6627
178.6627
178.6627
178.6627
178.6627
178.6627
178.6627
178.6627
178.6627
178.6627
178.6627
178.6627
178.6627
178.6627
178.6627
178.6627
178.6627
178.6627
178.6627
178.6627
178.6627
178.6627
178.6627
178.6627
178.6627
178.6627
178.6627
178.6627
178.6627
178.6627
178.6627
178.6323
178.6323
178.6323
178.6323
178.4917
178.4917
178.3572
178.3572
178.3572
178.3572
178.3572
178.3572
178.1471
178.1471
178.0674
178.0674
178.0674
178.0674
178.0674
178.0674
178.0272
178.0272
177.974
177.9043
177.8484
177.8484
177.6413
177.6413
177.6413
177.6413
177.5491
177.5491
177.5491
177.5491
177.5491
177.5491
177.5491
177.5491
177.3752
177.3752
177.264
177.264
177.264
177.264
177.264
177.264
177.264
177.264
177.264
177.264
177.264
177.264
177.264
177.264
177.264
177.264
177.264
177.264
177.264
177.264
177.2401
177.174
177.174
177.174
177.174
177.174
177.1568
176.8481
176.8481
176.8481
176.8481
176.8481
176.8481
176.8481
176.8481
176.8481
176.8481
176.8481
176.8481
176.8481
176.8481
176.8481
176.8481
176.8481
176.755
176.7132
176.7132
176.7132
176.7132
176.7132
176.6364
176.62
176.62
176.62
176.62
176.62
176.62
176.5442
176.3539
176.3539
176.1882
176.1882
176.1882
176.1882
176.1882
176.022
175.9901
175.9901
175.9901
175.9901
175.9901
175.9901
175.9901
175.9901
175.9901
175.9268
175.9268
175.9268
175.9268
175.9268
175.9268
175.9268
175.9268
175.9039
175.9039
175.9039
175.9039
175.9039
175.9039
175.9039
175.9039
175.9039
175.9039
175.9039
175.9039
175.9039
175.9039
175.9039
175.9039
175.9039
175.9039
175.9039
175.9039
175.9039
175.9039
175.9039
175.9039
175.9039
175.9039
175.9039
175.9039
175.8801
175.8801
175.8801
175.8801
175.8801
175.8801
175.8801
175.8801
175.8801
175.8801
175.8801
175.8801
175.6492
175.6492
175.6492
175.5962
175.5962
175.5291
175.5291
175.5291
175.2214
174.8314
174.8314
174.8314
174.5341
174.5341
174.5341
174.5341
174.5341
174.5341
174.5341
174.5341
174.5341
174.5341
174.5341
174.5341
174.5341
174.5341
174.5341
174.5341
174.5341
174.5341
174.5341
174.5341
174.5341
174.5341
174.5341
174.5341
174.5341
174.5341
174.434
174.434
174.434
174.434
174.434
173.9023
173.9023
173.7369
173.7369
173.7369
173.7369
173.4453
173.4453
173.4453
173.332
173.332
173.187
173.0588
173.0588
173.0588
172.9871
172.665
172.665
172.5523
172.5523
172.5523
172.5523
172.4958
172.4642
172.4642
172.4078
172.4078
172.4078
172.4026
172.0995
172.0995
171.9989
171.9989
171.9989
171.9989
171.9989
171.9989
171.9989
171.9989
171.9989
171.9989
171.9989
171.9989
171.9989
171.9989
171.775
171.775
171.775
171.775
171.775
171.775
171.7697
171.7697
171.7697
171.7697
171.7697
171.7697
171.7697
171.7697
171.7697
171.7697
171.7697
171.7697
171.7697
171.7697
171.7697
171.7697
171.738
171.738
171.738
171.6042
171.6042
171.5978
171.4794
171.4794
171.4794
171.468
171.0913
171.0913
170.9961
170.9961
170.9961
170.9961
170.9961
170.9961
170.9961
170.8407
170.803
170.803
170.6652
170.55
170.55
170.55
170.55
170.2793
170.2793
170.2793
170.2793
170.2793
170.2793
170.2793
170.2793
170.2793
170.2793
170.2236
170.2236
170.2236
170.2236
170.1705
170.0814
170.0814
169.9584
169.9577
169.9577
169.9289
169.9289
169.6882
169.6445
169.6445
169.6445
169.6445
169.5574
169.3792
169.3792
169.3792
169.2393
169.2393
169.1292
169.1292
169.1292
169.1292
169.1292
169.1292
169.1292
169.1292
169.1292
169.1292
169.1292
169.1292
169.1292
169.1292
169.1292
169.1292
169.1292
169.1292
169.1292
169.1292
169.1292
169.1292
169.1292
169.1292
169.1292
169.1292
169.1292
169.1292
168.8861
168.8861
168.8861
168.8861
168.7215
168.7215
168.7215
168.7215
168.7215
168.7173
168.7173
168.6285
168.6285
168.3977
168.3977
168.3977
168.3977
168.3977
168.3977
168.3977
168.3977
168.3977
168.3977
168.3977
168.3977
168.3977
168.3977
168.3977
168.3977
168.3977
168.3977
168.3977
168.3977
168.396
168.396
168.2024
168.2024
168.2024
168.2024
168.1017
168.1017
168.1017
168.1017
168.0713
168.0713
168.069
168.069
168.0209
168.0209
168.0209
167.9955
167.9725
167.9725
167.9725
167.8287
167.8287
167.8287
167.8287
167.7243
167.7243
167.5789
167.5789
167.5789
167.5789
167.4494
167.4494
167.4494
167.4494
167.4494
167.4494
167.4494
167.4494
167.4494
167.4494
167.4494
167.4494
167.4494
167.4494
167.4494
167.4494
167.4494
167.4494
167.4494
167.4494
167.4494
167.4494
167.4494
167.4494
167.4494
167.4494
167.4494
167.4494
167.4494
167.4494
167.4494
167.4494
167.4494
167.4494
167.4494
167.4494
167.4026
167.4026
167.4026
167.4026
167.4026
167.4026
167.4026
167.4026
167.4026
167.0885
167.0885
167.0885
167.0885
167.0885
167.0294
167.0294
167.0042
167.0042
166.9103
166.9103
166.7131
166.7029
166.7029
166.7029
166.7029
166.6317
166.3801
166.3801
165.9965
165.9965
165.9965
165.9965
165.9965
165.9965
165.9965
165.9965
165.9965
165.9965
165.9965
165.857
165.857
165.857
165.857
165.857
165.857
165.8306
165.8306
165.8306
165.8306
165.8306
165.7031
165.7031
165.7031
165.7031
165.648
165.6413
165.6413
165.6413
165.6413
165.5142
165.5142
165.5142
165.5142
165.5142
165.5142
165.5142
165.5142
165.5142
165.5142
165.5142
165.3934
165.3934
165.3934
165.3934
165.3934
165.3035
165.3035
165.3035
165.3035
165.3035
165.3035
165.3035
165.0621
165.0621
165.0621
165.0621
165.0621
165.0621
165.0621
165.0621
165.0621
165.0621
165.0621
164.9241
164.9241
164.9241
164.9241
164.9241
164.9241
164.9064
164.7589
164.7589
164.7589
164.7589
164.7589
164.7352
164.7352
164.7352
164.7352
164.7352
164.7352
164.7352
164.7352
164.7352
164.7352
164.7352
164.7352
164.7352
164.7352
164.7352
164.7352
164.7173
164.7173
164.6732
164.6732
164.6732
164.6732
164.6732
164.6732
164.6732
164.5677
164.5677
164.5677
164.5412
164.5412
164.5412
164.5412
164.4462
164.4462
164.4462
164.4462
164.3863
164.3863
164.3863
164.0898
164.0898
163.9213
163.9213
163.9213
163.9213
163.9213
163.9213
163.9213
163.9213
163.9213
163.9213
163.9213
163.9213
163.9213
163.9213
163.9213
163.9213
163.9213
163.8605
163.8605
163.8605
163.8605
163.8605
163.8605
163.8605
163.8605
163.8605
163.8605
163.6725
163.6725
163.6725
163.6725
163.6536
163.6536
163.6536
163.6536
163.486
163.486
163.3683
163.3683
163.3683
163.3683
163.3683
163.3683
163.3683
163.3683
163.3683
163.3683
163.3683
163.3683
163.3683
163.3683
163.3683
163.3683
163.3683
163.3683
163.3683
163.3683
163.3683
163.3683
163.3683
163.3683
163.3683
163.3683
163.3683
163.3683
163.2118
163.2118
163.2118
163.2118
163.2118
163.2118
163.2118
163.2118
163.2118
163.2118
163.2118
163.2118
163.2118
163.2118
163.2118
163.2118
163.2118
163.2118
163.2118
163.2118
163.2118
163.2118
163.2118
163.1677
163.1677
163.1677
163.1677
162.9922
162.9922
162.9922
162.9482
162.9482
162.8744
162.8744
162.8744
162.8744
162.8744
162.8744
162.8744
162.8744
162.8744
162.8744
162.8744
162.7643
162.7643
162.7643
162.7643
162.7643
162.7643
162.7643
162.7031
162.7031
162.7031
162.7031
162.7031
162.6658
162.4692
162.4692
162.4692
162.3881
162.3881
162.3881
162.3881
162.1991
162.0894
162.0894
162.0894
161.8016
161.8016
161.8016
161.8016
161.8016
161.6491
161.6491
161.6439
161.6439
161.3993
161.3993
161.3993
161.3993
161.2029
161.2029
161.2029
161.2029
161.2029
161.1663
161.1663
161.1663
161.103
161.103
161.103
161.103
161.103
161.103
161.103
161.103
161.103
161.103
160.9135
160.9135
160.6436
160.6436
160.6436
160.6436
160.6436
160.6436
160.6436
160.6436
160.6436
160.6436
160.6436
160.6436
160.6436
160.6436
160.6436
160.6436
160.6436
160.6436
160.6436
160.6436
160.6436
160.6436
160.6436
160.6436
160.6436
160.6436
160.6436
160.6436
160.6436
160.6436
160.6436
160.6436
160.6436
160.6436
160.6436
160.5862
160.5862
160.5862
160.5862
160.5862
160.5862
160.5117
160.5117
160.5117
160.5117
160.5117
160.4477
160.4477
160.4477
160.4477
160.4477
160.4477
160.4477
160.4477
160.4477
160.4477
160.4477
160.4477
160.4477
160.4477
160.4477
160.4477
160.4477
160.4477
160.4477
160.4477
160.4477
160.4477
160.4477
160.4477
160.4477
160.4477
160.4477
160.4477
160.4477
160.4477
160.4477
160.4477
160.4477
160.4477
160.4477
160.4477
160.4477
160.4477
160.4477
160.4477
160.4477
160.4477
160.4477
160.4477
160.4477
160.4477
160.4477
160.3186
160.3186
160.3186
160.3186
160.3186
160.3186
160.3186
160.3186
160.3186
160.3186
160.3186
160.3186
160.3186
160.3186
160.3186
160.3186
160.3186
160.3186
160.3186
160.3186
160.3186
160.3186
160.3186
160.3186
160.3186
160.2778
160.2778
160.2778
160.2778
160.2778
160.2778
160.2778
160.2778
160.2778
160.2778
160.1398
159.8341
159.8341
159.8341
159.8341
159.8341
159.8341
159.8341
159.8341
159.8341
159.8341
159.4599
159.4599
159.4599
159.4599
159.4599
159.4599
159.4599
159.4599
159.4599
159.4599
159.4599
159.4599
159.4599
159.4599
159.4599
159.4599
159.4599
159.4599
159.4599
159.4599
159.4599
159.4598
159.4598
159.4598
159.4598
159.4598
159.4598
159.4598
159.4598
159.4598
159.4598
159.4598
159.4598
159.4598
159.4598
159.4598
159.4598
159.4598
159.4598
159.4598
159.4598
159.4598
159.4598
159.4598
159.4598
159.4598
159.4598
159.4598
159.4598
159.4598
159.4598
159.4598
159.4598
159.2477
159.2477
159.2477
159.2477
159.2477
159.2477
159.2477
159.2477
159.2477
159.2477
159.2477
159.2477
159.2477
159.2477
159.0147
159.0147
158.9678
158.9448
158.9448
158.9448
158.9448
158.7845
158.7845
158.7845
158.7845
158.7845
158.7029
158.7029
158.6852
158.6852
158.6852
158.6852
158.6656
158.6656
158.6656
158.6656
158.6656
158.6656
158.6656
158.6656
158.6656
158.6656
158.6656
158.5551
158.5551
158.5551
158.5551
158.5551
158.5125
158.2687
158.2687
158.2687
158.2687
158.2687
158.0031
158.0031
158.0031
158.0031
157.9458
157.9458
157.9458
157.9458
157.9458
157.9458
157.9458
157.9458
157.7756
157.7756
157.7756
157.7756
157.7756
157.7756
157.73
157.73
157.73
157.73
157.73
157.73
157.73
157.73
157.73
157.73
157.7061
157.7061
157.7061
157.7061
157.7061
157.7061
157.6799
157.6799
157.6711
157.6711
157.4774
157.4427
157.4427
157.4427
157.4427
157.4427
157.3737
157.3737
157.3737
157.3737
157.3737
157.3696
157.3438
157.3438
157.3438
157.1516
157.1516
157.1516
157.1475
157.1475
157.1475
157.1475
157.1475
157.1475
157.1475
157.1475
157.1475
157.1475
157.1475
157.1475
157.1475
157.1475
157.1475
157.1475
157.1475
157.1475
157.1475
157.1475
157.1475
157.1475
157.1475
157.1475
157.1475
157.1475
157.1475
157.1475
157.1475
157.1475
157.1475
157.1475
157.1475
157.1475
157.1475
157.1475
156.9128
156.9128
156.9128
156.9128
156.9128
156.9128
156.9128
156.9128
156.9128
156.9128
156.9128
156.9128
156.9128
156.9128
156.8414
156.8414
156.8414
156.8414
156.8414
156.6543
156.6543
156.6543
156.6543
156.6543
156.6543
156.6543
156.6543
156.6543
156.6543
156.6543
156.6543
156.6543
156.6543
156.6543
156.6543
156.6543
156.6543
156.4803
156.4803
156.4803
156.4803
156.4803
156.399
156.399
156.2021
156.2021
156.2021
156.2021
156.2021
156.1789
156.1789
156.0977
156.0977
156.0977
156.0977
156.0977
155.9978
155.9978
155.9978
155.9978
155.9978
155.9978
155.9978
155.9978
155.9978
155.9978
155.9978
155.9978
155.9978
155.9978
155.9978
155.9978
155.9978
155.9978
155.9978
155.9978
155.9978
155.9978
155.9978
155.9978
155.9978
155.9978
155.9978
155.9978
155.7685
155.7685
155.7685
155.6647
155.6647
155.6647
155.6647
155.6647
155.6647
155.5418
155.5418
155.4871
155.4871
155.4871
155.4871
155.4871
155.4871
155.4871
155.4871
155.4871
155.4871
155.4871
155.4871
155.4871
155.4871
155.4871
155.4871
155.4871
155.4871
155.4871
155.4871
155.4871
155.4871
155.4871
155.4871
155.2941
155.2941
155.2941
155.2941
155.2941
155.2941
155.2941
155.2941
155.2941
155.2941
155.2941
155.2941
155.2941
155.2941
155.2941
155.2941
155.2941
155.2941
155.2941
155.2941
155.2941
155.2941
155.2941
155.2941
155.2941
155.2941
155.2941
155.2941
155.2941
155.2941
155.2941
155.2941
155.2941
155.2941
155.2941
155.2941
155.2941
155.2538
155.2538
155.2538
155.2538
155.2538
155.2538
155.2538
155.2538
155.2538
155.2538
155.2538
155.2538
155.2538
155.2538
155.2538
155.2538
155.2308
155.2308
155.2308
155.2308
155.2308
155.2308
155.2308
155.2308
155.2308
155.2308
155.2308
155.2308
155.2308
155.1667
155.1667
155.1667
155.1667
155.1667
155.1667
155.1667
155.1667
154.9953
154.9953
154.9953
154.9953
154.9953
154.9953
154.9953
154.9953
154.9953
154.9953
154.984
154.984
154.984
154.984
154.984
154.984
154.984
154.984
154.984
154.984
154.984
154.984
154.984
154.984
154.984
154.984
154.984
154.984
154.984
154.984
154.984
154.984
154.984
154.984
154.984
154.984
154.984
154.984
154.984
154.984
154.984
154.984
154.984
154.984
154.7441
154.7441
154.7441
154.7441
154.7441
154.7441
154.7441
154.7441
154.7441
154.7441
154.7441
154.7441
154.7441
154.7441
154.7441
154.7441
154.7441
154.7441
154.7441
154.7441
154.7441
154.7441
154.7441
154.7441
154.7441
154.7441
154.7441
154.7441
154.7441
154.7441
154.7441
154.7441
154.7441
154.7441
154.6922
154.3478
154.3478
154.3478
154.3478
154.2816
154.2816
154.2816
154.2816
154.2816
154.2816
154.2816
154.2816
154.2816
154.2816
154.2816
154.2816
154.2816
154.2816
154.2816
154.2816
154.2816
154.2816
154.2816
154.2816
154.2816
154.2816
154.218
154.218
154.218
154.218
154.218
154.218
154.0872
154.0872
154.0832
154.0832
153.9449
153.9449
153.9449
153.9449
153.9449
153.9449
153.9449
153.819
153.819
153.7158
153.7158
153.7158
153.7158
153.6286
153.4655
153.4655
153.4655
153.4651
153.4651
153.4651
153.286
153.2579
153.2579
153.2478
153.2478
153.2478
153.2478
153.2196
153.2196
153.2196
153.2196
153.2196
153.1671
153.1671
153.1666
153.1666
153.1666
153.0458
153.0458
153.0458
153.0458
153.0458
153.0458
153.0458
153.0458
153.0458
153.0458
153.0458
153.0458
153.0458
153.0458
153.0458
153.0458
153.0458
153.0458
153.0458
153.0458
153.0458
153.0458
153.0458
153.0458
153.0458
153.0458
153.0458
153.0458
153.0458
153.0458
153.0458
153.0458
153.0458
153.0458
153.0458
153.0458
153.0458
153.0458
153.0458
153.0458
153.0458
153.0458
153.0316
153.0316
153.0316
153.0316
153.0316
153.0316
153.0286
153.0286
152.9942
152.8568
152.7467
152.7467
152.7467
152.7467
152.7467
152.7467
152.7467
152.7467
152.7467
152.7467
152.7467
152.7467
152.7467
152.7467
152.7467
152.7467
152.37
152.37
152.37
152.37
152.37
152.37
152.37
152.37
152.3687
152.3687
152.3687
152.3687
152.3687
152.3687
152.3687
152.3687
152.3687
152.3687
152.3687
152.3687
152.3687
152.3687
152.3687
152.3687
152.3687
152.3687
152.3687
152.3687
152.3687
152.3687
152.3687
152.3687
152.3687
152.3687
152.3687
152.3687
152.3687
152.3687
152.3687
152.3687
152.3687
152.3687
152.3112
152.3112
152.3112
152.3112
152.3112
152.3112
152.3112
152.1223
152.1223
152.1223
152.1223
152.1223
152.1223
152.1223
152.1223
152.1223
152.1223
152.1223
152.1223
152.1223
152.1223
152.1223
152.1223
152.1223
152.1223
152.1223
152.1223
152.1223
152.1223
152.1223
152.1223
152.1223
152.1223
152.1223
152.1223
152.1223
152.1223
152.1223
152.1223
152.1223
152.1223
152.1223
152.1223
152.1223
152.1223
152.1223
152.1223
152.1223
152.1223
152.1223
152.1223
152.1223
152.0644
152.0644
152.0644
152.0644
152.0644
152.0644
152.0644
152.0592
151.8617
151.8617
151.8617
151.8617
151.8617
151.8565
151.8565
151.8565
151.8565
151.8565
151.8565
151.8565
151.8565
151.8565
151.8565
151.8565
151.8559
151.8559
151.8559
151.8559
151.8559
151.8559
151.8559
151.8559
151.8559
151.7843
151.7643
151.7643
151.7643
151.7643
151.7643
151.7643
151.7643
151.7643
151.7643
151.7643
151.7643
151.7643
151.7643
151.7643
151.6776
151.6776
151.6776
151.6776
151.644
151.644
151.644
151.644
151.644
151.644
151.644
151.5271
151.5271
151.5271
151.5271
151.5271
151.5185
151.5185
151.5185
151.5185
151.5185
151.351
151.351
151.351
151.351
151.351
151.351
151.351
151.351
151.351
151.351
151.1961
151.1961
151.1961
151.1961
151.1961
151.1961
151.1961
151.1961
151.1961
151.1961
151.1961
151.1615
151.027
151.027
151.027
151.027
151.027
150.9481
150.9481
150.9481
150.8542
150.8542
150.8542
150.8542
150.838
150.8066
150.8066
150.685
150.685
150.685
150.4213
150.4213
150.4213
150.4213
150.4213
150.3992
150.294
150.294
150.294
150.294
150.294
150.294
150.294
150.294
150.294
150.294
150.294
150.294
150.294
150.294
150.294
150.294
150.294
150.294
150.2905
150.2905
150.2905
150.2905
149.8997
149.8997
149.8997
149.8997
149.8997
149.8997
149.8997
149.8997
149.8925
149.8925
149.8925
149.8789
149.8789
149.8789
149.8789
149.8253
149.8253
149.8117
149.8117
149.8117
149.6308
149.6308
149.6308
149.6308
149.6308
149.6308
149.5635
149.5635
149.5635
149.5635
149.5635
149.5317
149.476
149.476
149.476
149.476
149.476
149.476
149.476
149.476
149.476
149.2852
149.2852
149.2852
148.8687
148.8687
148.8687
148.8687
148.8687
148.8687
148.8687
148.8146
148.6866
148.6866
148.6866
148.6866
148.5647
148.5647
148.5647
148.5647
148.5647
148.5647
148.5647
148.5647
148.5647
148.5647
148.5647
148.5647
148.5647
148.5647
148.5647
148.5647
148.5647
148.5647
148.5647
148.5647
148.5647
148.5647
148.5647
148.5647
148.5647
148.5647
148.5647
148.5647
148.5647
148.5647
148.5647
148.5647
148.5647
148.5647
148.5647
148.5647
148.5647
148.5647
148.5647
148.5647
148.3766
148.3766
148.3766
148.3766
148.3766
148.3766
148.3766
148.3766
148.3766
148.3766
148.3766
148.3766
148.3766
148.3421
148.3421
148.3421
148.3421
148.3421
148.1402
148.1402
148.1402
148.1402
148.1402
148.1402
148.1402
148.1402
148.1402
148.1402
148.1234
148.1234
148.1234
148.1234
148
148
148
148
148
147.5119
147.5119
147.5119
147.5119
147.5119
147.5119
147.5119
147.5119
147.5007
147.5007
147.4284
147.4284
147.4284
147.4284
147.4284
147.4284
147.4284
147.4284
147.4284
147.4284
147.4284
147.4284
147.4284
147.4284
147.4284
147.4284
147.4284
147.4284
147.4284
147.4284
147.4284
147.4284
147.4284
147.4284
147.4284
147.4284
147.4284
147.4284
147.4284
147.4284
147.4284
147.4284
147.4284
147.4284
147.4284
147.4284
147.4284
147.4284
147.4284
147.4284
147.4284
147.4284
147.4284
147.4284
147.4284
147.1483
147.1483
147.1483
147.1483
147.037
147.037
147.037
147.037
147.037
147.037
147.037
147.037
147.037
147.037
147.037
147.037
147.037
147.037
147.037
147.037
147.037
147.037
147.037
147.037
147.037
147.037
147.037
147.037
147.037
147.037
147.037
147.037
147.037
147.037
147.037
147.037
147.037
147.037
147.037
147.037
147.037
147.037
147.037
147.037
147.037
147.037
147.037
147.037
147.037
147.037
147.037
147.037
147.037
147.037
147.037
147.037
147.037
147.037
147.037
147.037
147.037
147.037
147.037
147.037
147.037
147.037
147.037
147.037
147.037
147.037
147.037
147.037
147.037
147.037
147.037
147.037
147.037
147.037
147.037
147.037
147.037
147.037
147.037
147.037
147.037
147.037
147.037
147.037
147.037
147.037
147.037
147.037
147.037
147.037
147.037
147.037
147.037
147.037
147.037
147.037
147.037
147.037
147.037
147.037
147.037
147.037
147.037
147.037
147.037
147.037
147.037
147.037
147.037
147.037
147.037
147.037
146.9108
146.9108
146.9108
146.9108
146.9108
146.9108
146.8781
146.8781
146.8781
146.8781
146.8781
146.8781
146.8781
146.8781
146.8781
146.8781
146.8781
146.8781
146.8781
146.8781
146.8781
146.8781
146.8781
146.8781
146.8781
146.8781
146.8781
146.8781
146.8781
146.8781
146.8781
146.8759
146.8759
146.8759
146.8759
146.7532
146.7532
146.7455
146.7455
146.6516
146.6476
146.6476
146.6476
146.6476
146.6476
146.6476
146.6476
146.6476
146.6476
146.6476
146.6476
146.6476
146.6476
146.6476
146.6476
146.6422
146.6422
146.6422
146.6422
146.6422
146.6422
146.6422
146.6422
146.6422
146.6422
146.6422
146.6422
146.6422
146.6422