516.2297
511.5544
509.1793
505.8761
503.9441
502.3192
500.6246
499.8891
498.2327
497.0759
495.4902
493.2353
492.3799
491.2567
490.6454
490.2384
489.4967
487.7016
487.0083
486.6292
485.013
484.3149
482.95
481.8217
480.1129
479.6716
478.7523
477.0692
475.4427
473.6335
472.3574
470.2567
468.3666
467.8623
466.8509
466.0423
465.0723
464.1704
464.2372
463.5035
463.2289
463.1202
462.3523
461.0304
458.7454
457.5713
457.1717
455.6914
454.077
452.9709
452.1102
450.9515
449.9886
449.3578
447.6898
447.002
445.8043
444.565
443.5001
442.5424
440.0515
438.5395
437.164
435.6155
434.9305
433.828
432.1932
431.5523
430.1532
428.9816
427.9725
426.5526
425.9995
425.2051
424.2445
423.6783
422.9416
421.2596
419.9315
419.1131
418.068
417.0679
416.2719
415.1659
414.4031
413.8531
413.0876
412.1841
411.5571
411.5984
410.9435
410.1576
409.2668
408.3303
407.6205
406.5434
405.8637
405.168
403.6859
402.7838
401.8664
401.2893
400.6705
399.5303
398.6122
398.1669
398.022
397.3356
397.165
396.8528
396.2725
395.6047
395.8796
395.1736
394.6523
394.6429
394.1923
393.8424
393.3656
392.899
392.183
392.3369
391.5325
390.8145
390.2138
389.7413
389.206
389.4649
389.1737
388.7715
388.3801
388.5086
387.8854
387.8889
387.4891
387.1336
386.9185
385.9326
385.7878
385.3796
384.5667
383.9364
383.2884
382.6707
381.7674
381.4525
381.1114
380.6581
379.9395
379.2666
379.2715
378.7203
378.1383
377.9094
377.7527
377.1901
376.6708
375.8316
375.6362
374.8557
373.7849
372.4843
371.4734
370.3728
369.2666
368.6642
368.1299
367.5432
367.0221
366.4329
366.0929
365.7319
364.9217
364.4406
363.8504
362.9837
362.4923
362.0522
361.7651
361.5755
360.7833
360.3931
359.9366
359.3036
358.9346
358.7169
358.51
358.3959
358.0363
358.1164
357.8254
357.8237
357.8165
357.5796
357.3654
357.607
357.5694
357.5823
357.5029
357.0606
356.3506
356.2373
355.8593
354.8465
354.5299
353.792
353.2225
352.2505
351.3923
350.3658
349.6866
349.2871
348.8997
348.6826
348.0897
347.7358
347.0489
346.9944
347.0174
347.2224
347.2466
346.6716
346.493
346.4309
346.295
346.5094
346.0535
345.8056
345.2605
344.4572
344.2672
343.7588
343.0744
342.1832
341.2115
339.9904
339.478
338.8616
338.2972
337.9229
337.972
337.8293
337.4154
337.3497
337.0721
336.4716
336.0579
336.1678
335.7443
335.4031
335.2351
334.937
334.4255
334.126
333.8673
333.1922
332.2973
331.6095
331.1257
330.5032
329.9522
329.4813
329.0606
328.2956
327.9328
327.1874
326.7894
326.2642
325.9826
325.9192
325.6624
325.2025
325.1905
325.1765
325.7239
325.6853
325.8434
326.3405
326.6138
326.9183
326.9705
327.3908
327.3901
327.4558
327.3343
326.739
326.8445
326.6076
326.3546
326.1877
325.8163
325.2979
324.8882
324.3137
324.1895
323.715
323.4391
322.7958
322.4774
321.5142
320.4358
320.067
319.3464
319.2979
318.9947
318.7697
318.4683
318.1927
317.7742
317.2316
316.9729
316.5359
315.9813
315.4832
314.9931
314.9169
314.5081
313.838
313.2837
312.8268
312.4917
312.2982
311.7938
311.4479
311.099
310.7415
310.4834
310.0435
309.6771
309.3665
309.1745
308.8664
308.463
308.1839
307.8799
307.4797
307.0501
306.8127
306.4894
306.2826
306.0977
305.7657
305.6089
305.544
305.4255
305.2865
305.0951
304.6964
304.2464
304.0773
303.7838
303.5537
303.4762
303.0014
302.8162
302.5753
302.2477
301.8943
301.8405
301.6211
301.4525
301.2374
301.0034
300.788
300.491
300.2932
299.9449
299.8013
299.4764
299.0699
298.7216
298.4231
298.2403
297.9221
297.776
297.6194
297.5543
297.5016
297.3513
297.2628
297.1223
296.9049
296.8012
296.5751
296.2679
296.0922
296.0431
295.8332
295.8119
295.6414
295.6722
295.5818
295.3328
295.17
294.8881
294.5681
294.2954
294.0051
293.5983
293.3459
292.869
292.4851
292.1992
291.7921
291.3743
291.2046
291.0816
291.0428
291.031
291.1652
291.0204
290.7802
290.7552
290.3247
290.2017
289.9796
289.7441
289.4608
289.1099
288.9435
288.7657
288.5788
288.6608
288.3896
288.2676
288.0966
287.8628
287.6111
287.4547
287.0952
287.058
286.9038
286.8975
286.8501
286.5547
286.5768
286.0286
285.6956
285.3326
284.7874
284.3824
283.918
283.4864
283.1781
282.7952
282.2793
281.9611
281.6656
281.5
281.286
281.0709
280.7469
280.4763
280.2203
280.0157
279.8899
279.8762
279.6891
279.3441
279.2602
278.8734
278.8521
278.6736
278.3777
278.199
277.8244
277.7155
277.5356
277.325
277.1617
277.1393
276.8967
276.5931
276.5447
276.3484
276.0994
275.8885
275.675
275.4065
275.2065
275.1237
274.9915
274.7848
274.7
274.457
274.3462
274.2181
274.0642
273.9182
273.7716
273.4948
273.3516
273.2911
273.1919
273.1113
273.0199
272.9236
272.6835
272.4725
272.3322
272.1427
272.0887
271.7716
271.5943
271.4952
271.352
271.2447
271.1566
271.0955
271.0756
271.0117
270.862
270.7844
270.7032
270.6679
270.6657
270.6583
270.6934
270.739
270.683
270.717
270.6085
270.4854
270.4244
270.1429
270.0611
269.8314
269.6056
269.6298
269.519
269.4121
269.2726
269.1456
268.9699
268.9322
268.7206
268.3196
268.0958
267.9179
267.8166
267.6735
267.5164
267.347
267.0521
266.8842
266.7571
266.5736
266.4489
266.3083
266.1773
266.0726
266.0988
265.9413
265.8665
265.8122
265.708
265.6233
265.4914
265.5033
265.4885
265.4861
265.4554
265.4388
265.2437
265.2421
265.0603
265.0486
264.845
264.6748
264.5894
264.5686
264.527
264.4363
264.3297
264.113
264.0445
263.8398
263.5767
263.5526
263.5303
263.4617
263.3975
263.4124
263.196
262.9984
262.872
262.7879
262.8101
262.639
262.4706
262.3329
262.2453
262.1516
262.0142
262.0022
261.7305
261.4445
261.3592
261.2932
261.353
261.2651
261.3082
261.1437
261.0077
260.7721
260.5401
260.2176
259.8947
259.6634
259.6039
259.507
259.47
259.4595
259.4647
259.4664
259.4599
259.4854
259.486
259.5109
259.5954
259.5922
259.5353
259.3997
259.2625
259.056
258.875
258.8379
258.8258
258.7778
258.7023
258.6544
258.6734
258.6409
258.6404
258.726
258.6962
258.6476
258.6583
258.64
258.5984
258.4753
258.4941
258.4382
258.2348
258.0351
257.7509
257.7515
257.7071
257.5209
257.3568
257.1794
256.9893
256.8788
256.851
256.8041
256.7502
256.7059
256.5492
256.4794
256.3746
256.2307
256.1287
256.0634
256.0255
255.8792
255.7995
255.7149
255.5591
255.4842
255.4033
255.2323
255.0289
254.969
254.831
254.7646
254.5753
254.4986
254.2383
254.1088
253.9151
253.7131
253.5201
253.4084
253.3551
253.321
253.2611
253.3
253.2219
253.2803
253.0962
252.9486
252.8398
252.937
252.8522
252.7515
252.7291
252.6508
252.6361
252.5666
252.311
252.1728
252.1073
252.0619
251.8411
251.7317
251.6806
251.5659
251.3618
251.3508
251.2825
251.1895
251.0852
251.058
250.9019
250.9112
250.8025
250.7138
250.57
250.5129
250.4127
250.3523
250.2096
250.0787
249.8893
249.7929
249.6609
249.5938
249.5137
249.3694
249.3121
249.1754
248.8949
248.7122
248.452
248.2494
248.1314
248.0062
247.8
247.7474
247.568
247.4198
247.3021
247.225
247.1203
247.0703
247.0526
247.0564
246.9805
246.9514
246.988
246.9785
246.9129
246.6719
246.4164
246.3112
246.2309
246.2163
246.0297
245.9753
245.9387
245.9305
245.8196
245.7572
245.6483
245.532
245.4627
245.384
245.4127
245.2979
245.341
245.4009
245.3772
245.3287
245.2504
245.1595
245.1113
245.0887
244.9777
244.7539
244.3618
244.1396
244.1436
244.1357
244.1501
244.2708
244.2522
244.1861
244.0626
244.0148
243.9347
243.9017
243.7847
243.6806
243.5823
243.4978
243.5477
243.4342
243.3334
243.1639
242.9926
242.8886
242.7899
242.8218
242.7951
242.7689
242.7379
242.735
242.7343
242.756
242.746
242.7229
242.7863
242.7204
242.7303
242.6036
242.6159
242.5192
242.4068
242.3126
242.1887
242.1341
241.9862
241.9039
241.6772
241.5004
241.2289
241.0715
240.825
240.6322
240.3738
240.1098
239.9075
239.6839
239.6233
239.5737
239.3231
239.2606
239.1576
239.1057
239.1097
239.1097
239.138
239.1144
239.1023
239.1
239.1075
239.1115
239.0628
239.0403
239.0052
238.9159
238.7788
238.8101
238.6736
238.6481
238.5914
238.4306
238.3382
238.3152
238.2585
238.2427
238.1085
237.9988
237.964
237.9655
237.9235
237.8696
237.7259
237.6523
237.6371
237.6612
237.7166
237.703
237.7374
237.7
237.6674
237.6503
237.6298
237.6177
237.584
237.6303
237.6006
237.4676
237.5805
237.2487
237.3789
237.3259
237.3584
237.2656
237.2772
237.0682
236.9624
236.7647
236.4744
236.283
235.9879
235.7744
235.6582
235.5369
235.4392
235.3316
235.2502
235.2186
235.0905
234.9561
234.9004
234.857
234.7744
234.74
234.6753
234.6428
234.6364
234.6375
234.6307
234.6026
234.6022
234.6114
234.6312
234.6061
234.7059
234.7051
234.6482
234.6522
234.6702
234.6325
234.5814
234.5759
234.5154
234.4132
234.3656
234.2614
234.1065
234.0744
234.1625
234.1793
234.1699
234.09
234.0512
234.0864
234.0062
234.1126
234.1076
234.0205
233.8031
233.7771
233.7601
233.74
233.4959
233.229
233.1291
232.8982
232.6109
232.5247
232.3361
232.2062
232.0812
231.8882
231.6789
231.3917
231.252
231.1144
230.9124
230.6284
230.6132
230.594
230.5813
230.6084
230.5707
230.5913
230.5699
230.6152
230.6609
230.704
230.6784
230.6691
230.7691
230.6795
230.752
230.789
230.8133
230.7823
230.8654
230.8943
230.875
230.8261
230.8749
230.7409
230.7211
230.8454
230.5975
230.5724
230.4775
230.2722
229.937
229.5813
229.4059
229.2705
229.2365
229.1825
229.2092
229.2511
229.1854
229.1529
229.1288
228.9742
228.9024
228.846
228.684
228.5832
228.58
228.6088
228.5807
228.5799
228.5841
228.5032
228.4786
228.3537
228.3016
228.2956
228.2656
228.2556
228.2682
228.3123
228.252
228.3518
228.305
228.3103
228.3853
228.2718
228.0366
228.0414
228.0543
227.99
227.8648
227.6293
227.5889
227.5118
227.5025
227.4155
227.3283
227.3076
227.2961
227.2984
227.2521
227.2521
227.2615
227.2613
227.2521
227.2521
227.2504
227.2569
227.2625
227.2878
227.2808
227.279
227.4004
227.2348
227.041
226.8042
226.7977
226.6225
226.4787
226.3234
226.1875
226.1771
226.0434
225.9566
225.7485
225.6505
225.6346
225.4982
225.5771
225.4362
225.3604
225.2561
225.1399
225.1664
225.0244
225.0275
224.879
224.7314
224.5861
224.5076
224.5052
224.3268
224.2702
224.1992
224.0173
223.9212
223.8512
223.69
223.6399
223.5135
223.4357
223.2731
223.1606
222.9944
222.9569
222.9178
222.8505
222.8415
222.7728
222.6711
222.6134
222.5252
222.3083
222.1801
222.0084
221.7592
221.6674
221.5172
221.4252
221.3892
221.1975
221.1758
221.0165
220.8821
220.6223
220.434
220.2474
220.2344
220.2093
220.1513
220.0123
219.8909
219.7733
219.6778
219.5295
219.4298
219.3395
219.1786
219.0545
218.9657
218.8232
218.7398
218.6631
218.5854
218.5641
218.5057
218.3597
218.1044
217.7282
217.7408
217.6403
217.5817
217.4195
217.3387
217.3034
217.2253
217.1433
216.9661
216.8286
216.7337
216.7172
216.7172
216.7172
216.7172
216.7245
216.7262
216.7172
216.7312
216.728
216.7407
216.7216
216.7121
216.7109
216.7142
216.7442
216.5982
216.6044
216.5174
216.3081
216.3073
216.268
216.1483
215.9925
215.8778
215.7023
215.5464
215.3145
215.2523
215.1953
215.1113
215.0795
215.0597
215.1005
215.1049
215.1246
215.2018
215.0941
215.1938
215.1345
214.9875
214.9361
214.8578
214.7344
214.5668
214.5739
214.5761
214.5005
214.3396
214.2363
214.2705
214.2261
214.077
214.062
214.0181
214.0027
214.0088
214.0299
214.1437
214.1119
214.1674
214.0079
214.0345
214.0224
214.1061
213.9952
213.7344
213.672
213.6601
213.6794
213.7067
213.6305
213.5696
213.5559
213.5559
213.5559
213.5559
213.5559
213.5718
213.5559
213.5559
213.5559
213.5541
213.5541
213.5722
213.572
213.6977
213.6081
213.6076
213.5905
213.5894
213.5851
213.6259
213.6145
213.5376
213.5642
213.6221
213.5543
213.3957
213.3004
213.2013
213.1577
213.1575
213.1593
213.1392
213.126
213.1468
213.126
213.1245
213.1232
213.114
213.1207
213.1356
213.0508
213.0608
212.934
212.878
212.8194
212.8435
212.6718
212.643
212.6058
212.6579
212.6735
212.6768
212.6273
212.4774
212.4025
212.2701
212.1063
211.9943
211.8562
211.8389
211.7872
211.859
211.7148
211.8694
211.7994
211.6947
211.5176
211.4664
211.3324
211.1958
210.8544
210.5945
210.5687
210.4282
210.2858
210.2353
210.297
210.1165
210.039
209.9137
209.8506
209.7755
209.6992
209.6453
209.6485
209.6387
209.634
209.6334
209.6438
209.6543
209.634
209.637
209.6992
209.6517
209.625
209.7023
209.6955
209.5773
209.5562
209.4901
209.448
209.3661
209.2413
209.2204
209.2466
209.205
209.2027
209.3123
209.2525
209.2818
209.3196
209.3511
209.3734
209.3905
209.3913
209.3533
209.2196
209.2252
209.09
208.8061
208.7105
208.6914
208.4776
208.3783
208.2127
208.1235
208.0948
207.8819
207.7709
207.7141
207.4163
207.3324
207.2557
207.2198
207.1001
207.09
206.9701
206.943
206.8992
206.7546
206.5059
206.3152
206.3152
206.3152
206.328
206.3141
206.3206
206.3126
206.3671
206.448
206.4129
206.44
206.3873
206.4324
206.3081
206.2994
206.2854
206.2842
206.3406
206.4548
206.3994
206.2675
206.1908
206.1661
206.0995
205.888
205.7219
205.7808
205.6053
205.5231
205.3259
205.2749
205.2872
205.2885
205.329
205.1908
205.2367
205.1094
204.9718
204.9124
204.888
204.6161
204.4501
204.3075
204.2141
204.1764
204.1113
204.0742
204.0692
203.935
203.7782
203.6586
203.4997
203.5437
203.4088
203.4103
203.4739
203.4117
203.3388
203.2873
203.238
203.1255
202.9872
203.0104
202.975
202.9738
202.9958
202.9083
202.9499
202.9892
202.9244
202.9081
202.8495
202.8515
202.7212
202.6671
202.6224
202.6265
202.4335
202.1789
201.9729
201.7979
201.7978
201.8297
201.8062
201.8107
201.7944
201.8026
201.7578
201.6626
201.6139
201.611
201.611
201.611
201.621
201.611
201.611
201.611
201.6473
201.6286
201.61
201.608
201.6314
201.6108
201.6933
201.6421
201.6368
201.526
201.535
201.567
201.5224
201.4765
201.4017
201.4261
201.3811
201.337
201.3947
201.3278
201.2531
201.1006
200.996
201.0295
201.0663
201.119
201.1173
201.0362
201.0847
200.9964
200.7774
200.6803
200.5008
200.3138
200.3436
200.3382
200.3657
200.3741
200.3924
200.4656
200.3865
200.5104
200.3615
200.3075
200.1172
200.0275
199.8657
199.9071
199.8257
199.869
199.7358
199.7325
199.6974
199.7401
199.6965
199.6497
199.5255
199.435
199.423
199.3459
199.2025
198.9338
198.8163
198.664
198.6627
198.6627
198.6627
198.6627
198.6627
198.6627
198.6627
198.6627
198.6627
198.6627
198.6627
198.6627
198.6809
198.6627
198.6627
198.6627
198.6695
198.6627
198.6627
198.6627
198.6732
198.6807
198.6593
198.6735
198.6994
198.6995
198.6713
198.6388
198.6785
198.5405
198.3937
198.4218
198.4065
198.3079
198.3062
198.1624
198.0773
198.0773
198.0773
198.0773
198.0773
198.0822
198.0773
198.0773
198.0773
198.0758
198.1055
198.119
198.156
198.1992
198.2312
198.276
198.2865
198.1615
198.1619
198.1504
197.9046
197.7527
197.6285
197.5119
197.4945
197.3204
197.2313
197.1267
197.038
196.9671
196.7914
196.7391
196.7993
196.6026
196.5529
196.5529
196.5529
196.5617
196.5615
196.5529
196.5527
196.5496
196.558
196.5683
196.6397
196.6602
196.6643
196.7127
196.7133
196.7145
196.6988
196.6199
196.462
196.2501
196.2704
196.2455
196.2809
196.3499
196.4011
196.3941
196.3886
196.1441
195.9068
195.8725
195.9462
195.8518
195.7887
195.7509
195.7114
195.6786
195.6902
195.7047
195.5332
195.5476
195.5538
195.6109
195.6233
195.5749
195.51
195.51
195.51
195.51
195.51
195.51
195.51
195.51
195.5098
195.5091
195.5264
195.5217
195.5176
195.517
195.5268
195.5029
195.4874
195.4966
195.5194
195.5453
195.5295
195.4887
195.6037
195.5074
195.577
195.5703
195.608
195.5889
195.6483
195.531
195.5992
195.6121
195.5743
195.5697
195.6183
195.5779
195.6021
195.5112
195.5079
195.5205
195.5451
195.6147
195.5121
195.6487
195.539
195.6933
195.5892
195.5458
195.545
195.5586
195.5837
195.6053
195.566
195.6015
195.5569
195.5151
195.5161
195.4785
195.6589
195.626
195.5581
195.5278
195.5871
195.5901
195.419
195.236
195.1145
194.8764
194.7085
194.5491
194.3874
194.3627
194.2516
194.133
193.9818
193.954
193.8863
193.7411
193.4806
193.3206
193.2635
193.213
193.1981
193.1634
193.156
193.1749
193.2093
193.1837
193.1544
193.1122
193.1316
192.9641
192.8016
192.8113
192.7588
192.8163
192.6597
192.5893
192.4948
192.5028
192.4849
192.4957
192.4957
192.4849
192.4849
192.4849
192.4989
192.4867
192.4812
192.47
192.478
192.4845
192.4884
192.4813
192.3378
192.1251
192.1035
192.1046
192.0999
192.0349
192.0261
191.724
191.4501
191.4525
191.5217
191.5316
191.5426
191.6626
191.5297
191.522
191.4125
191.3469
191.2221
191.0864
191.0965
191.0625
190.9498
190.8717
190.8143
190.7762
190.5814
190.5249
190.3564
190.3291
190.247
190.1018
189.9976
189.8145
189.6527
189.4431
189.2764
189.1873
189.2202
189.1286
189.0524
188.9757
188.8363
188.7409
188.7348
188.7075
188.65
188.682
188.6577
188.6485
188.6569
188.6452
188.7029
188.6731
188.747
188.6563
188.8188
188.695
188.6976
188.6411
188.2933
188.1769
188.1669
188.1061
187.9879
187.8618
187.8687
187.776
187.7548
187.6746
187.6399
187.446
187.3746
187.3184
187.2975
187.3285
187.3202
187.3239
187.3185
187.2968
187.29
187.2847
187.2838
187.2313
187.2322
187.2553
187.2876
187.0796
187.1349
187.1606
187.1205
186.9674
186.9921
186.93
187.0358
186.956
187.0746
186.9482
186.8736
186.4916
186.1482
186.0211
186.0758
186.0584
185.9373
185.8174
185.6754
185.5992
185.5319
185.5474
185.488
185.499
185.4335
185.4182
185.4355
185.4004
185.3541
185.3099
185.3056
185.312
185.3313
185.3056
185.3083
185.325
185.3055
185.3055
185.3103
185.3079
185.3381
185.3055
185.3055
185.3208
185.3055
185.3055
185.3055
185.3055
185.3055
185.3424
185.3129
185.3254
185.3188
185.3055
185.3055
185.3037
185.3439
185.327
185.4072
185.3565
185.3407
185.3922
185.4118
185.4152
185.3811
185.4045
185.4515
185.4121
185.4027
185.5332
185.5216
185.4124
185.4052
185.2621
185.3632
184.9986
184.9045
184.8893
184.9261
184.9311
184.9403
184.8847
184.8503
184.6644
184.5165
184.3428
184.3347
184.3251
184.3149
184.3148
184.3011
184.2193
184.0726
184.0842
184.0535
184.0432
184.0355
184.0527
183.9774
183.9005
183.8923
183.9019
183.8963
183.8438
183.7878
183.7878
183.7899
183.7878
183.8075
183.7882
183.7878
183.7878
183.7878
183.7878
183.8047
183.7878
183.7979
183.8008
183.8088
183.7878
183.7878
183.7878
183.8073
183.7878
183.7878
183.7932
183.7878
183.7873
183.798
183.7992
183.8686
183.8733
183.9097
183.9404
183.7818
183.7658
183.7683
183.5816
183.5578
183.4947
183.3951
183.3865
183.3959
183.3989
183.3865
183.4077
183.3865
183.3865
183.3858
183.3852
183.4016
183.4474
183.3931
183.3874
183.4268
183.4256
183.4553
183.4234
183.4409
183.4427
183.4376
183.5788
183.5083
183.498
183.5303
183.4847
183.326
183.3129
183.2275
182.9935
182.751
182.6466
182.6606
182.6886
182.7662
182.8124
182.7902
182.7463
182.7801
182.7477
182.7413
182.7409
182.63
182.7142
182.6429
182.6655
182.6841
182.3906
182.4933
182.4161
182.382
182.4324
182.3131
182.2836
182.2455
182.1646
181.8774
181.6774
181.6576
181.6582
181.6496
181.5605
181.5315
181.5089
181.5089
181.5089
181.5362
181.5089
181.5089
181.5089
181.5089
181.5089
181.5137
181.5089
181.5089
181.5089
181.5089
181.5089
181.5089
181.5184
181.5089
181.5175
181.5089
181.5284
181.5089
181.521
181.5089
181.5089
181.5089
181.5127
181.5089
181.5089
181.5255
181.5089
181.5089
181.5127
181.5089
181.5089
181.5089
181.5089
181.5132
181.5381
181.5089
181.5089
181.5089
181.5084
181.5069
181.5401
181.5868
181.545
181.5646
181.5849
181.5245
181.6407
181.6841
181.5363
181.5535
181.4401
181.3741
181.3118
181.2183
181.152
181.0717
180.9867
180.9532
180.9581
180.9455
180.8894
180.8115
180.8301
180.8909
180.8758
180.7521
180.6909
180.8362
180.7926
180.7612
180.6075
180.4195
180.213
180.213
180.213
180.216
180.2343
180.2576
180.3344
180.3349
180.4811
180.5375
180.4383
180.4257
180.3849
180.2976
180.3627
180.0543
180.0891
180.0084
179.9319
179.8483
179.8186
179.7922
179.7303
179.7128
179.5987
179.3723
179.3551
179.2885
179.2964
179.3092
179.2419
179.2551
179.2409
179.2193
179.1733
179.1346
179.1906
179.1959
179.1567
179.0527
178.9411
178.9561
178.9398
178.927
178.9228
178.823
178.7497
178.6849
178.6763
178.6558
178.6323
178.5999
178.6118
178.5115
178.445
178.3879
178.3585
178.3359
178.3359
178.3521
178.3359
178.3418
178.3359
178.3713
178.3521
178.3562
178.3359
178.3359
178.3359
178.3359
178.3359
178.3359
178.3359
178.3359
178.3474
178.3359
178.3359
178.3402
178.3359
178.3359
178.3359
178.3379
178.3434
178.3609
178.3273
178.3861
178.4184
178.4256
178.3015
178.2641
178.2805
178.2961
178.3358
178.2047
178.1728
178.1516
178.0349
178.052
177.9529
177.966
177.9438
177.985
178.0286
178.0716
178.0195
178.1395
178.0327
178.1798
177.9834
177.926
177.8964
177.7837
177.8732
177.7674
177.7106
177.7282
177.7356
177.8372
177.6413
177.6633
177.5296
177.5425
177.6537
177.6875
177.619
177.5461
177.5334
177.446
177.4128
177.3068
177.3934
177.2178
177.1365
176.9813
176.7993
176.7254
176.6393
176.4993
176.3912
176.3417
176.3497
176.2672
176.2618
176.1741
176.1425
176.0971
176.0663
175.9201
175.8978
175.8945
175.8944
175.8931
175.891
175.8907
175.8897
175.8835
175.8811
175.8978
175.8811
175.8811
175.8811
175.8892
175.8932
175.8811
175.8811
175.8811
175.8811
175.8811
175.8838
175.8811
175.8811
175.8811
175.8811
175.8811
175.8811
175.8811
175.8811
175.8797
175.92
175.907
175.8837
175.9081
175.9976
175.9266
175.9861
176.1517
176.0786
176.0606
176.0423
176.055
175.9715
176.1151
176.09
176.0528
176.0349
175.9685
176.0847
176.0163
176.0937
176.0347
176.067
175.9992
176.1027
176.1239
176.0015
176.0848
176.1025
176.1114
176.1739
176.1843
176.0474
176.1441
176.1228
176.0426
176.1297
176.0508
176.0192
176.0595
176.0762
175.9551
175.7292
175.2862
175.1852
175.1422
175.0501
174.9689
174.8092
174.8092
174.8149
174.8092
174.8092
174.8092
174.8092
174.8118
174.8092
174.8092
174.8126
174.818
174.8092
174.8092
174.8092
174.8092
174.8175
174.8092
174.8092
174.8092
174.823
174.8185
174.8286
174.8092
174.8092
174.8122
174.8143
174.8092
174.8092
174.8182
174.8274
174.8121
174.8092
174.8209
174.8092
174.8167
174.8092
174.8092
174.858
174.8212
174.8092
174.8136
174.8092
174.8092
174.8237
174.8092
174.8192
174.8189
174.8092
174.8092
174.8092
174.8092
174.8554
174.8092
174.8092
174.8092
174.8092
174.8208
174.816
174.8172
174.8198
174.8203
174.8092
174.8092
174.8137
174.8153
174.8102
174.8233
174.8092
174.8092
174.8092
174.8213
174.8204
174.8092
174.8092
174.8092
174.83
174.8092
174.8092
174.8092
174.8092
174.8092
174.8092
174.8317
174.8092
174.8335
174.8092
174.8092
174.8139
174.8092
174.83
174.819
174.8564
174.8671
174.8867
174.9093
174.9224
174.9227
175.0483
174.998
174.9419
174.8392
174.8472
174.853
174.8189
174.556
174.4762
174.5541
174.4994
174.4558
174.3051
174.2396
174.2477
174.2396
174.2523
174.2396
174.2396
174.2451
174.2396
174.248
174.3046
174.2819
174.3182
174.373
174.3423
174.3508
174.2046
174.2762
174.0954
174.0429
173.9424
173.8696
173.8218
173.6726
173.6835
173.7898
173.7328
173.7253
173.7473
173.7617
173.6429
173.7446
173.6301
173.4783
173.6755
173.5753
173.7035
173.5248
173.5664
173.4741
173.3058
173.2494
173.172
173.0283
172.9448
172.7527
172.6552
172.5602
172.5428
172.5319
172.5332
172.5309
172.4902
172.4316
172.4191
172.4191
172.4191
172.4589
172.4191
172.4471
172.4191
172.4239
172.4191
172.4191
172.4191
172.4191
172.4261
172.4352
172.4446
172.448
172.5128
172.6042
172.5602
172.6399
172.5983
172.6005
172.6754
172.5833
172.4979
172.3263
172.1865
172.0873
172.0873
172.0862
172.1155
172.0862
172.0924
172.0993
172.1257
172.1115
172.1429
172.0996
172.1374
172.1551
172.172
172.2479
172.1626
172.2353
172.1168
172.1959
172.1546
171.8359
171.7397
171.7397
171.7492
171.7397
171.7395
171.7455
171.7797
171.7835
171.8943
171.8405
171.9327
171.8772
171.9164
171.8917
171.9361
171.9568
171.9226
171.797
171.7601
171.8149
171.9034
171.9208
171.8816
171.8929
171.6759
171.8835
171.7767
171.6882
171.6238
171.6093
171.5413
171.4276
171.206
171.1195
170.9933
171.0256
170.9933
170.9933
170.9933
170.9933
170.9933
170.9933
171.0018
171.0047
171.012
171.024
171.0437
171.0441
171.0721
171.1926
171.0789
170.9765
170.9264
170.816
170.6889
170.6988
170.6815
170.6392
170.5672
170.5672
170.5742
170.5672
170.5808
170.5672
170.5672
170.5672
170.5672
170.5708
170.5663
170.5751
170.6212
170.7212
170.7412
170.699
170.5673
170.5658
170.5626
170.109
170.1464
170.1527
170.1103
170.1012
170.1501
169.9602
169.809
169.776
169.776
169.776
169.776
169.776
169.776
169.8286
169.776
169.776
169.787
169.776
169.7755
169.7744
169.7758
169.7767
169.8239
169.8493
169.8579
169.8851
169.8741
169.7496
169.7964
169.7657
169.6953
169.6029
169.6209
169.6102
169.5501
169.604
169.429
169.4374
169.3881
169.331
169.261
169.213
169.1717
169.1572
169.2066
169.2672
169.1607
169.1953
169.1986
169.1663
169.1933
169.1898
169.2231
169.2319
169.2845
169.2246
169.1823
169.2981
169.3831
169.1732
169.146
169.1505
169.0204
169.0177
169.0078
168.963
168.991
168.8863
168.8647
168.9313
168.8854
168.916
168.8626
168.7493
168.5007
168.5172
168.5529
168.5033
168.4671
168.3244
168.282
168.2868
168.282
168.2941
168.282
168.2853
168.282
168.3019
168.2802
168.2783
168.2707
168.2968
168.2591
168.2943
168.2746
168.1355
168.0934
168.0929
168.1037
168.1141
168.1228
168.1537
168.1312
168.1682
168.1597
168.1322
168.1404
168.2647
168.1679
168.1533
168.195
168.138
168.1558
168.1205
168.214
168.306
168.1318
168.2823
168.1926
168.0029
167.8709
167.8843
167.7813
167.7108
167.4047
167.3261
167.3115
167.3077
167.3116
167.3132
167.2692
167.2848
167.2637
167.1824
167.1249
167.1475
167.0898
167.0699
167.0478
167.0478
167.0478
167.0478
167.0478
167.047
167.0463
167.0486
167.0702
167.0635
167.0459
167.1069
167.1122
167.097
167.1358
167.0928
166.9837
166.9552
166.9854
166.8776
166.7692
166.6049
166.6557
166.5295
166.4468
166.4329
166.4409
166.4363
166.4329
166.4329
166.4329
166.4326
166.4326
166.4656
166.4639
166.4553
166.5707
166.6173
166.6436
166.6287
166.6273
166.6304
166.7543
166.6646
166.625
166.4619
166.3392
166.2841
166.283
166.4007
166.3061
166.1906
166.0848
165.9467
165.9036
166.0444
165.8829
165.98
165.8739
165.7723
165.7952
165.8087
165.8211
165.7917
165.7702
165.5977
165.4013
165.404
165.4295
165.4013
165.4013
165.4013
165.4013
165.4013
165.4103
165.4063
165.4363
165.4013
165.4013
165.4013
165.4013
165.4279
165.4013
165.4013
165.4013
165.4013
165.4013
165.4013
165.4013
165.4013
165.4118
165.4054
165.4013
165.4013
165.4113
165.4013
165.4013
165.4057
165.4013
165.4222
165.4013
165.4013
165.4013
165.4013
165.4013
165.4066
165.4048
165.4072
165.4013
165.4013
165.4013
165.4013
165.408
165.4023
165.4455
165.4001
165.398
165.3806
165.3093
165.2808
165.1344
165.0678
165.0052
165.0043
165.0188
165.0034
164.9856
165.0091
165.1146
165.089
165.0529
165.028
164.9053
164.7599
164.7222
164.6509
164.6509
164.6509
164.6509
164.6516
164.6623
164.6509
164.6509
164.6615
164.6509
164.6509
164.6509
164.6509
164.6509
164.6509
164.6542
164.6565
164.6509
164.6509
164.6509
164.6509
164.6509
164.6509
164.6509
164.6509
164.6509
164.6496
164.6457
164.7756
164.7307
164.7157
164.7333
164.7833
164.689
164.6904
164.7307
164.7148
164.747
164.7127
164.464
164.4349
164.3166
164.3166
164.3424
164.3166
164.3166
164.3166
164.3348
164.3166
164.3206
164.3166
164.3166
164.3166
164.3166
164.3215
164.3197
164.3156
164.3201
164.32
164.3532
164.3752
164.4257
164.3815
164.5252
164.4311
164.5501
164.5684
164.5829
164.5639
164.5843
164.4436
164.5304
164.4617
164.4338
164.3102
164.2344
163.9225
163.6961
163.7054
163.6689
163.6654
163.6601
163.6375
163.6182
163.6151
163.6151
163.6151
163.6151
163.6247
163.6148
163.6972
163.6673
163.6528
163.6483
163.7402
163.7806
163.6763
163.604
163.6616
163.6886
163.6271
163.648
163.5063
163.4649
163.4649
163.4649
163.475
163.4649
163.473
163.4636
163.4624
163.5372
163.5295
163.52
163.6432
163.6242
163.5714
163.667
163.6533
163.6543
163.7261
163.6088
163.6098
163.4456
163.3724
163.3464
163.3167
163.2833
163.2052
163.1404
163.0905
163.0208
163.0074
162.9702
162.9366
162.8541
162.8289
162.8265
162.8206
162.8114
162.8014
162.7599
162.7264
162.7335
162.7196
162.7222
162.7196
162.7317
162.7196
162.7196
162.7245
162.7196
162.7287
162.7196
162.7336
162.7488
162.7284
162.7196
162.7196
162.7196
162.7196
162.7196
162.7185
162.7176
162.747
162.735
162.798
162.7989
162.7204
162.7213
162.6748
162.6295
162.6673
162.6529
162.5874
162.4098
162.5459
162.5236
162.3348
162.2758
162.2758
162.2758
162.2758
162.2953
162.281
162.2758
162.2758
162.2851
162.2758
162.2861
162.2758
162.2758
162.2758
162.2758
162.2758
162.2917
162.2758
162.2758
162.2824
162.2758
162.3028
162.2879
162.348
162.452
162.5279
162.4708
162.3393
162.2639
162.3046
162.2897
162.2743
162.2795
162.2372
162.1897
162.0322
162.0123
162.0067
161.9806
161.8932
161.8631
161.6288
161.6214
161.6188
161.5961
161.5818
161.5528
161.6168
161.5869
161.6193
161.6021
161.6335
161.7017
161.5822
161.6455
161.6792
161.5951
161.4721
161.3533
161.1785
160.9813
160.8977
160.9003
160.8913
160.8824
160.8774
160.8698
160.8698
160.8769
160.8698
160.8952
160.8693
160.9135
160.902
160.9091
160.8952
160.9236
161.0651
160.8138
160.8138
160.8138
160.8138
160.8138
160.8138
160.8138
160.8201
160.8138
160.8138
160.8138
160.8138
160.8156
160.8138
160.8138
160.8256
160.814
160.8125
160.8487
160.8474
160.8936
161.0056
160.9842
161.0083
160.9463
160.8038
160.8511
160.806
160.7821
160.7878
160.7877
160.7401
160.6134
160.6558
160.5921
160.5211
160.5868
160.552
160.5454
160.6053
160.5937
160.6831
160.5636
160.5599
160.6153
160.5632
160.6039
160.7321
160.652
160.6524
160.6529
160.7503
160.6967
160.6965
160.5497
160.5226
160.457
160.4187
160.4185
160.4677
160.414
160.4559
160.5249
160.5459
160.476
160.5471
160.496
160.5089
160.4397
160.3458
160.3981
160.3079
160.1819
160.1697
160.1379
159.9463
159.8834
159.8234
159.863
159.9457
159.9134
159.8463
159.919
159.7628
159.8119
159.8278
159.9139
159.8111
159.8512
159.8298
159.9004
159.8467
159.8481
159.7035
159.4893
159.452
159.345
159.362
159.1857
159.0617
159.0351
158.9597
158.9267
158.9168
158.9273
158.8458
158.8458
158.8458
158.8458
158.8458
158.8458
158.8458
158.8458
158.8458
158.8458
158.8458
158.8458
158.8458
158.8458
158.8664
158.8458
158.8458
158.8458
158.8452
158.844
158.8404
158.8661
158.8307
158.8465
158.7814
158.7758
158.7765
158.7599
158.7115
158.6719
158.6184
158.5607
158.5239
158.5239
158.5239
158.5354
158.5306
158.5603
158.5362
158.5239
158.5239
158.5239
158.542
158.5239
158.53
158.5407
158.5239
158.5239
158.5239
158.5239
158.5355
158.5239
158.5239
158.527
158.5347
158.5963
158.6141
158.658
158.7742
158.6225
158.4624
158.3305
158.302
158.3514
158.3191
158.2879
158.2773
158.2341
158.2316
158.0925
158.0471
157.9069
157.8484
157.7716
157.7249
157.5865
157.5552
157.5005
157.4979
157.3284
157.193
157.1809
157.1888
157.1871
157.1973
157.1936
157.1388
156.9807
156.9893
156.9807
156.9807
156.9942
156.9807
156.9803
156.9869
157.037
157.1267
157.0982
157.233
157.0828
157.3145
157.1341
157.2032
157.0545
156.7999
156.8034
156.7909
156.7909
156.7909
156.7971
156.7909
156.7909
156.7909
156.7909
156.7909
156.7909
156.7909
156.7952
156.7906
156.7964
156.7999
156.8485
156.9509
156.8753
156.8557
156.6822
156.5923
156.5251
156.5435
156.6302
156.5319
156.5404
156.3214
156.323
156.2902
156.1953
156.0773
156.0481
156.0485
156.0218
155.9739
155.9241
155.9028
155.9001
155.9001
155.9009
155.9001
155.9001
155.9001
155.9001
155.9053
155.9001
155.9001
155.9001
155.9001
155.9151
155.9001
155.9112
155.9001
155.9108
155.9001
155.9001
155.9001
155.9001
155.9001
155.9145
155.9001
155.9151
155.9001
155.9001
155.9001
155.9001
155.9001
155.9001
155.9001
155.9001
155.9001
155.904
155.9001
155.9001
155.9024
155.9001
155.9001
155.9108
155.9109
155.9001
155.9001
155.9001
155.9112
155.9074
155.9001
155.9001
155.9001
155.9001
155.9039
155.9001
155.9001
155.9001
155.9001
155.9292
155.908
155.8979
155.8958
155.8989
155.8882
155.8864
155.9593
155.9037
155.7724
155.7167
155.7332
155.7099
155.6506
155.6613
155.6506
155.6506
155.6852
155.6506
155.6506
155.6506
155.6506
155.6506
155.6506
155.6563
155.6658
155.6506
155.6604
155.6506
155.6609
155.6506
155.6593
155.6506
155.6506
155.6506
155.6506
155.6506
155.6506
155.6506
155.6506
155.6638
155.6506
155.6584
155.6506
155.6593
155.6506
155.6497
155.6441
155.6478
155.6825
155.6352
155.5632
155.5597
155.5396
155.5244
155.4686
155.4722
155.4665
155.3906
155.3675
155.3675
155.3675
155.3675
155.3675
155.3675
155.3675
155.3776
155.3675
155.3672
155.3669
155.4256
155.3901
155.4521
155.4033
155.4629
155.4045
155.3974
155.2738
155.1663
155.1646
155.162
155.1456
155.1556
155.0829
154.9043
154.8308
154.6938
154.6392
154.6578
154.6392
154.6417
154.6759
154.7144
154.6833
154.6855
154.7838
154.8439
154.8474
154.8787
154.8684
154.9672
154.8749
154.687
154.5399
154.5149
154.5645
154.5397
154.556
154.5627
154.5374
154.618
154.6206
154.5153
154.6308
154.5583
154.6063
154.5795
154.5697
154.5602
154.5558
154.5468
154.429
154.332
154.3611
154.2683
154.2063
154.1845
154.1587
154.2197
154.1828
154.0145
154.0016
153.9922
153.9917
153.9625
153.9169
153.8805
153.8697
153.8793
153.8609
153.8472
153.8235
153.8189
153.8131
153.8038
153.7754
153.7286
153.7089
153.7089
153.7171
153.7089
153.7158
153.7277
153.7089
153.7089
153.7089
153.713
153.7089
153.7089
153.7089
153.7089
153.7061
153.7056
153.7161
153.7134
153.7651
153.8575
153.8007
153.8375
153.824
153.7327
153.72
153.6223
153.2452
153.2693
153.2869
153.3396
153.2963
153.3636
153.2207
153.0268
152.9325
152.9404
152.9715
152.8185
152.831
152.8185
152.8185
152.8185
152.8259
152.8185
152.8185
152.8185
152.8185
152.8317
152.8185
152.8185
152.8185
152.8185
152.8185
152.8185
152.8185
152.8185
152.8248
152.8185
152.819
152.8185
152.8185
152.8185
152.8179
152.8232
152.8751
152.9516
152.8395
152.9253
152.948
152.9163
152.8891
152.6234
152.6436
152.6007
152.5326
152.5707
152.5326
152.5326
152.5326
152.5418
152.5326
152.5326
152.5326
152.5326
152.5408
152.5326
152.5326
152.5326
152.5326
152.548
152.5326
152.5322
152.563
152.5421
152.5541
152.6474
152.5841
152.6593
152.8745
152.6667
152.6234
152.6616
152.7687
152.7528
152.7802
152.7545
152.7207
152.7072
152.6399
152.677
152.6622
152.7481
152.7484
152.798
152.7312
152.743
152.7197
152.7219
152.5647
152.4041
152.4451
152.2703
152.2068
152.2019
152.2019
152.2019
152.2019
152.2019
152.2069
152.2019
152.2019
152.2019
152.2019
152.2019
152.2019
152.2007
152.2337
152.2387
152.2682
152.223
152.292
152.3902
152.3623
152.3576
152.2995
152.269
152.1964
152.2872
152.201
152.2614
152.3407
152.224
152.2083
152.1617
152.2118
152.2141
152.1862
152.1456
152.1605
152.2083
152.141
152.1085
152.1338
152.1736
152.1781
152.0989
152.0803
151.9757
151.9546
151.6503
151.5563
151.5563
151.5563
151.5563
151.5563
151.5563
151.5563
151.5563
151.5563
151.5563
151.5563
151.5563
151.5563
151.5563
151.5608
151.5563
151.556
151.565
151.5703
151.6355
151.6005
151.67
151.7332
151.6289
151.7581
151.6876
151.6706
151.5847
151.5073
151.4326
151.2406
151.2299
151.2847
151.2551
151.2836
151.3116
151.3368
151.2778
151.2783
151.2057
151.2997
151.3418
151.3557
151.2933
151.1827
151.1798
151.1526
151.1284
151.1087
151.1497
151.103
151.0566
151.0597
151.0839
151.0302
150.9754
150.927
150.9151
150.8796
150.8542
150.8542
150.8542
150.8624
150.8542
150.8542
150.8542
150.8539
150.8522
150.8496
150.8625
150.8475
150.8112
150.8235
150.7848
150.7061
150.6888
150.6359
150.6198
150.5648
150.4836
150.4752
150.4819
150.4619
150.4619
150.4812
150.4814
150.4619
150.4619
150.4619
150.4619
150.4619
150.4729
150.4619
150.4807
150.4619
150.4619
150.4619
150.4619
150.4619
150.4612
150.4708
150.4811
150.5297
150.5057
150.3933
150.3043
150.215
150.215
150.215
150.215
150.215
150.215
150.2144
150.2138
150.2145
150.2168
150.242
150.3026
150.2309
150.075
149.9795
149.9054
149.8191
149.7611
149.6479
149.5561
149.5371
149.5001
149.543
149.5693
149.5169
149.4511
149.4464
149.4464
149.4464
149.4464
149.4464
149.4464
149.4614
149.4542
149.4464
149.4511
149.4582
149.4493
149.452
149.4464
149.4464
149.4464
149.4464
149.4531
149.4464
149.4673
149.4464
149.4532
149.4464
149.4464
149.4464
149.4491
149.4593
149.4849
149.4464
149.4464
149.4447
149.4728
149.4671
149.495
149.4922
149.5931
149.4932
149.5575
149.6088
149.5075
149.3028
149.4217
149.4128
149.4672
149.3386
149.3884
149.3976
149.3533
149.4621
149.3307
149.3301
149.0686
149.0671
149.0921
149.0605
149.0497
149.0462
149.0462
149.0462
149.0462
149.0462
149.0543
149.0462
149.0462
149.0462
149.057
149.0462
149.0462
149.0462
149.0462
149.0462
149.0462
149.0462
149.0462
149.0462
149.0462
149.0462
149.0462
149.0462
149.0462
149.0462
149.0626
149.0462
149.0462
149.0462
149.0462
149.0462
149.0462
149.0744
149.0535
149.0462
149.0462
149.0504
149.0462
149.0536
149.0847
149.0782
149.0533
149.1614
149.1184
149.1355
149.1575
149.1065
149.093
149.0834
149.1177
149.0574
149.1582
149.1681
149.2032
149.0502
149.2066
149.2074
149.0227
148.7126
148.6786
148.7172
148.5628
148.5209
148.5683
148.5088
148.505
148.4692
148.455
148.455
148.455
148.455
148.4726
148.455
148.455
148.455
148.455
148.455
148.455
148.455
148.455
148.4543
148.4817
148.4965
148.5121
148.5761
148.5296
148.5556
148.4333
148.2262
148.0269
148.0226
148.0226
148.0226
148.0226
148.0226
148.0226
148.0226
148.0226
148.0229
148.0226
148.0404
148.0226
148.0226
148.0226
148.0226
148.0292
148.02
148.0066
148.0136
148.0165
147.9714
147.8813
147.8442
147.8442
147.8442
147.8505
147.8624
147.8442
147.8442
147.8442
147.8442
147.8442
147.8491
147.855
147.8442
147.8438
147.8491
147.8834
147.8764
147.8558
147.8992
147.8238
147.7809
147.651
147.5448
147.6344
147.5803
147.6575
147.6086
147.491
147.4515
147.4558
147.4089
147.4334
147.3934
147.3622
147.3536
147.4412
147.4116
147.4608
147.3101
147.263
147.2175
147.0561
147.1165
147.0925
147.0661
146.9553
146.9212
146.9144
146.9104
146.9349
146.8896
146.8719
146.8719
146.8802
146.8719
146.8758
146.8719
146.8719
146.8719
146.8719
146.8719
146.8719
146.8719
146.8719
146.8788
146.8712
146.8895
146.9259
146.9361
146.9966
146.9197
146.9594
147.0271
146.9476
146.9738
146.7744
146.7092
146.709
146.6901
146.6465
146.6035
146.6035
146.6032
146.6084
146.6016
146.6623
146.7665
146.6443
146.6791
146.5963
146.5966
146.5923
146.4971
146.5191
146.5212
146.4154
146.3295
146.3189
146.1835
146.0087
146.0053
146.002
145.9963
145.9819
145.997
145.9819
145.9819
145.9819
145.9819
145.9819
145.9819
145.9819
145.9819
145.9819
145.9819
145.9819
146.0082
145.9819
145.9819
145.9819
145.9819
145.9819
145.9819
145.9819
145.9817
145.9816
145.9808
145.983
146.0408
146.0016
145.966
145.966
145.966
145.966
145.9761
145.966
145.9695
145.966
145.9687
145.966
145.966
145.966
145.966
145.9855
145.966
145.966
145.966
145.966
145.9652
145.9747
145.9702
145.9991
146.0329
146.0921
146.0712
146.0027
146.0132
146.0147
145.9967
145.9977
146.0036
146.0616
146.0549
145.9911
146.0525
146.0117
146.1257
146.1018
146.006
145.9645
146.0278
145.9719
146.0371
146.0294
146.02
146.0596
146.0997
145.9946
146.1315
146.0737
146.1016
146.0152
146.0643
146.0374
146.048
146.1528
146.2616
146.0687
145.8016
145.7834
145.8399
145.9191
145.9327
145.851
145.8529
145.8018
145.809
145.7696
145.8233
145.866
145.865
145.8417
145.873
145.787
145.8234
145.816
145.8386
145.9006
145.8959
145.8839
145.8474
145.9005
145.827
145.7711
145.8511
145.8579
145.8958
145.8822
145.7953
145.7399
145.6872
145.6454
145.5016
145.4712
145.4135
145.3654
145.3889
145.3516
145.2984
145.3051
145.2957
145.3398
145.2985
145.3653
145.3291
145.4258
145.4299
145.3812
145.4819
145.32
145.4453
145.4403
145.4661
145.4976
145.3777
145.1786
145.2068
145.1661
145.1199
145.0584
145.0103
144.9087
144.8729
144.6643
144.7065
144.5215
144.4552
144.4364
144.4364
144.4364
144.4382
144.4364
144.4364
144.4364
144.4364
144.4364
144.4364
144.4364
144.4364
144.4471
144.4364
144.435
144.4511
144.4272
144.4685
144.5345
144.4662
144.3605
144.3064
144.2976
144.2936
144.3134
144.2896
144.2885
144.3254
144.2855
144.3569
144.3087
144.1783
143.9033
143.9135
143.8271
143.8022
143.8022
143.7976
143.8178
143.8395
143.9222
143.8852
143.8917
143.9283
143.9305
144.1172
143.8912
143.9376
143.9513
143.9449
144.0061
144.0278
143.9059
144.1185
144.1321
143.9301
143.9658
143.9485
143.7713
143.6617
143.6641
143.6467
143.6761
143.6586
143.7455
143.5123
143.531
143.5986
143.57
143.5345
143.4808
143.5291
143.4284
143.471
143.5324
143.4988
143.3783
143.1833
143.0917
143.1341
143.1527
143.0723
143.1621
143.0585
142.8843
142.7928
142.7928
142.8018
142.7928
142.7928
142.7928
142.8059
142.7928
142.7928
142.7928
142.7928
142.7928
142.8023
142.7996
142.7928
142.7928
142.7928
142.7928
142.7928
142.8002
142.7924
142.8038
142.8128
142.8293
142.8562
142.8942
142.8809
142.8765
142.7353
142.685
142.5788
142.5159
142.5313
142.501
142.4539
142.3763
142.3703
142.3719
142.3767
142.3703
142.3703
142.3774
142.3703
142.3703
142.3703
142.3703
142.3703
142.3703
142.3703
142.3703
142.3703
142.383
142.3703
142.3703
142.3703
142.3703
142.3703
142.3703
142.3703
142.3795
142.3703
142.3703
142.3703
142.3703
142.3703
142.3703
142.3703
142.3703
142.3877
142.3703
142.3703
142.3876
142.3703
142.3899
142.3919
142.3904
142.3796
142.3926
142.4026
142.3696
142.4715
142.4046
142.3845
142.4277
142.4405
142.3943
142.4864
142.4175
142.4575
142.3929
142.401
142.4653
142.4219
142.3786
142.3226
142.2435
142.2408
142.2516
142.2472
142.1962
142.1772
142.1731
142.1663
142.1754
142.1175
142.0666
142.0368
141.9276
141.9276
141.9309
141.9276
141.9276
141.9276
141.9276
141.9276
141.9276
141.9276
141.9276
141.9317
141.9276
141.9276
141.9303
141.9276
141.9276
141.9276
141.9337
141.9276
141.9354
141.9276
141.9276
141.9491
141.9276
141.9276
141.9276
141.9357
141.9273
141.9353
141.94
141.9412
142.0026
141.9875
142.018
142.0733
141.8988
141.9212
141.8988
141.8988
141.8988
141.8988
141.9068
141.8988
141.8988
141.906
141.8988
141.9049
141.8988
141.8988
141.8988
141.8988
141.8988
141.9207
141.9033
141.8988
141.8988
141.8988
141.8988
141.8988
141.8988
141.8988
141.8988
141.8988
141.9153
141.9026
141.8988
141.8988
141.9068
141.8988
141.8988
141.8988
141.9062
141.8988
141.8988
141.8988
141.8988
141.8987
141.9444
141.9564
142.1321
142.0621
142.0326
141.9463
141.9775
142.1971
142.0316
142.0641
142.0043
141.9481
141.9263
141.8076
141.8006
141.8138
141.74
141.7316
141.741
141.7853
141.7145
141.6498
141.6498
141.6498
141.6498
141.6498
141.6498
141.665
141.6544
141.6498
141.6498
141.6498
141.6498
141.656
141.6498
141.6552
141.6562
141.6498
141.6498
141.6498
141.6498
141.6617
141.6703
141.6498
141.6498
141.6498
141.6498
141.6498
141.6498
141.6498
141.6498
141.6498
141.6498
141.6498
141.6609
141.6498
141.6498
141.6498
141.6498
141.6498
141.6498
141.6498
141.6498
141.6498
141.6498
141.6498
141.6498
141.6498
141.6498
141.6498
141.6558
141.6498
141.6498
141.6498
141.6498
141.6498
141.6498
141.6569
141.6498
141.6498
141.6498
141.6498
141.6498
141.6498
141.6498
141.6498
141.6523
141.6498
141.6602
141.6588
141.6498
141.6498
141.6498
141.6498
141.6498
141.6498
141.6498
141.6498
141.6625
141.6684
141.662
141.6508
141.7015
141.7322
141.6971
141.6725
141.6731
141.7049
141.7655
141.6763
141.6528
141.6978
141.6652
141.5367
141.525
141.4266
141.1055
140.9152
140.94
140.9132
140.99
140.9594
140.9468
140.8875
140.8667
140.8616
140.8502
140.8286
140.777
140.777
140.7667
140.7732
140.7734
140.7667
140.7667
140.7667
140.7667
140.7667
140.7667
140.7667
140.7667
140.7667
140.7667
140.7723
140.7753
140.7736
140.7667
140.7667
140.7667
140.7667
140.7667
140.7667
140.7667
140.7667
140.797
140.7667
140.7667
140.769
140.7667
140.7667
140.7667
140.7667
140.7667
140.7667
140.7667
140.7667
140.7667
140.7717
140.7667
140.7667
140.7667
140.7667
140.7667
140.7802
140.7667
140.7667
140.7706
140.7667
140.7667
140.7679
140.7667
140.7667
140.7667
140.7667
140.7667
140.7667
140.7667
140.7667
140.7822
140.7667
140.7667
140.7667
140.7667
140.7667
140.7667
140.7667
140.7667
140.7803
140.7667
140.7667
140.7667
140.7667
140.7667
140.7667
140.7667
140.7667
140.7673
140.7865
140.7667
140.7667
140.7868
140.7667
140.7667
140.7667
140.7914
140.7667
140.7667
140.7667
140.7735
140.7667
140.7667
140.8078
140.7667
140.7667
140.7667
140.7749
140.7667
140.7667
140.7667
140.7667
140.7667
140.7667
140.7667
140.7667
140.7667
140.7697
140.8089
140.7667
140.7667
140.7667
140.7667
140.7772
140.7667
140.7686
140.7667
140.772
140.7749
140.7667
140.7727
140.7667
140.7667
140.7821
140.7667
140.7667
140.7725
140.7873
140.772
140.7667
140.7712
140.7667
140.7667
140.7667
140.777
140.7667
140.7667
140.7667
140.7667
140.7667
140.7667
140.7715
140.7667
140.7667
140.7667
140.7667
140.7667
140.7667
140.7667
140.7667
140.7667
140.765
140.7698
140.771
140.7924
140.8728
140.8348
140.8814
140.8393
140.909
140.9338
141.0323
140.9616
140.7831
140.695
140.6544
140.5746
140.5897
140.6063
140.6318
140.6151
140.568
140.5814
140.6355
140.6402
140.5992
140.5677
140.5677
140.574
140.5677
140.5751
140.5677
140.5677
140.5677
140.5677
140.5677
140.5677
140.5677
140.5783
140.5677
140.5677
140.5677
140.5677
140.5677
140.5677
140.5677
140.5866
140.5677
140.5677
140.5677
140.5677
140.5857
140.5677
140.5653
140.5629
140.5532
140.5463
140.6059
140.5555
140.4984
140.3269
140.3269
140.3269
140.3269
140.3347
140.3269
140.3269
140.3269
140.3269
140.3269
140.3269
140.3269
140.3269
140.3269
140.3269
140.3269
140.3338
140.3269
140.3269
140.3269
140.3269
140.3306
140.3269
140.326
140.3562
140.326
140.3251
140.3297
140.3678
140.3499
140.3978
140.3353
140.3122
140.2698
140.2127
140.1438
140.1164
140.1272
140.0949
140.0863
140.0553
140.0553
140.0596
140.0649
140.0553
140.0553
140.0553
140.065
140.0553
140.0553
140.0553
140.0553
140.0629
140.0765
140.0553
140.0553
140.0553
140.0553
140.0553
140.0553
140.0553
140.0553
140.0553
140.0553
140.0553
140.0573
140.0553
140.0553
140.0553
140.0638
140.0553
140.069
140.0553
140.0553
140.0544
140.0544
140.0682
140.0457
140.0414
140.075
140.0437
139.9681
139.9681
139.9681
139.9681
139.9782
139.9681
139.979
139.9681
139.9681
139.9681
139.9681
139.9681
139.9847
139.9681
139.9681
139.9681
139.9899
139.9681
139.9787
139.9717
139.9681
139.9823
139.9681
139.9681
139.9681
139.9681
139.9681
139.9681
139.9681
139.9733
139.9805
139.9681
139.9681
139.9672
139.9652
139.9744
139.9816
140.0433
140.0602
139.9035
139.9112
139.9332
139.9212
139.9364
139.917
140.0081
139.9637
139.9897
139.9101
139.9587
139.9322
139.9016
139.9359
140.052
139.9401
140.0765
140.0617
139.9244
140.0748
140.0154
140.0168
139.8368
139.8271
139.9177
139.8726
139.732
139.7014
139.6648
139.6856
139.6051
139.5145
139.5275
139.4596
139.4523
139.4888
139.5096
139.4918
139.4586
139.4025
139.4044
139.4664
139.405
139.3525
139.318
139.2673
139.2524
139.2154
139.1556
139.1535
139.1516
139.1483
139.1432
139.1432
139.1432
139.1432
139.1432
139.1432
139.1432
139.1432
139.1432
139.1432
139.1432
139.1473
139.1432
139.1432
139.1432
139.1432
139.1432
139.1432
139.1432
139.1432
139.1432
139.1633
139.1432
139.1432
139.1537
139.1432
139.1432
139.1432
139.1432
139.1432
139.1432
139.1432
139.1432
139.1494
139.1432
139.1432
139.1432
139.1432
139.1432
139.1432
139.1432
139.1432
139.1432
139.1432
139.1449
139.1432
139.1748
139.1432
139.1432
139.1647
139.1432
139.1432
139.1432
139.1497
139.1432
139.1432
139.1432
139.1432
139.1432
139.1432
139.1523
139.1432
139.1432
139.1432
139.1432
139.1432
139.1432
139.1432
139.1529
139.1432
139.1432
139.1535
139.1432
139.1432
139.1432
139.1432
139.1432
139.1593
139.1432
139.1432
139.1432
139.1432
139.1432
139.1432
139.1432
139.1432
139.1432
139.1432
139.1432
139.1512
139.1432
139.1682
139.1432
139.1432
139.1432
139.1545
139.1432
139.1602
139.1428
139.1478
139.1602
139.1881
139.2157
139.2075
139.2403
139.0978
139.1298
139.0791
138.9131
138.9028
138.9028
138.9028
138.9028
138.9028
138.9028
138.9028
138.9028
138.9028
138.9028
138.9028
138.9028
138.9028
138.9116
138.9028
138.9028
138.902
138.9241
138.916
138.9183
138.9331
138.9936
139.0409
139.1409
139.2144
139.1102
139.2464
139.1599
139.0758
138.9438
139.0106
138.937
138.84
138.6861
138.451
138.2153
138.1053
138.093
138.0587
138.0216
137.9229
137.7697
137.7697
137.7697
137.7697
137.7741
137.7681
137.7666
137.7995
137.8833
137.7932
137.9833
138.0242
138.1082
137.9768
137.9999
137.894
137.8305
137.7787
137.4893
137.4882
137.4957
137.4882
137.5015
137.4918
137.4882
137.4882
137.4882
137.4882
137.4882
137.4882
137.4882
137.4882
137.4882
137.4882
137.4976
137.4962
137.4882
137.4985
137.4882
137.4882
137.4882
137.4963
137.4882
137.4882
137.4882
137.4922
137.4882
137.494
137.4882
137.4882
137.4882
137.4882
137.4882
137.4882
137.4882
137.4936
137.4882
137.4882
137.4882
137.4882
137.4882
137.4882
137.4882
137.4882
137.4882
137.4882
137.4968
137.4983
137.4882
137.4882
137.4882
137.4882
137.4882
137.4882
137.4882
137.4882
137.4882
137.4882
137.4953
137.4882
137.4882
137.4882
137.4882
137.4882
137.4882
137.4882
137.4882
137.4882
137.4882
137.486
137.486
137.5033
137.5503
137.5001
137.505
137.4975
137.5461
137.5152
137.6104
137.5713
137.486
137.2671
137.2641
137.264
137.278
137.3105
137.2977
137.3555
137.2998
137.0282
136.9748
136.9706
136.9675
136.9889
137.0021
136.9991
137.159
136.9647
137.1266
137.1763
137.0658
137.1026
136.9692
136.9707
136.9846
136.8311
136.8514
136.8319
136.8968
136.8698
136.8767
136.9422
136.9545
136.9445
136.8868
136.8152
136.8296
136.8097
136.698
136.5932
136.5895
136.5895
136.5895
136.5895
136.5895
136.5895
136.5895
136.5895
136.5895
136.5895
136.5895
136.5895
136.5895
136.5895
136.5895
136.5895
136.5895
136.6113
136.5895
136.5895
136.5895
136.5895
136.5895
136.6068
136.6085
136.5895
136.5895
136.5895
136.5895
136.6182
136.6015
136.6455
136.8096
136.7802
136.5869
136.5869
136.5869
136.5869
136.5869
136.5869
136.5869
136.5869
136.5965
136.5869
136.5869
136.5869
136.5869
136.5869
136.5869
136.5913
136.5869
136.5869
136.5869
136.5869
136.5851
136.6069
136.6244
136.734
136.7026
136.8334
136.7073
136.8424
136.7306
136.6067
136.6441
136.7721
136.7271
136.6685
136.6502
136.4013
136.3897
136.3897
136.3897
136.3897
136.3897
136.3897
136.3897
136.3897
136.3958
136.3897
136.3897
136.3897
136.3897
136.4302
136.3893
136.4064
136.418
136.4674
136.4794
136.5574
136.4178
136.4495
136.408
136.4754
136.4916
136.5826
136.5038
136.6191
136.6068
136.4481
136.4727
136.4806
136.4354
136.4266
136.4369
136.41
136.4985
136.4159
136.4719
136.4767
136.535
136.5099
136.6499
136.6215
136.6042
136.5966
136.4813
136.5231
136.5546
136.6232
136.5108
136.5423
136.5349
136.4783
136.4483
136.5707
136.6575
136.4733
136.5442
136.4226
136.4686
136.4463
136.4874
136.4681
136.5807
136.6882
136.5662
136.6342
136.5224
136.5355
136.4965
136.4629
136.493
136.6035
136.5433
136.591
136.5099
136.5439
136.4845
136.4948
136.6831
136.6861
136.7972
136.7867
136.7524
136.6917
136.7314
136.2007
136.2007
136.2007
136.2007
136.2084
136.2054
136.2007
136.2007
136.2007
136.2007
136.2198
136.2007
136.2267
136.2007
136.2007
136.2007
136.2007
136.2007
136.2007
136.2007
136.2007
136.2007
136.2007
136.2007
136.2007
136.2007
136.205
136.2007
136.2007
136.2007
136.223
136.2004
136.2126
136.1998
136.2658
136.2849
136.2667
136.2965
136.228
136.1813
136.1678
136.1678
136.1725
136.1678
136.1678
136.1678
136.1931
136.1678
136.1678
136.1678
136.18
136.1678
136.1678
136.1678
136.1678
136.1678
136.1736
136.1678
136.1678
136.1678
136.1678
136.1678
136.1797
136.1678
136.1678
136.1678
136.1705
136.1678
136.1678
136.1678
136.1678
136.1678
136.1678
136.1678
136.1678
136.1789
136.1678
136.1812
136.178
136.1678
136.1678
136.1678
136.1678
136.1678
136.1678
136.1747
136.1678
136.1678
136.1678
136.1678
136.1678
136.1678
136.1985
136.1678
136.1678
136.1678
136.1678
136.1678
136.1678
136.1678
136.1678
136.1838
136.1678
136.1678
136.1678
136.1866
136.1678
136.1693
136.1678
136.1678
136.1678
136.1678
136.1665
136.1653
136.1749
136.185
136.282
136.2553
136.286
136.0419
136.0334
136.0287
136.0367
136.0173
135.9798
135.9791
135.9781
135.9777
135.9833
135.976
135.976
135.976
136.0254
135.9872
136.0202
135.9835
136.0239
136.0611
136.0919
136.1078
136.0474
136.0998
136.1007
136.0954
136.0588
136.0506
136.0068
136.0834
136.0215
136.0426
136.0423
136.0165
135.9949
136.0019
136.0201
136.1353
136.0601
136.0844
136.0803
135.7218
135.6284
135.6135
135.5851
135.547
135.5281
135.5004
135.4991
135.4983
135.4983
135.4983
135.4983
135.4983
135.4983
135.5152
135.4983
135.4983
135.4983
135.4983
135.4983
135.4983
135.4983
135.4983
135.4983
135.4983
135.4983
135.5151
135.4983
135.4983
135.4983
135.4983
135.4983
135.4983
135.496
135.496
135.489
135.5185
135.5264
135.5038
135.5546
135.3851
135.2714
135.3449
135.4056
135.3165
135.34
135.2229
135.2295
135.2299
135.2296
135.1984
135.0695
134.933
134.6812
134.6649
134.6649
134.6649
134.6649
134.6649
134.6649
134.6649
134.6649
134.6649
134.6649
134.6649
134.6649
134.6649
134.6649
134.6649
134.6649
134.6649
134.6691
134.6649
134.6649
134.6649
134.6649
134.6649
134.6764
134.7033
134.6649
134.6649
134.6649
134.6649
134.6649
134.6787
134.6649
134.6649
134.6788
134.6756
134.6649
134.6649
134.6649
134.6649
134.6681
134.6649
134.6649
134.6649
134.6649
134.6649
134.6649
134.6649
134.6649
134.6649
134.6649
134.663
134.6954
134.6822
134.6706
134.6887
134.6742
134.7254
134.6861
134.7498
134.8728
134.7413
134.7146
134.7481
134.7627
134.7547
134.8086
134.7546
134.8389
134.8855
134.8967
134.753
134.8719
134.8443
134.7412
134.6892
134.7523
134.6517
134.4745
134.3699
134.2677
134.1885
134.1481
134.2063
134.0509
133.9294
133.8821
133.8747
133.8385
133.8452
133.7901
133.7599
133.7599
133.7599
133.7599
133.7599
133.7599
133.7599
133.7599
133.7821
133.7599
133.7599
133.7594
133.7679
133.7781
133.7858
133.8317
133.7972
133.7889
133.795
133.8071
133.8564
133.8097
133.853
133.8904
133.8681
133.802
133.7661
133.6359
133.5751
133.5455
133.4995
133.4909
133.4783
133.397
133.4313
133.41
133.396
133.396
133.4108
133.4198
133.4242
133.4292
133.4632
133.5503
133.5246
133.5609
133.5129
133.4777
133.6218
133.5442
133.5325
133.4539
133.5668
133.5609
133.6496
133.6623
133.5785
133.647
133.5086
133.4421
133.5418
133.2664
133.1765
133.1598
133.1565
133.04
133.0361
133.0292
133.0191
133.0641
133.0521
133.019
132.9483
132.8125
132.7659
132.7618
132.7618
132.7618
132.7618
132.7807
132.7618
132.7618
132.7618
132.7618
132.7618
132.7618
132.7618
132.7618
132.7618
132.7999
132.7618
132.7618
132.7618
132.7618
132.7618
132.7613
132.7762
132.7608
132.7598
132.775
132.7563
132.7676
132.7374
132.7139
132.749
132.7582
132.7388
132.7803
132.9147
132.7556
132.7531
132.8282
132.7511
132.7892
132.7738
132.7827
132.8379
132.7762
132.8796
132.7764
132.7927
132.7635
132.7446
132.7907
132.795
132.7962
132.8476
132.9119
132.8662
132.8325
132.6684
132.4547
132.4521
132.4612
132.4792
132.4785
132.444
132.4664
132.4307
132.2966
132.3051
132.2812
132.1721
132.0964
132.0964
132.0964
132.0964
132.0964
132.0964
132.0964
132.0964
132.0964
132.0964
132.0964
132.0964
132.0964
132.0964
132.0964
132.0964
132.0964
132.1067
132.0964
132.0976
132.0964
132.0964
132.0964
132.0964
132.0964
132.1078
132.0964
132.0964
132.0964
132.1072
132.0964
132.0964
132.0964
132.0964
132.0964
132.1047
132.0964
132.0964
132.0964
132.0964
132.0964
132.0964
132.0964
132.0955
132.097
132.124
132.1848
132.253
132.2044
132.1731
132.164
132.2261
132.1852
132.2841
132.209
132.1957
132.1198
132.1944
132.2666
132.2783
132.2099
132.1906
132.3124
132.3911
132.4822
132.3897
132.4071
132.3642
132.4966
132.5174
132.4825
132.4222
132.5707
132.334
132.4892
132.4614
132.3441
132.1018
132.0232
131.7988
131.7625
131.7233
131.6646
131.6861
131.6646
131.6646
131.6646
131.689
131.6646
131.6693
131.6646
131.6725
131.6646
131.6646
131.6646
131.6646
131.6681
131.6646
131.6646
131.6646
131.6646
131.6698
131.6646
131.6646
131.6943
131.6646
131.6646
131.6646
131.6646
131.6887
131.6646
131.6646
131.6646
131.6646
131.6646
131.6858
131.6794
131.6646
131.6646
131.6646
131.6646
131.6646
131.6646
131.6646
131.6646
131.6646
131.6646
131.6646
131.6646
131.6723
131.6646
131.6646
131.6695
131.6646
131.6646
131.6646
131.6646
131.6716
131.6646
131.673
131.6646
131.6646
131.6646
131.6646
131.6646
131.6646
131.6635
131.7849
131.6808
131.6807
131.6967
131.6893
131.7037
131.7013
131.7158
131.8213
131.7719
131.8919
131.8389
131.9024
132.0695
131.8728
131.9195
131.9233
131.8427
131.7518
131.6966
131.773
131.7422
131.7725
131.8475
131.6554
131.4503
131.5286
131.5672
131.5572
131.5667
131.2809
131.2809
131.2809
131.2809
131.2931
131.2809
131.2809
131.2809
131.2995
131.2809
131.2809
131.2809
131.2809
131.2809
131.3229
131.2809
131.2809
131.2809
131.2809
131.2809
131.2809
131.2809
131.2809
131.2859
131.2809
131.2809
131.2809
131.2809
131.2869
131.2809
131.2874
131.2809
131.2809
131.2809
131.2983
131.2809
131.2809
131.2809
131.2809
131.2809
131.2809
131.2809
131.2809
131.2861
131.2809
131.2809
131.2782
131.2811
131.3101
131.3238
131.3626
131.4186
131.429
131.3942
131.4005
131.3418
131.4758
131.4235
131.5577
131.416
131.3893
131.342
131.3145
131.368
131.4049
131.3481
131.4003
131.39
131.3562
130.9258
130.8728
130.8934
130.8751
130.895
130.9132
130.8893
130.8776
130.8836
131.0827
131.0353
131.0397
130.9908
130.9161
131.0246
131.0271
131.1166
131.0748
131.0894
130.9057
130.7162
130.8504
130.7446
130.7702
130.6048
130.5189
130.5189
130.5189
130.5189
130.5189
130.5189
130.5189
130.5189
130.5189
130.5189
130.5189
130.5189
130.5177
130.5177
130.5153
130.5374
130.5343
130.5521
130.5117
130.5952
130.5777
130.4152
130.5823
130.4723
130.4218
130.4356
130.5294
130.3526
130.1446
129.9164
129.9048
129.9116
129.8701
129.8124
129.7308
129.7307
129.7304
129.7354
129.7449
129.7897
129.8234
129.8263
129.7734
129.7191
129.7091
129.7553
129.7739
129.6371
129.4996
129.4715
129.4715
129.4715
129.4715
129.4715
129.4715
129.4715
129.4715
129.4715
129.4715
129.4715
129.4715
129.4715
129.4715
129.4715
129.4715
129.4873
129.4715
129.468
129.4639
129.4946
129.4631
129.506
129.4448
129.4386
129.3771
129.3562
129.1912
129.0458
129.0828
129.0458
129.0458
129.0458
129.0458
129.0458
129.0458
129.0458
129.0458
129.0547
129.0724
129.0458
129.0458
129.0458
129.0653
129.0458
129.0458
129.0458
129.0458
129.0458
129.0458
129.0458
129.0813
129.0458
129.0458
129.0458
129.0458
129.0585
129.0458
129.0587
129.0458
129.0458
129.0458
129.0748
129.0607
129.0458
129.0458
129.0458
129.0458
129.0458
129.0458
129.0458
129.0458
129.0458
129.0716
129.0458
129.0458
129.0458
129.0458
129.0458
129.0458
129.0458
129.0458
129.0458
129.0458
129.0458
129.0458
129.0458
129.0458
129.0458
129.0458
129.0458
129.0458
129.0458
129.0458
129.0458
129.0458
129.0538
129.0458
129.0458
129.0458
129.052
129.0458
129.0559
129.0458
129.0458
129.0458
129.0458
129.0458
129.045
129.0421
129.0383
129.0542
129.0411
128.9779
128.9674
128.9637
128.9531
128.9548
128.9205
128.8638
128.8471
128.8251
128.7646
128.6858
128.6858
128.6858
128.6858
128.6925
128.6858
128.6858
128.6858
128.6858
128.6858
128.6858
128.6858
128.6858
128.6858
128.7007
128.6858
128.6858
128.6858
128.6858
128.692
128.6858
128.6858
128.6858
128.6858
128.6858
128.6982
128.6858
128.6858
128.6917
128.6858
128.6858
128.7031
128.6858
128.6858
128.6858
128.6858
128.6858
128.6858
128.6858
128.6858
128.6858
128.6858
128.6858
128.6858
128.6858
128.6858
128.6858
128.6858
128.6994
128.6952
128.6858
128.6858
128.6937
128.6942
128.6858
128.6858
128.6959
128.6858
128.6858
128.6858
128.6858
128.6858
128.6858
128.6858
128.6858
128.6858
128.6943
128.6858
128.7038
128.6858
128.6858
128.6858
128.6858
128.6858
128.6858
128.6858
128.6858
128.6858
128.6858
128.6886
128.6858
128.6958
128.6858
128.6858
128.6858
128.6858
128.6858
128.6858
128.6858
128.6858
128.6858
128.6858
128.6858
128.6927
128.6848
128.7068
128.7114
128.8307
128.8543
128.8719
128.8801
128.8145
128.7738
128.6033
128.6081
128.5973
128.638
128.6357
128.6047
128.6242
128.6291
128.5158
128.4487
128.4903
128.5694
128.4886
128.5709
128.4991
128.415
128.4745
128.4999
128.4228
128.4429
128.4859
128.5265
128.4988
128.4605
128.4379
128.5415
128.3981
128.3169
128.329
128.2247
128.1122
128.0923
128.0712
128.0513
127.9854
127.9195
127.9195
127.9841
128.0372
128.1852
127.9999
128.1344
128.0124
128.0561
128.0627
128.1805
128.0054
128.0222
127.9781
128.0843
128.009
127.9937
128.0138
127.985
127.9602
128.082
128.0891
128.0085
127.9958
127.9515
127.973
127.9851
128.011
127.9777
127.9902
127.9886
128
127.9323
127.9878
128.0359
127.7439
127.4755
127.4583
127.4573
127.4551
127.4521
127.447
127.447
127.447
127.447
127.4513
127.4692
127.447
127.447
127.447
127.447
127.447
127.447
127.447
127.447
127.447
127.447
127.4468
127.4465
127.4468
127.4771
127.558
127.6224
127.6688
127.6151
127.58
127.5843
127.5536
127.4183
127.4554
127.2491
127.1501
127.138
127.1434
127.138
127.138
127.138
127.138
127.138
127.138
127.138