308
514
717
917
1123
1327
1533
1739
1944
2148
2350
2555
2759
2965
3174
3379
3580
3786
3989
4200
4405
4611
4814
5016
5222
5429
5636
5842
6044
6246
6455
6658
6860
7067
7270
7476
7678
7885
8087
8293
8500
8703
8905
9108
9312
9520
9728
9934
10138
10344
10548
10753
10957
11165
11370
11581
11784
11988
12193
12402
12607
12811
13015
13219
13424
13627
13835
14039
14247
14454
14662
14865
15071
15277
15483
15687
15893
16096
16299
16504
16709
16914
17122
17325
17529
17732
17936
18142
18350
18557
18764
18970
19175
19377
19580
19784
19988
20194
20399
20608
20814
21018
21225
21426
21627
21835
22039
22247
22451
22656
22860
23064
23265
23469
23672
23874
24083
24291
24494
24697
24900
25104
25310
25516
25723
25926
26132
26336
26541
26745
26953
27159
27367
27571
27774
27979
28181
28384
28589
28793
28996
29202
29408
29611
29812
30013
30218
30420
30622
30829
31038
31244
31450
31651
31858
32062
32266
32474
32678
32881
33087
33293
33497
33702
33906
34114
34320
34521
34725
34935
35140
35348
35555
35758
35964
36169
36373
36576
36783
36985
37189
37393
37600
37806
38008
38216
38421
38627
38835
39043
39248
39451
39660
39862
40063
40266
40473
40682
40887
41091
41296
41499
41703
41910
42113
42318
42521
42723
42929
43137
43343
43546
43753
43955
44159
44364
44570
44779
44987
45193
45398
45604
45811
46018
46226
46429
46636
46840
47046
47253
47462
47667
47873
48076
48279
48485
48693
48903
49109
49315
49521
49730
49935
50138
50346
50556
50763
50973
51177
51382
51586
51792
51998
52203
52412
52616
52819
53024
53231
53436
53641
53846
54052
54258
54464
54670
54872
55076
55285
55490
55695
55902
56107
56309
56511
56722
56926
57130
57334
57536
57740
57947
58155
58359
58559
58763
58964
59168
59369
59573
59777
59984
60191
60398
60607
60813
61016
61218
61426
61634
61843
62049
62254
62455
62660
62865
63073
63281
63485
63686
63895
64100
64308
64514
64718
64925
65139
65344
65547
65756
65959
66164
66371
66572
66777
66982
67190
67399
67605
67813
68017
68220
68427
68634
68838
69040
69243
69447
69657
69858
70067
70270
70475
70682
70885
71091
71293
71497
71698
71905
72110
72314
72517
72720
72925
73139
73341
73546
73750
73957
74162
74365
74570
74777
74980
75184
75386
75591
75795
75998
76201
76404
76609
76813
77016
77220
77425
77632
77835
78039
78249
78454
78659
78865
79068
79272
79477
79682
79890
80097
80300
80507
80711
80920
81129
81337
81542
81747
81951
82155
82360
82565
82769
82972
83177
83383
83584
83793
84001
84205
84410
84614
84823
85028
85233
85442
85648
85851
86058
86262
86469
86675
86881
87084
87292
87495
87701
87906
88107
88312
88517
88722
88925
89132
89334
89537
89739
89945
90153
90362
90564
90770
90973
91177
91386
91596
91804
92013
92218
92426
92631
92836
93042
93245
93453
93656
93859
94063
94264
94468
94672
94880
95081
95282
95487
95690
95893
96100
96306
96508
96712
96915
97117
97321
97524
97728
97935
98139
98346
98550
98756
98960
99164
99371
99574
99780
99984
100191
100393
100601
100807
101010
101219
101425
101628
101830
102033
102235
102437
102642
102846
103052
103260
103465
103670
103875
104080
104285
104490
104694
104898
105102
105308
105511
105712
105919
106123
106331
106534
106738
106941
107148
107349
107554
107758
107961
108164
108368
108577
108779
108981
109188
109389
109596
109802
110009
110214
110417
110623
110832
111035
111237
111438
111640
111843
112046
112253
112461
112664
112873
113076
113281
113484
113686
113892
114098
114301
114507
114710
114915
115118
115320
115524
115726
115935
116136
116338
116541
116746
116951
117154
117361
117566
117770
117979
118182
118385
118590
118795
119003
119209
119422
119628
119832
120034
120238
120443
120652
120856
121056
121259
121464
121668
121870
122077
122282
122489
122696
122900
123108
123310
123510
123714
123916
124121
124332
124536
124744
124949
125156
125362
125567
125775
125985
126193
126397
126600
126804
127005
127213
127421
127629
127833
128042
128249
128454
128662
128868
129073
129276
129481
129689
129893
130098
130304
130508
130712
130915
131118
131325
131526
131729
131937
132141
132348
132554
132758
132962
133165
133370
133575
133779
133983
134186
134390
134599
134803
135012
135217
135421
135624
135829
136035
136240
136443
136648
136856
137061
137266
137469
137676
137881
138085
138289
138493
138697
138902
139103
139311
139513
139721
139924
140128
140335
140541
140748
140953
141155
141361
141568
141773
141975
142179
142385
142594
142797
143000
143207
143415
143619
143827
144035
144238
144444
144646
144849
145058
145266
145472
145677
145882
146086
146289
146493
146695
146898
147102
147311
147516
147723
147929
148136
148343
148548
148752
148956
149162
149365
149572
149777
149983
150189
150397
150605
150810
151014
151223
151427
151631
151833
152042
152249
152455
152660
152864
153067
153276
153479
153682
153887
154091
154292
154499
154703
154905
155108
155318
155521
155726
155932
156135
156343
156548
156753
156959
157163
157368
157574
157779
157986
158192
158395
158600
158807
159012
159217
159420
159624
159827
160030
160237
160442
160645
160847
161052
161261
161465
161669
161875
162077
162279
162484
162689
162901
163104
163308
163510
163715
163922
164128
164334
164534
164740
164943
165147
165354
165555
165759
165964
166168
166372
166579
166787
166993
167198
167402
167606
167811
168020
168222
168426
168630
168834
169042
169249
169456
169661
169868
170072
170277
170481
170688
170889
171097
171303
171509
171714
171919
172121
172326
172534
172743
172948
173155
173359
173564
173771
173975
174184
174388
174592
174794
175001
175205
175414
175619
175821
176022
176231
176434
176639
176843
177047
177255
177459
177664
177865
178068
178272
178481
178687
178891
179094
179296
179502
179707
179914
180119
180321
180524
180729
180936
181138
181345
181550
181755
181960
182168
182376
182579
182785
182990
183193
183396
183606
183811
184016
184226
184429
184637
184841
185045
185249
185451
185656
185859
186060
186266
186472
186676
186883
187085
187291
187497
187699
187904
188108
188317
188524
188736
188943
189147
189354
189556
189760
189964
190170
190376
190580
190789
190993
191198
191404
191609
191814
192019
192229
192431
192635
192843
193053
193261
193467
193672
193875
194084
194286
194489
194690
194896
195101
195303
195504
195707
195916
196120
196323
196528
196734
196937
197143
197351
197558
197763
197970
198174
198382
198585
198795
198999
199206
199414
199620
199827
200031
200233
200440
200646
200849
201055
201263
201466
201670
201872
202079
202290
202494
202697
202905
203108
203313
203520
203728
203934
204140
204347
204551
204755
204962
205167
205373
205577
205781
205986
206191
206399
206605
206810
207016
207218
207421
207627
207833
208042
208246
208449
208656
208862
209067
209272
209476
209683
209888
210089
210294
210500
210705
210912
211119
211326
211529
211732
211937
212146
212353
212558
212760
212967
213172
213374
213576
213778
213983
214187
214392
214595
214801
215005
215212
215419
215623
215829
216034
216239
216441
216647
216857
217062
217265
217467
217669
217876
218079
218284
218489
218693
218899
219105
219311
219519
219722
219930
220135
220344
220548
220753
220959
221166
221370
221573
221777
221982
222187
222391
222598
222802
223008
223211
223416
223623
223827
224029
224235
224440
224643
224845
225049
225253
225462
225665
225867
226073
226276
226482
226688
226891
227093
227295
227498
227707
227914
228121
228325
228527
228731
228939
229145
229349
229553
229761
229965
230168
230375
230580
230788
230992
231197
231403
231605
231813
232017
232224
232433
232641
232852
233058
233262
233469
233671
233877
234081
234286
234492
234696
234900
235101
235308
235512
235718
235926
236132
236337
236543
236747
236951
237151
237357
237565
237771
237975
238182
238388
238595
238801
239004
239206
239408
239614
239819
240021
240229
240433
240636
240842
241046
241251
241460
241661
241867
242073
242277
242483
242692
242901
243102
243304
243507
243710
243914
244119
244330
244532
244734
244940
245142
245348
245549
245753
245960
246165
246372
246577
246782
246984
247191
247397
247599
247807
248009
248215
248419
248627
248831
249039
249246
249454
249657
249866
250070
250273
250475
250677
250885
251093
251303
251507
251710
251915
252122
252326
252532
252738
252941
253146
253350
253556
253759
253961
254169
254374
254580
254784
254989
255195
255398
255600
255801
256005
256209
256413
256618
256824
257028
257231
257439
257643
257845
258049
258254
258457
258662
258865
259067
259271
259476
259684
259893
260099
260303
260508
260710
260913
261117
261320
261525
261726
261932
262138
262344
262546
262754
262961
263167
263371
263575
263781
263984
264185
264393
264599
264806
265010
265212
265416
265621
265825
266030
266236
266439
266643
266849
267052
267258
267464
267668
267871
268078
268281
268484
268689
268893
269095
269300
269505
269710
269912
270117
270325
270531
270738
270944
271152
271358
271561
271765
271971
272181
272385
272591
272794
272999
273206
273410
273613
273817
274026
274232
274441
274646
274851
275056
275261
275466
275672
275876
276081
276286
276491
276697
276901
277105
277310
277513
277719
277922
278125
278330
278539
278746
278952
279158
279360
279564
279766
279968
280171
280375
280578
280784
280992
281198
281403
281608
281813
282019
282225
282429
282636
282845
283048
283255
283457
283660
283869
284074
284280
284485
284692
284898
285101
285308
285514
285721
285928
286133
286337
286537
286744
286949
287155
287356
287562
287763
287966
288173
288377
288583
288789
288991
289196
289404
289608
289814
290019
290223
290430
290632
290835
291040
291244
291450
291655
291861
292064
292268
292470
292676
292880
293086
293292
293498
293704
293905
294108
294312
294520
294726
294935
295144
295346
295553
295759
295963
296169
296371
296575
296778
296982
297192
297396
297603
297806
298013
298217
298420
298628
298829
299030
299235
299440
299644
299846
300048
300254
300460
300665
300871
301076
301277
301485
301691
301897
302103
302309
302516
302722
302928
303133
303336
303541
303744
303949
304156
304365
304569
304775
304978
305187
305391
305596
305803
306012
306214
306423
306629
306835
307040
307249
307453
307661
307862
308069
308272
308477
308680
308883
309086
309293
309498
309702
309908
310113
310319
310524
310730
310934
311144
311350
311555
311759
311963
312173
312378
312579
312782
312983
313185
313389
313590
313794
313999
314201
314403
314609
314814
315018
315219
315424
315627
315836
316042
316243
316447
316651
316857
317064
317270
317477
317684
317892
318097
318300
318505
318711
318912
319114
319321
319523
319729
319936
320138
320345
320548
320750
320954
321156
321359
321562
321766
321968
322175
322383
322588
322792
322996
323199
323403
323612
323816
324023
324229
324437
324642
324846
325050
325254
325460
325666
325869
326073
326277
326478
326683
326889
327092
327296
327499
327705
327908
328113
328316
328525
328732
328938
329140
329344
329552
329757
329961
330166
330369
330574
330783
330986
331192
331400
331603
331810
332015
332222
332432
332635
332838
333046
333250
333452
333658
333866
334073
334273
334480
334686
334888
335091
335297
335498
335703
335911
336116
336327
336533
336740
336944
337151
337356
337558
337760
337967
338172
338378
338580
338786
338989
339195
339398
339605
339814
340016
340219
340420
340625
340830
341036
341245
341447
341652
341857
342066
342272
342477
342685
342891
343100
343304
343511
343717
343923
344130
344336
344538
344740
344943
345145
345351
345554
345757
345962
346169
346375
346583
346785
346993
347201
347405
347613
347818
348023
348226
348428
348633
348835
349039
349243
349450
349654
349857
350066
350270
350474
350680
350882
351083
351291
351498
351700
351901
352111
352318
352523
352725
352932
353136
353338
353545
353748
353952
354155
354362
354569
354769
354969
355174
355380
355584
355788
355995
356200
356404
356608
356816
357026
357235
357443
357649
357853
358055
358258
358466
358672
358878
359082
359287
359490
359698
359903
360111
360316
360522
360729
360930
361135
361342
361546
361750
361956
362159
362366
362568
362777
362985
363189
363396
363602
363809
364015
364221
364429
364635
364840
365047
365255
365458
365664
365866
366073
366276
366482
366688
366891
367097
367303
367509
367714
367918
368124
368328
368534
368737
368943
369145
369349
369551
369759
369964
370165
370373
370576
370779
370981
371184
371390
371596
371801
372001
372205
372409
372611
372817
373026
373229
373431
373636
373840
374043
374245
374447
374651
374855
375064
375266
375472
375678
375883
376087
376295
376503
376705
376909
377113
377315
377519
377724
377930
378133
378339
378544
378749
378955
379159
379362
379564
379769
379976
380182
380385
380591
380795
380998
381206
381411
381620
381825
382032
382239
382450
382654
382865
383069
383271
383478
383683
383887
384092
384296
384501
384709
384912
385118
385326
385532
385734
385938
386144
386355
386558
386765
386971
387173
387378
387583
387786
387990
388202
388408
388613
388822
389025
389227
389433
389639
389842
390050
390253
390457
390665
390874
391079
391284
391491
391695
391899
392105
392312
392521
392726
392928
393132
393341
393544
393751
393952
394160
394368
394577
394780
394986
395190
395391
395597
395807
396009
396211
396421
396627
396832
397038
397247
397455
397664
397867
398075
398282
398486
398689
398897
399100
399306
399509
399714
399921
400128
400335
400544
400753
400956
401159
401364
401570
401772
401977
402183
402390
402595
402800
403002
403207
403412
403613
403820
404025
404229
404436
404639
404846
405049
405253
405461
405667
405872
406079
406282
406486
406698
406902
407106
407311
407516
407720
407928
408135
408341
408545
408747
408953
409157
409359
409565
409771
409974
410182
410387
410594
410796
411000
411204
411407
411615
411817
412020
412225
412429
412632
412836
413042
413247
413454
413660
413865
414070
414278
414488
414691
414896
415102
415304
415507
415712
415919
416123
416329
416532
416742
416946
417152
417359
417564
417766
417973
418177
418385
418591
418794
418997
419199
419402
419610
419814
420017
420222
420432
420635
420835
421040
421247
421450
421659
421861
422064
422269
422472
422676
422878
423082
423284
423490
423695
423902
424105
424316
424521
424725
424929
425134
425337
425542
425747
425953
426160
426365
426570
426774
426975
427177
427382
427591
427792
427995
428197
428402
428607
428813
429019
429224
429426
429636
429843
430054
430254
430457
430664
430867
431071
431277
431479
431684
431888
432096
432300
432506
432708
432915
433124
433326
433528
433731
433936
434139
434344
434551
434753
434958
435165
435366
435571
435772
435982
436186
436395
436600
436804
437008
437215
437418
437623
437825
438027
438234
438439
438644
438849
439051
439255
439460
439665
439869
440076
440277
440483
440691
440895
441097
441301
441504
441711
441918
442128
442336
442540
442746
442952
443156
443358
443564
443770
443978
444187
444394
444599
444802
445007
445213
445417
445622
445824
446033
446240
446441
446645
446852
447055
447259
447469
447675
447883
448085
448294
448498
448706
448913
449118
449320
449528
449735
449941
450143
450346
450553
450754
450956
451162
451364
451567
451772
451979
452188
452395
452599
452806
453011
453215
453420
453623
453831
454034
454242
454446
454650
454858
455059
455264
455471
455675
455877
456086
456289
456499
456703
456913
457119
457326
457531
457735
457938
458142
458346
458549
458752
458959
459162
459367
459572
459779
459984
460186
460390
460596
460799
461006
461211
461414
461616
461819
462026
462230
462434
462639
462843
463049
463256
463462
463670
463872
464077
464283
464485
464686
464890
465095
465301
465503
465708
465912
466115
466318
466525
466729
466937
467143
467349
467555
467761
467963
468166
468371
468574
468776
468982
469187
469390
469595
469799
470004
470208
470410
470618
470819
471025
471229
471435
471642
471847
472051
472257
472463
472669
472873
473079
473281
473486
473689
473893
474097
474301
474506
474714
474920
475123
475327
475532
475736
475940
476146
476350
476555
476762
476966
477172
477381
477584
477795
478002
478207
478410
478616
478820
479022
479228
479437
479644
479853
480057
480262
480466
480669
480871
481073
481281
481487
481692
481897
482104
482311
482513
482717
482923
483133
483339
483542
483750
483957
484159
484362
484566
484770
484978
485181
485387
485592
485803
486009
486214
486418
486621
486828
487037
487239
487443
487649
487857
488061
488264
488468
488673
488876
489081
489286
489494
489700
489901
490108
490312
490515
490725
490928
491133
491344
491549
491754
491958
492163
492373
492577
492781
492983
493189
493396
493605
493812
494019
494224
494429
494636
494840
495046
495255
495463
495669
495873
496079
496283
496490
496698
496899
497102
497313
497517
497723
497925
498127
498328
498533
498744
498947
499155
499360
499563
499768
499971
500178
500386
500590
500793
501002
501204
501407
501612
501819
502024
502228
502435
502645
502848
503053
503263
503465
503670
503874
504079
504284
504488
504696
504898
505103
505310
505517
505723
505931
506134
506342
506548
506751
506957
507160
507369
507571
507777
507978
508184
508388
508596
508800
509004
509211
509419
509628
509835
510040
510244
510447
510656
510863
511067
511275
511478
511681
511885
512093
512295
512502
512709
512912
513116
513321
513525
513730
513935
514141
514348
514552
514754
514958
515164
515368
515570
515774
515982
516186
516392
516598
516809
517013
517215
517420
517623
517832
518036
518240
518442
518645
518851
519058
519263
519467
519672
519876
520085
520290
520493
520699
520905
521112
521317
521523
521725
521928
522137
522344
522550
522753
522962
523168
523374
523578
523782
523988
524193
524401
524602
524806
525007
525210
525412
525621
525828
526034
526237
526440
526644
526853
527057
527263
527468
527675
527878
528084
528290
528497
528702
528907
529111
529316
529521
529723
529929
530132
530336
530540
530743
530953
531162
531367
531572
531778
531982
532186
532396
532600
532804
533005
533207
533409
533611
533817
534022
534225
534427
534630
534832
535036
535238
535441
535646
535851
536054
536258
536460
536664
536870
537074
537277
537482
537687
537892
538093
538299
538504
538708
538913
539121
539325
539528
539735
539941
540144
540346
540550
540759
540961
541165
541370
541577
541782
541989
542196
542404
542608
542815
543017
543218
543421
543630
543837
544045
544249
544454
544659
544865
545068
545272
545476
545684
545888
546092
546300
546505
546710
546914
547117
547322
547529
547738
547947
548148
548358
548560
548764
548976
549181
549384
549587
549791
549997
550197
550400
550602
550806
551008
551216
551421
551626
551831
552035
552243
552445
552648
552854
553061
553267
553471
553676
553883
554087
554292
554496
554703
554907
555111
555318
555520
555725
555926
556127
556330
556533
556742
556944
557145
557351
557557
557763
557970
558179
558387
558592
558796
559002
559206
559410
559617
559825
560029
560240
560447
560650
560852
561059
561264
561469
561670
561878
562083
562292
562495
562698
562902
563113
563320
563525
563728
563932
564136
564342
564549
564756
564956
565161
565363
565567
565771
565975
566179
566386
566591
566799
567003
567210
567411
567616
567820
568026
568232
568435
568639
568845
569049
569255
569460
569663
569870
570073
570278
570481
570683
570889
571097
571305
571507
571709
571915
572118
572325
572532
572736
572940
573148
573354
573564
573768
573972
574177
574381
574586
574791
574995
575200
575408
575611
575815
576019
576227
576430
576637
576847
577054
577260
577463
577665
577870
578075
578277
578482
578688
578890
579097
579298
579502
579707
579910
580115
580318
580518
580723
580928
581135
581342
581546
581751
581955
582159
582363
582569
582774
582981
583187
583398
583601
583806
584007
584210
584412
584619
584826
585034
585237
585442
585645
585848
586058
586260
586465
586668
586871
587073
587277
587482
587687
587896
588100
588306
588512
588717
588922
589125
589331
589535
589743
589946
590153
590360
590565
590768
590973
591179
591387
591591
591795
591998
592201
592407
592614
592823
593025
593231
593434
593637
593845
594052
594256
594459
594666
594875
595081
595288
595491
595696
595903
596111
596320
596522
596726
596930
597133
597337
597537
597740
597944
598151
598357
598562
598768
598972
599175
599378
599587
599791
599997
600203
600409
600612
600815
601020
601228
601438
601646
601855
602059
602263
602468
602670
602875
603080
603283
603486
603694
603900
604104
604311
604516
604719
604926
605132
605336
605542
605744
605952
606156
606361
606562
606772
606975
607181
607387
607590
607794
608000
608208
608412
608616
608820
609026
609234
609438
609640
609844
610052
610257
610461
610670
610874
611078
611283
611488
611695
611897
612103
612307
612510
612715
612918
613123
613327
613531
613737
613943
614148
614352
614555
614765
614968
615172
615376
615585
615788
615993
616198
616403
616607
616812
617018
617224
617428
617633
617839
618043
618249
618454
618658
618866
619072
619277
619479
619681
619885
620089
620295
620498
620699
620902
621105
621310
621515
621724
621927
622131
622336
622544
622748
622950
623157
623359
623563
623770
623974
624180
624385
624592
624794
624997
625199
625403
625608
625817
626023
626230
626436
626641
626848
627054
627263
627467
627672
627880
628084
628287
628487
628694
628905
629116
629321
629525
629728
629934
630136
630346
630548
630754
630960
631167
631371
631578
631784
631992
632197
632402
632608
632813
633020
633222
633429
633636
633840
634045
634247
634447
634653
634859
635062
635264
635469
635672
635876
636082
636285
636487
636692
636896
637105
637308
637515
637720
637923
638132
638337
638541
638750
638956
639163
639365
639572
639777
639981
640186
640389
640595
640801
641004
641211
641415
641620
641828
642032
642234
642442
642650
642853
643059
643262
643471
643676
643880
644084
644287
644490
644696
644902
645106
645311
645513
645717
645923
646126
646330
646533
646737
646942
647150
647353
647556
647763
647968
648176
648383
648591
648795
649000
649205
649406
649608
649812
650016
650217
650422
650626
650829
651033
651245
651454
651659
651864
652068
652274
652477
652682
652890
653091
653298
653501
653702
653905
654112
654313
654518
654722
654929
655140
655346
655552
655755
655959
656163
656366
656576
656779
656985
657191
657396
657598
657801
658005
658209
658413
658619
658821
659026
659230
659435
659639
659844
660052
660257
660461
660663
660868
661076
661283
661487
661693
661898
662101
662306
662515
662723
662926
663131
663339
663542
663746
663954
664158
664361
664563
664772
664977
665183
665391
665592
665797
666005
666210
666416
666619
666821
667026
667232
667440
667642
667847
668051
668258
668461
668667
668874
669080
669285
669492
669697
669904
670107
670310
670516
670719
670921
671127
671333
671537
671742
671949
672151
672357
672559
672763
672968
673177
673384
673587
673793
673996
674202
674406
674610
674815
675019
675226
675432
675642
675848
676054
676254
676457
676665
676867
677072
677277
677481
677693
677894
678101
678306
678510
678717
678925
679132
679336
679538
679746
679952
680155
680361
680567
680770
680977
681183
681386
681591
681795
681999
682211
682417
682626
682827
683032
683239
683449
683656
683863
684066
684272
684476
684680
684887
685092
685295
685500
685710
685917
686121
686324
686529
686736
686940
687143
687348
687554
687761
687964
688171
688378
688584
688789
688994
689199
689405
689607
689811
690016
690217
690423
690627
690834
691038
691245
691450
691654
691858
692062
692266
692473
692679
692887
693091
693294
693500
693704
693910
694114
694320
694524
694725
694929
695134
695340
695544
695751
695952
696156
696360
696563
696770
696972
697179
697387
697592
697795
698001
698207
698412
698618
698820
699026
699233
699437
699640
699844
700053
700257
700466
700671
700873
701079
701284
701490
701694
701899
702108
702313
702520
702724
702930
703135
703338
703543
703749
703955
704162
704372
704578
704782
704986
705192
705394
705600
705802
706007
706211
706418
706624
706827
707032
707234
707437
707644
707847
708051
708258
708463
708667
708872
709077
709278
709480
709688
709894
710101
710306
710513
710717
710921
711128
711331
711535
711741
711945
712154
712357
712562
712765
712971
713174
713378
713584
713792
713997
714200
714405
714610
714812
715019
715222
715425
715633
715838
716045
716249
716451
716659
716862
717069
717278
717482
717688
717893
718097
718307
718512
718721
718928
719135
719338
719542
719747
719951
720157
720362
720567
720772
720976
721181
721388
721590
721796
721997
722203
722408
722611
722813
723015
723218
723422
723626
723831
724038
724243
724449
724657
724860
725061
725263
725473
725682
725889
726095
726299
726502
726709
726913
727116
727322
727531
727739
727944
728149
728351
728555
728762
728968
729170
729376
729583
729787
729992
730198
730401
730606
730809
731015
731223
731429
731638
731843
732046
732254
732458
732664
732868
733072
733281
733482
733689
733894
734099
734305
734507
734713
734916
735117
735320
735523
735726
735932
736142
736348
736555
736758
736960
737168
737370
737581
737784
737990
738194
738397
738610
738814
739020
739232
739438
739642
739851
740056
740263
740470
740676
740878
741085
741292
741496
741704
741908
742113
742316
742523
742728
742933
743137
743346
743548
743754
743955
744160
744368
744573
744778
744988
745193
745398
745604
745810
746015
746219
746422
746628
746835
747042
747245
747452
747657
747866
748071
748272
748476
748683
748887
749093
749296
749497
749698
749901
750110
750314
750517
750720
750926
751132
751335
751540
751743
751949
752152
752359
752563
752768
752974
753179
753384
753587
753793
753999
754202
754408
754610
754812
755017
755222
755431
755635
755838
756045
756249
756453
756662
756865
757066
757270
757476
757682
757885
758086
758290
758496
758702
758908
759111
759315
759518
759724
759926
760129
760331
760540
760745
760951
761157
761362
761573
761776
761981
762186
762392
762597
762798
763004
763207
763410
763613
763816
764018
764223
764427
764629
764832
765038
765244
765450
765659
765863
766071
766277
766482
766688
766892
767098
767302
767506
767708
767911
768115
768320
768527
768732
768934
769137
769345
769549
769758
769964
770167
770371
770582
770784
770992
771194
771399
771604
771810
772013
772220
772423
772629
772832
773037
773239
773446
773650
773853
774059
774263
774465
774674
774875
775076
775278
775480
775686
775890
776094
776301
776506
776712
776917
777124
777328
777535
777742
777951
778156
778360
778565
778773
778979
779184
779387
779589
779796
780002
780206
780412
780619
780827
781031
781237
781444
781649
781851
782059
782262
782465
782673
782878
783081
783281
783488
783695
783898
784103
784312
784521
784723
784929
785131
785337
785545
785753
785955
786158
786366
786574
786778
786980
787185
787390
787592
787797
788002
788210
788416
788622
788825
789028
789230
789434
789639
789845
790054
790257
790463
790669
790874
791080
791281
791483
791688
791897
792106
792312
792517
792724
792931
793138
793345
793553
793762
793967
794171
794377
794584
794790
794998
795201
795405
795612
795818
796020
796226
796434
796639
796848
797053
797256
797461
797665
797874
798083
798288
798493
798701
798906
799112
799315
799517
799721
799923
800129
800334
800537
800744
800951
801160
801368
801571
801774
801979
802186
802389
802595
802796
803002
803203
803406
803610
803811
804014
804216
804419
804622
804827
805029
805234
805443
805649
805854
806062
806269
806475
806679
806883
807089
807296
807500
807709
807910
808117
808324
808531
808738
808939
809144
809347
809556
809763
809966
810167
810373
810579
810784
810989
811197
811400
811603
811806
812011
812214
812418
812626
812832
813038
813243
813446
813650
813854
814062
814265
814469
814675
814879
815085
815289
815493
815697
815902
816108
816309
816513
816721
816924
817128
817334
817543
817748
817953
818160
818366
818573
818776
818981
819186
819392
819595
819803
820008
820213
820416
820618
820825
821029
821232
821436
821637
821843
822052
822260
822467
822668
822873
823076
823279
823485
823692
823897
824103
824311
824515
824726
824932
825135
825340
825542
825745
825951
826155
826356
826560
826762
826967
827174
827379
827586
827792
827998
828201
828407
828616
828820
829024
829229
829432
829637
829839
830046
830250
830455
830660
830866
831068
831274
831482
831686
831888
832091
832295
832496
832703
832909
833110
833313
833515
833722
833928
834134
834336
834544
834747
834952
835157
835362
835565
835772
835977
836183
836386
836592
836797
836999
837204
837412
837614
837818
838022
838225
838432
838637
838839
839041
839245
839452
839656
839860
840064
840271
840472
840679
840885
841090
841296
841500
841703
841908
842115
842320
842523
842727
842930
843133
843339
843543
843748
843956
844159
844361
844563
844769
844976
845180
845388
845593
845799
846002
846204
846405
846608
846814
847023
847228
847431
847633
847835
848040
848243
848447
848653
848855
849062
849267
849475
849678
849882
850088
850289
850493
850696
850902
851105
851309
851512
851717
851925
852132
852339
852547
852754
852956
853161
853363
853568
853772
853977
854182
854386
854593
854798
855002
855204
855412
855619
855823
856029
856233
856437
856643
856846
857051
857254
857462
857666
857872
858075
858280
858486
858689
858896
859101
859307
859514
859720
859926
860132
860338
860540
860743
860944
861148
861353
861556
861759
861962
862165
862374
862582
862785
862989
863191
863394
863598
863803
864007
864210
864412
864614
864819
865024
865230
865433
865639
865843
866050
866255
866460
866665
866875
867080
867287
867492
867695
867902
868104
868311
868515
868721
868924
869131
869334
869539
869746
869952
870157
870360
870567
870770
870972
871175
871379
871583
871784
871989
872194
872394
872602
872807
873015
873217
873421
873627
873831
874033
874235
874438
874642
874846
875049
875258
875465
875669
875874
876078
876282
876484
876689
876897
877104
877309
877516
877721
877925
878132
878337
878541
878745
878949
879153
879359
879565
879768
879972
880177
880384
880589
880790
880993
881200
881408
881612
881822
882028
882232
882435
882638
882843
883045
883247
883452
883654
883857
884063
884270
884475
884678
884886
885093
885296
885500
885707
885911
886114
886321
886531
886736
886938
887143
887351
887553
887759
887963
888167
888370
888575
888784
888990
889192
889395
889599
889804
890011
890214
890418
890622
890828
891037
891244
891448
891653
891858
892062
892264
892471
892675
892880
893083
893284
893487
893693
893897
894103
894309
894512
894714
894921
895127
895334
895539
895742
895946
896153
896360
896563
896766
896971
897176
897383
897588
897793
898001
898205
898411
898614
898818
899021
899225
899429
899632
899836
900039
900242
900444
900649
900852
901053
901259
901465
901667
901871
902077
902281
902486
902690
902898
903100
903306
903511
903714
903917
904120
904325
904534
904737
904941
905146
905352
905554
905756
905962
906166
906374
906580
906785
906989
907199
907406
907609
907814
908020
908223
908426
908634
908841
909048
909252
909454
909658
909867
910071
910273
910477
910682
910884
911089
911294
911498
911701
911903
912107
912309
912514
912719
912927
913130
913335
913542
913749
913951
914158
914365
914575
914778
914983
915189
915392
915595
915802
916006
916211
916419
916625
916827
917033
917237
917440
917645
917847
918053
918259
918466
918669
918873
919080
919287
919491
919693
919896
920104
920309
920513
920718
920920
921129
921333
921536
921741
921949
922156
922364
922572
922775
922982
923188
923392
923600
923803
924007
924214
924418
924621
924823
925026
925228
925433
925638
925840
926047
926252
926456
926660
926865
927067
927276
927481
927686
927894
928098
928305
928510
928714
928922
929127
929333
929536
929741
929946
930152
930360
930564
930769
930975
931179
931383
931587
931793
931997
932205
932409
932614
932819
933023
933225
933431
933638
933840
934044
934250
934457
934663
934869
935077
935287
935492
935696
935901
936106
936312
936520
936726
936930
937134
937335
937539
937745
937948
938157
938359
938564
938766
938969
939173
939376
939580
939790
939997
940203
940408
940610
940815
941019
941224
941431
941636
941837
942044
942246
942451
942652
942858
943065
943270
943477
943683
943892
944098
944305
944511
944714
944918
945121
945326
945530
945734
945938
946142
946350
946556
946759
946964
947168
947372
947577
947782
947991
948195
948402
948608
948813
949019
949228
949431
949634
949837
950040
950244
950450
950655
950859
951063
951268
951470
951672
951873
952081
952284
952488
952690
952895
953100
953304
953508
953714
953923
954127
954328
954530
954736
954942
955147
955351
955555
955762
955964
956170
956377
956582
956788
956990
957194
957397
957602
957805
958012
958217
958421
958625
958829
959034
959240
959445
959649
959849
960053
960259
960461
960664
960870
961075
961276
961481
961688
961890
962092
962300
962502
962707
962908
963115
963318
963521
963725
963928
964134
964338
964545
964750
964951
965157
965365
965571
965774
965982
966185
966393
966601
966805
967011
967215
967420
967628
967834
968039
968245
968449
968654
968858
969061
969263
969469
969673
969876
970084
970289
970491
970700
970906
971111
971318
971528
971732
971935
972139
972343
972546
972750
972956
973159
973364
973570
973776
973979
974185
974389
974596
974799
975004
975206
975409
975614
975822
976027
976233
976441
976644
976848
977054
977257
977465
977668
977874
978080
978283
978488
978692
978896
979099
979302
979507
979714
979918
980124
980330
980534
980740
980945
981151
981353
981560
981766
981972
982174
982376
982580
982780
982986
983192
983396
983604
983810
984018
984224
984427
984630
984834
985037
985244
985445
985650
985854
986060
986266
986472
986674
986880
987082
987287
987491
987698
987901
988105
988313
988520
988727
988937
989141
989348
989559
989763
989968
990171
990376
990582
990786
990991
991194
991398
991600
991810
992016
992224
992429
992632
992834
993038
993242
993447
993650
993859
994066
994270
994478
994683
994893
995098
995304
995511
995715
995924
996128
996336
996540
996749
996954
997159
997367
997571
997775
997981
998188
998394
998601
998807
999013
999219
999425
999631
999835
1000037
1000241
1000445
1000655
1000858
1001064
1001268
1001473
1001677
1001881
1002084
1002286
1002490
1002695
1002896
1003099
1003305
1003509
1003715
1003916
1004120
1004323
1004531
1004735
1004937
1005141
1005352
1005555
1005757
1005961
1006163
1006372
1006577
1006780
1006984
1007190
1007393
1007597
1007804
1008007
1008215
1008423
1008629
1008833
1009037
1009246
1009452
1009661
1009867
1010071
1010274
1010481
1010684
1010888
1011097
1011301
1011507
1011711
1011913
1012118
1012321
1012523
1012728
1012933
1013137
1013341
1013547
1013749
1013956
1014163
1014369
1014572
1014776
1014979
1015181
1015386
1015591
1015793
1015997
1016200
1016407
1016611
1016816
1017017
1017221
1017426
1017631
1017836
1018043
1018250
1018457
1018660
1018862
1019069
1019274
1019476
1019679
1019881
1020088
1020294
1020499
1020704
1020907
1021110
1021314
1021521
1021724
1021931
1022135
1022339
1022542
1022748
1022955
1023158
1023365
1023568
1023776
1023982
1024186
1024393
1024601
1024806
1025014
1025220
1025428
1025634
1025840
1026048
1026252
1026455
1026663
1026869
1027073
1027277
1027481
1027686
1027889
1028098
1028302
1028510
1028712
1028917
1029124
1029327
1029530
1029736
1029942
1030144
1030353
1030559
1030762
1030967
1031171
1031376
1031583
1031786
1031995
1032199
1032404
1032606
1032810
1033017
1033224
1033430
1033641
1033843
1034045
1034247
1034452
1034657
1034865
1035068
1035273
1035480
1035686
1035890
1036094
1036301
1036507
1036713
1036920
1037126
1037334
1037539
1037747
1037950
1038157
1038364
1038571
1038775
1038980
1039186
1039393
1039599
1039808
1040013
1040222
1040425
1040628
1040831
1041036
1041244
1041450
1041651
1041857
1042059
1042260
1042466
1042670
1042876
1043078
1043283
1043484
1043691
1043895
1044098
1044306
1044509
1044716
1044919
1045126
1045332
1045536
1045739
1045946
1046154
1046360
1046565
1046770
1046974
1047179
1047384
1047591
1047799
1048003
1048213
1048421
1048624
1048829
1049033
1049240
1049446
1049656
1049859
1050062
1050271
1050475
1050679
1050883
1051090
1051294
1051498
1051706
1051912
1052116
1052324
1052529
1052735
1052937
1053141
1053345
1053553
1053757
1053964
1054170
1054374
1054578
1054783
1054987
1055190
1055397
1055603
1055805
1056009
1056215
1056417
1056623
1056827
1057029
1057230
1057436
1057642
1057850
1058058
1058261
1058464
1058669
1058873
1059075
1059278
1059483
1059690
1059894
1060102
1060310
1060518
1060726
1060931
1061141
1061349
1061554
1061757
1061962
1062163
1062368
1062573
1062777
1062986
1063193
1063403
1063608
1063810
1064014
1064218
1064418
1064622
1064825
1065032
1065237
1065440
1065647
1065854
1066057
1066261
1066462
1066666
1066874
1067076
1067281
1067485
1067694
1067898
1068105
1068314
1068518
1068725
1068931
1069140
1069346
1069549
1069755
1069961
1070165
1070366
1070571
1070774
1070981
1071184
1071391
1071597
1071802
1072005
1072207
1072413
1072619
1072823
1073028
1073234
1073446
1073650
1073851
1074054
1074261
1074467
1074677
1074880
1075087
1075295
1075500
1075702
1075906
1076116
1076320
1076523
1076730
1076933
1077139
1077341
1077545
1077752
1077955
1078161
1078367
1078569
1078773
1078979
1079180
1079385
1079590
1079797
1080004
1080208
1080412
1080614
1080818
1081020
1081227
1081436
1081641
1081844
1082050
1082255
1082458
1082671
1082877
1083084
1083289
1083492
1083700
1083905
1084107
1084316
1084521
1084728
1084936
1085141
1085347
1085554
1085760
1085965
1086169
1086374
1086583
1086789
1086995
1087197
1087398
1087607
1087810
1088012
1088215
1088419
1088625
1088834
1089041
1089244
1089454
1089657
1089860
1090066
1090270
1090476
1090679
1090886
1091091
1091294
1091501
1091704
1091910
1092118
1092320
1092522
1092725
1092928
1093134
1093340
1093544
1093749
1093956
1094161
1094367
1094578
1094783
1094988
1095191
1095399
1095605
1095808
1096013
1096221
1096422
1096623
1096827
1097031
1097238
1097441
1097642
1097847
1098050
1098256
1098464
1098669
1098873
1099077
1099282
1099487
1099696
1099897
1100104
1100309
1100515
1100728
1100932
1101135
1101338
1101542
1101747
1101953
1102157
1102362
1102566
1102772
1102976
1103178
1103381
1103583
1103787
1103991
1104194
1104400
1104607
1104812
1105020
1105228
1105431
1105633
1105834
1106038
1106242
1106447
1106649
1106858
1107062
1107271
1107476
1107683
1107887
1108091
1108299
1108502
1108706
1108914
1109121
1109330
1109535
1109742
1109951
1110157
1110363
1110564
1110769
1110973
1111177
1111382
1111582
1111786
1111988
1112194
1112400
1112604
1112808
1113012
1113217
1113421
1113626
1113831
1114038
1114241
1114445
1114652
1114856
1115060
1115270
1115477
1115680
1115887
1116092
1116298
1116502
1116706
1116913
1117116
1117323
1117530
1117735
1117937
1118140
1118346
1118549
1118751
1118953
1119158
1119361
1119564
1119766
1119973
1120174
1120381
1120588
1120794
1120997
1121201
1121403
1121609
1121815
1122016
1122222
1122428
1122633
1122840
1123047
1123253
1123457
1123661
1123865
1124067
1124267
1124474
1124675
1124878
1125083
1125288
1125492
1125696
1125900
1126104
1126308
1126514
1126720
1126925
1127129
1127335
1127545
1127752
1127959
1128160
1128364
1128570
1128780
1128993
1129197
1129401
1129609
1129813
1130019
1130225
1130427
1130633
1130843
1131049
1131254
1131457
1131660
1131867
1132070
1132277
1132479
1132684
1132895
1133100
1133303
1133511
1133722
1133929
1134135
1134340
1134544
1134749
1134955
1135159
1135370
1135571
1135776
1135978
1136185
1136389
1136589
1136797
1137003
1137207
1137413
1137615
1137824
1138027
1138232
1138434
1138638
1138844
1139050
1139259
1139462
1139665
1139868
1140072
1140275
1140477
1140684
1140887
1141089
1141291
1141497
1141703
1141909
1142114
1142321
1142523
1142728
1142934
1143137
1143341
1143550
1143757
1143963
1144168
1144370
1144572
1144779
1144984
1145193
1145399
1145606
1145813
1146016
1146217
1146418
1146621
1146825
1147031
1147237
1147441
1147647
1147851
1148058
1148263
1148468
1148672
1148881
1149088
1149293
1149499
1149702
1149910
1150115
1150317
1150519
1150724
1150928
1151133
1151339
1151545
1151751
1151954
1152166
1152367
1152573
1152777
1152985
1153191
1153394
1153597
1153799
1154005
1154214
1154417
1154624
1154829
1155035
1155238
1155445
1155650
1155856
1156064
1156268
1156471
1156676
1156887
1157093
1157297
1157500
1157708
1157914
1158123
1158327
1158535
1158740
1158945
1159151
1159359
1159568
1159773
1159976
1160182
1160390
1160592
1160793
1160997
1161209
1161415
1161625
1161829
1162033
1162239
1162444
1162648
1162852
1163058
1163268
1163477
1163683
1163889
1164098
1164305
1164512
1164718
1164921
1165124
1165332
1165536
1165740
1165943
1166147
1166354
1166556
1166758
1166964
1167168
1167371
1167579
1167783
1167987
1168191
1168399
1168606
1168808
1169014
1169220
1169426
1169628
1169834
1170036
1170242
1170446
1170651
1170856
1171063
1171268
1171471
1171675
1171881
1172089
1172294
1172499
1172702
1172906
1173108
1173312
1173516
1173721
1173923
1174132
1174340
1174547
1174754
1174959
1175161
1175361
1175569
1175775
1175978
1176182
1176391
1176596
1176800
1177005
1177208
1177412
1177616
1177818
1178024
1178234
1178439
1178643
1178847
1179055
1179258
1179464
1179670
1179873
1180080
1180284
1180487
1180694
1180900
1181105
1181313
1181515
1181718
1181926
1182133
1182336
1182543
1182747
1182953
1183158
1183362
1183564
1183767
1183971
1184176
1184381
1184587
1184792
1184997
1185199
1185401
1185610
1185813
1186019
1186223
1186430
1186634
1186836
1187039
1187244
1187450
1187654
1187860
1188064
1188273
1188476
1188682
1188886
1189090
1189293
1189500
1189705
1189913
1190119
1190322
1190529
1190732
1190933
1191145
1191351
1191556
1191759
1191961
1192168
1192375
1192584
1192788
1192995
1193200
1193407
1193611
1193816
1194020
1194227
1194431
1194636
1194840
1195045
1195248
1195453
1195659
1195864
1196070
1196275
1196480
1196687
1196892
1197095
1197299
1197502
1197710
1197915
1198119
1198323
1198528
1198733
1198936
1199138
1199341
1199545
1199746
1199954
1200157
1200363
1200572
1200775
1200981
1201184
1201387
1201592
1201799
1202007
1202211
1202415
1202617
1202820
1203025
1203228
1203436
1203639
1203840
1204044
1204247
1204452
1204660
1204865
1205071
1205278
1205481
1205689
1205893
1206095
1206300
1206505
1206709
1206911
1207115
1207322
1207527
1207734
1207939
1208144
1208351
1208555
1208760
1208964
1209169
1209373
1209578
1209781
1209989
1210193
1210398
1210602
1210809
1211013
1211218
1211423
1211626
1211830
1212035
1212239
1212445
1212655
1212860
1213061
1213265
1213470
1213680
1213889
1214099
1214301
1214506
1214713
1214919
1215124
1215330
1215533
1215737
1215942
1216147
1216351
1216556
1216760
1216965
1217171
1217374
1217582
1217785
1217992
1218194
1218396
1218601
1218809
1219013
1219221
1219426
1219630
1219835
1220039
1220243
1220450
1220654
1220856
1221065
1221272
1221477
1221680
1221886
1222091
1222295
1222501
1222705
1222909
1223118
1223322
1223526
1223731
1223935
1224138
1224343
1224548
1224755
1224959
1225165
1225368
1225572
1225775
1225984
1226188
1226394
1226599
1226806
1227014
1227218
1227423
1227633
1227840
1228047
1228253
1228456
1228660
1228867
1229073
1229275
1229480
1229686
1229888
1230089
1230291
1230498
1230707
1230917
1231123
1231329
1231536
1231739
1231945
1232146
1232353
1232557
1232763
1232965
1233167
1233370
1233575
1233779
1233984
1234192
1234399
1234603
1234808
1235012
1235216
1235423
1235629
1235833
1236036
1236238
1236444
1236649
1236855
1237059
1237263
1237468
1237674
1237875
1238080
1238284
1238487
1238690
1238894
1239098
1239307
1239511
1239715
1239922
1240128
1240335
1240537
1240741
1240943
1241147
1241353
1241558
1241763
1241964
1242170
1242374
1242581
1242785
1242989
1243195
1243399
1243601
1243808
1244012
1244219
1244425
1244632
1244836
1245044
1245247
1245452
1245658
1245866
1246071
1246277
1246482
1246689
1246893
1247099
1247301
1247509
1247716
1247920
1248124
1248328
1248534
1248739
1248946
1249152
1249357
1249564
1249769
1249976
1250182
1250391
1250593
1250797
1251000
1251209
1251409
1251612
1251816
1252021
1252226
1252434
1252643
1252849
1253054
1253258
1253463
1253669
1253875
1254079
1254283
1254485
1254693
1254903
1255109
1255316
1255523
1255728
1255934
1256137
1256341
1256553
1256758
1256964
1257170
1257374
1257578
1257785
1257992
1258198
1258403
1258605
1258812
1259016
1259221
1259425
1259630
1259837
1260040
1260242
1260445
1260650
1260853
1261058
1261262
1261470
1261674
1261879
1262083
1262289
1262493
1262703
1262908
1263113
1263321
1263523
1263725
1263927
1264131
1264339
1264546
1264751
1264955
1265158
1265359
1265562
1265770
1265978
1266186
1266392
1266597
1266801
1267006
1267210
1267413
1267623
1267826
1268034
1268238
1268445
1268653
1268857
1269066
1269270
1269477
1269680
1269884
1270088
1270294
1270498
1270702
1270904
1271109
1271313
1271517
1271723
1271926
1272133
1272337
1272541
1272749
1272952
1273160
1273367
1273570
1273775
1273981
1274184
1274387
1274592
1274800
1275006
1275214
1275419
1275624
1275829
1276032
1276239
1276447
1276653
1276856
1277059
1277263
1277472
1277675
1277882
1278086
1278293
1278494
1278700
1278904
1279106
1279312
1279519
1279723
1279929
1280138
1280343
1280547
1280755
1280960
1281164
1281368
1281570
1281773
1281980
1282182
1282385
1282593
1282798
1283003
1283206
1283410
1283614
1283822
1284026
1284228
1284436
1284642
1284844
1285053
1285259
1285460
1285663
1285869
1286072
1286275
1286479
1286684
1286888
1287091
1287295
1287500
1287702
1287907
1288113
1288317
1288520
1288724
1288927
1289132
1289338
1289546
1289752
1289955
1290159
1290365
1290570
1290774
1290977
1291181
1291382
1291588
1291790
1291994
1292195
1292400
1292608
1292811
1293019
1293226
1293430
1293637
1293845
1294053
1294261
1294465
1294668
1294871
1295073
1295278
1295482
1295682
1295891
1296096
1296300
1296507
1296712
1296917
1297121
1297325
1297529
1297732
1297942
1298148
1298351
1298554
1298757
1298960
1299168
1299376
1299579
1299786
1299993
1300197
1300405
1300608
1300810
1301016
1301222
1301427
1301631
1301835
1302040
1302243
1302446
1302653
1302856
1303061
1303265
1303472
1303674
1303877
1304084
1304291
1304500
1304705
1304908
1305115
1305319
1305522
1305729
1305938
1306143
1306348
1306549
1306753
1306955
1307159
1307364
1307570
1307778
1307980
1308183
1308388
1308595
1308801
1309007
1309207
1309409
1309617
1309820
1310023
1310233
1310434
1310643
1310847
1311051
1311258
1311465
1311671
1311880
1312085
1312290
1312500
1312708
1312911
1313116
1313320
1313526
1313732
1313934
1314136
1314340
1314542
1314752
1314953
1315157
1315363
1315565
1315769
1315970
1316175
1316378
1316581
1316786
1316987
1317192
1317395
1317601
1317807
1318009
1318214
1318420
1318622
1318823
1319030
1319235
1319445
1319651
1319852
1320059
1320263
1320467
1320672
1320877
1321086
1321296
1321497
1321699
1321904
1322108
1322312
1322520
1322724
1322935
1323139
1323342
1323545
1323753
1323958
1324159
1324363
1324569
1324771
1324973
1325176
1325379
1325583
1325788
1325994
1326198
1326404
1326611
1326814
1327019
1327222
1327427
1327633
1327839
1328046
1328253
1328457
1328663
1328868
1329072
1329276
1329483
1329684
1329886
1330095
1330302
1330506
1330710
1330912
1331119
1331325
1331532
1331735
1331942
1332151
1332353
1332557
1332760
1332965
1333167
1333372
1333575
1333780
1333984
1334191
1334394
1334600
1334806
1335015
1335218
1335420
1335625
1335834
1336037
1336242
1336451
1336656
1336860
1337062
1337264
1337468
1337670
1337873
1338076
1338282
1338488
1338695
1338904
1339108
1339314
1339520
1339723
1339930
1340134
1340338
1340544
1340750
1340950
1341154
1341356
1341565
1341773
1341978
1342183
1342387
1342590
1342793
1342997
1343201
1343407
1343610
1343813
1344020
1344225
1344433
1344639
1344845
1345050
1345258
1345465
1345672
1345874
1346074
1346281
1346483
1346692
1346897
1347099
1347303
1347509
1347713
1347915
1348122
1348324
1348530
1348734
1348935
1349138
1349346
1349551
1349754
1349962
1350167
1350373
1350580
1350784
1350988
1351198
1351401
1351607
1351814
1352021
1352228
1352429
1352635
1352838
1353045
1353255
1353460
1353664
1353867
1354077
1354284
1354488
1354693
1354895
1355102
1355309
1355511
1355717
1355925
1356129
1356336
1356541
1356746
1356950
1357154
1357361
1357563
1357768
1357973
1358176
1358377
1358582
1358791
1358997
1359200
1359406
1359611
1359816
1360023
1360227
1360432
1360639
1360846
1361051
1361255
1361461
1361664
1361869
1362073
1362276
1362483
1362695
1362902
1363106
1363307
1363512
1363719
1363924
1364126
1364329
1364534
1364737
1364944
1365151
1365355
1365558
1365764
1365969
1366179
1366387
1366592
1366797
1367004
1367211
1367416
1367619
1367826
1368030
1368240
1368447
1368654
1368860
1369065
1369270
1369474
1369683