529.3923
522.3057
521.2684
516.1285
513.2969
514.341
508.2878
511.0056
509.8619
510.7776
508.4979
504.8461
503.154
500.6443
502.6993
500.2426
501.2087
498.1064
496.3989
497.142
497.3141
497.4354
493.91
493.8359
490.2516
489.5833
489.6413
488.9883
486.3875
483.0741
482.3969
479.4103
475.9073
475.6826
476.2801
474.3946
470.4848
471.3553
470.6001
472.3255
470.425
469.8852
469.708
470.249
464.9893
464.4395
464.5903
464.8767
460.308
460.9823
458.7541
455.6685
457.0171
454.7421
454.0462
454.0734
450.6338
451.1185
450.0623
448.0182
446.8697
445.0995
443.688
440.1048
439.8709
438.9471
437.6948
436.6025
434.268
434.8708
432.8886
433.1076
431.0232
432.3913
430.384
429.9542
430.3842
428.1299
425.9767
424.1902
425.1221
421.6643
420.9401
419.4495
418.843
418.0155
417.3614
416.3738
416.673
416.4279
416.6258
416.0846
414.9072
413.2582
412.913
411.5246
410.8489
411.3747
409.7411
407.1555
406.0221
405.2726
404.9331
403.8977
402.3076
401.5428
403.046
401.1697
401.29
402.0581
401.4115
399.0134
400.6151
399.9526
400.1108
399.9336
399.8478
398.8748
398.0802
399.0651
395.6581
397.3065
397.6813
396.2544
395.8918
395.8164
394.843
394.3396
394.8592
394.3094
393.506
394.1666
393.5661
393.4089
394.1987
393.549
392.6574
390.972
391.6806
390.1945
390.0733
388.9325
388.537
389.134
385.4657
384.9692
385.0383
385.0846
384.1406
383.4339
382.7786
382.4454
382.7004
381.5418
381.4367
381.4456
380.4904
379.6187
379.91
378.8228
377.9511
376.9123
375.4428
374.5026
372.9892
372.1335
371.758
370.4572
370.4361
369.9991
369.5278
369.7686
368.753
367.9363
367.5104
366.5113
366.3732
365.8092
365.9231
365.7619
363.8613
363.7902
364.1901
362.5981
362.5776
362.3568
361.7494
362.841
362.6436
362.2967
362.0005
361.3997
362.0339
361.0734
361.907
362.215
361.9245
361.1079
362.0886
360.9322
361.2204
362.4557
359.5689
358.7496
358.224
357.3586
357.7074
357.1685
356.299
354.4195
353.241
352.5123
352.0731
352.3666
351.5823
352.7303
350.3759
350.873
350.4518
351.0898
350.9582
351.2463
351.0553
351.0767
350.4232
350.576
350.4198
350.1938
349.967
349.9073
348.4438
347.7386
347.3896
347.3401
347.0882
343.8101
343.8004
342.4757
341.5095
340.8973
343.1173
342.0707
340.8469
342.4452
340.2806
341.7346
339.5509
339.9601
340.0783
339.2312
339.5871
339.0589
338.0121
338.3415
338.6795
338.0092
337.0089
335.336
335.8612
335.7111
334.1355
333.6894
333.2335
331.8512
331.3683
330.4683
329.8501
329.7189
329.3633
329.0094
329.7583
329.0281
328.7692
328.941
329.9043
329.3755
329.5529
329.7688
330.244
331.7918
331.0085
332.1103
332.9978
333.5964
331.9956
331.9441
332.5388
332.5316
331.3868
331.6823
330.2246
329.2152
327.9561
328.3532
327.891
327.3866
328.0573
326.9456
327.3299
325.965
323.9673
323.0998
322.3068
322.2738
321.8392
321.1826
320.9425
321.2841
320.6105
319.7972
320.1121
320.2617
318.686
317.9893
317.188
317.0775
317.2218
316.1833
315.5656
315.1686
314.6691
314.2349
313.2895
313.2634
312.5847
312.4963
312.467
311.2885
311.1108
310.5438
310.8246
311.3955
310.0139
310.2105
309.7
309.3562
309.1035
308.2654
307.9765
308.0523
307.441
306.7351
307.023
306.8435
306.9376
307.4269
306.6836
306.3996
305.7585
305.8562
305.6721
305.4147
305.6813
304.7658
304.4577
304.1478
304.013
303.331
303.4428
302.9252
302.9339
302.5381
302.3229
302.4998
301.672
301.9923
301.3824
301.4121
301.7412
300.6388
300.2083
299.7564
299.8256
298.981
299.2158
299.0116
298.7368
299.1254
298.5668
298.878
298.5613
298.1907
298.2247
297.9316
297.8395
297.8256
298.4615
297.1961
297.8303
297.4885
297.2861
297.5047
297.2455
297.1416
297.2567
296.4819
296.2299
296.1713
295.7378
295.6269
294.7147
294.4918
294.3841
293.5492
292.6045
293.0431
292.2713
292.2605
293.0503
292.7991
293.1792
292.3019
293.1458
292.6468
292.2251
291.9681
291.7752
292.3623
290.7828
291.5203
291.1495
290.6636
291.2274
290.6874
290.6229
290.8178
290.6443
289.9753
290.4847
290.0966
290.3372
289.6411
289.1518
289.5972
289.4613
289.3534
288.8592
288.5556
289.7673
287.687
286.4147
286.7411
286.7641
285.8913
285.5274
284.4414
283.6785
283.2901
283.105
283.2969
282.6361
282.5284
282.0102
281.4474
281.5837
281.2522
281.3821
281.4825
281.1591
280.7838
280.9519
280.8341
280.6465
280.1548
280.0891
279.4981
279.4246
279.2626
279.1328
278.4245
278.6873
278.5864
277.9969
277.9661
277.8649
277.4352
277.4573
277.221
276.8053
276.3253
276.5264
276.737
276.081
276.3542
275.4048
275.3098
275.2463
275.1098
274.8526
274.5432
274.2592
273.934
274.5757
274.312
273.8624
274.5147
274.1257
273.9097
274.1138
273.9558
273.9551
273.7126
272.739
272.3744
272.6899
272.5305
272.3666
271.7376
271.7329
271.9356
272.3806
271.9081
271.4832
271.5335
270.6679
270.8589
271.2296
271.6787
271.8832
271.8505
271.9844
271.9956
271.8275
271.8474
271.5772
271.8143
271.4791
270.8596
271.6132
271.0297
270.9421
270.9001
270.2901
270.3726
270.3546
270.6226
270.0511
269.4262
268.9491
269.7192
269.1913
268.729
268.4347
268.4386
268.0905
267.9687
267.6954
267.8381
267.1759
267.0535
267.1539
266.9687
266.8976
266.7713
267.0412
266.8381
266.6749
266.7889
266.7861
267.0059
267.021
266.9964
266.7678
266.3291
267.0244
265.9384
266.4118
266.0001
265.5854
265.5933
265.9144
265.8406
265.8101
265.6972
265.3522
265.5844
265.4332
264.8782
265.1633
265.1527
265.0655
264.7852
264.974
264.9615
263.9626
264.0645
263.7787
264.1724
263.9369
263.6129
263.3905
263.4891
263.1091
263.2655
263.6115
262.8686
262.8413
262.4028
262.3083
262.5331
262.3694
262.4187
262.5937
262.7678
262.1265
261.7281
261.7941
261.0472
259.9163
259.8368
260.5424
260.4804
259.4595
259.9763
259.9651
259.7507
260.466
260.3254
260.7227
261.1332
260.5705
260.5056
260.6077
260.3563
260.2299
259.6862
259.3892
259.0933
259.0466
259.4745
259.3897
259.4517
258.6902
259.5151
259.8001
260.4432
259.8908
260.0418
259.8726
259.78
259.7597
259.6079
259.7376
259.348
259.3569
258.1013
258.4968
258.4502
258.6247
258.0565
258.1067
258.3932
257.9005
257.7451
257.2029
257.4672
257.7513
257.7893
257.8519
258.2024
257.0856
257.3719
257.0146
257.0544
257.0455
257.0879
257.1238
256.8903
256.9221
256.7179
256.8063
256.1959
256.4283
256.0063
256.2818
255.4523
256.2629
255.482
255.9237
255.0222
254.9112
254.2835
254.6586
254.3638
254.2676
253.9816
254.2636
254.2035
254.6998
254.5612
254.2037
253.7211
254.199
254.2691
253.7977
253.9702
254.4252
253.9055
253.9895
253.4359
253.4139
253.3283
253.4348
252.4733
252.2044
252.5902
252.4375
252.2923
251.9651
252.0393
252.1501
252.1909
252.0679
251.5385
252.0454
251.4906
252.0443
251.4836
251.2792
250.9703
251.161
251.1317
250.7442
250.978
250.4378
249.6921
249.702
250.4594
250.5889
250.6017
250.3899
249.8931
249.5079
249.6241
249.4522
249.0253
249.2893
248.6322
248.8977
248.4971
248.6688
248.0358
247.6539
247.7439
247.0883
247.203
248.0072
247.2945
247.4127
248.2421
248.2271
248.3854
248.2482
247.5047
247.1519
246.8698
247.4749
247.1429
246.8882
246.8912
247.4614
246.9329
246.7881
247.2396
247.0993
246.7493
246.6103
246.7316
246.4726
246.7069
246.5731
246.564
246.6807
246.5163
246.2032
246.3643
246.2345
246.9513
246.21
245.7652
244.6213
244.6787
245.1521
245.0278
245.665
245.475
245.7583
245.4844
245.7827
244.904
245.248
245.5139
245.0765
244.8166
244.8065
244.9412
244.5667
244.9189
244.2182
243.9697
243.6485
242.8688
243.9606
243.4354
243.1564
242.7898
242.7382
243.0195
243.4459
243.9282
243.6067
244.2533
243.969
244.0987
243.7065
244.0936
243.8988
243.8535
244.0064
243.3306
243.4078
243.8232
243.3228
242.8484
242.9278
242.1031
242.4466
241.8975
241.5194
241.1389
240.4032
241.1018
240.0306
240.0219
240.6562
239.7103
240.1896
239.8503
239.1058
239.508
239.5172
240.0051
239.5698
239.1287
239.4519
239.6984
240.1196
239.9373
239.9472
239.9044
239.772
239.9782
240.0142
239.107
239.2874
239.7914
239.4407
239.2145
239.2382
239.3681
239.4309
238.9422
238.911
238.5684
238.7771
239.0424
239.0374
238.7553
238.2668
238.3133
238.5601
238.5303
238.7952
239.2299
238.7151
239.0095
238.7807
238.8246
238.4203
238.2862
238.9333
238.9535
238.4389
239.3053
238.2607
238.7684
238.6044
238.6954
238.6676
238.8215
238.3848
238.2746
238.3242
237.9191
237.8486
237.4739
237.2041
236.8202
236.6039
236.5045
236.0289
235.9924
236.3098
236.0003
235.7269
235.2002
235.4174
235.2602
235.6158
235.6071
234.9649
234.6429
235.1123
235.2132
234.6429
234.6022
235.5175
235.7754
235.0905
236.0167
236.1384
235.9186
235.5743
235.6516
235.8214
235.5639
236.0726
235.9395
235.7574
235.4182
235.7076
235.1141
234.6098
235.5983
235.3195
235.5962
235.4689
235.5752
235.4611
235.2167
235.3363
235.7426
235.2108
235.5321
235.0872
235.0753
235.3896
234.6556
234.2597
234.5946
234.7017
233.7653
233.8633
233.3345
233.4324
233.3223
232.9179
233.0489
232.2271
231.7021
231.6538
231.849
230.8947
231.5418
231.3919
231.2397
231.6576
230.5707
231.7229
230.5707
231.8298
231.9248
232.2347
232.25
232.2606
232.2392
232.1889
232.6734
232.1197
232.427
232.358
232.1853
232.9591
232.296
232.4665
232.6018
232.3964
232.2022
232.4804
232.2034
231.9333
232.3023
232.0815
231.8762
230.9559
230.7869
230.4671
230.432
229.8512
230.1918
230.5502
229.9485
230.1624
230.3523
230.0688
229.8763
230.163
229.6322
229.5663
229.5239
229.5426
229.2123
229.671
229.9019
229.2553
229.3435
229.1628
228.4497
229.0099
229.0072
229.0686
229.3282
229.7421
229.135
229.7989
229.4362
229.4506
230.019
229.964
229.3315
229.1909
229.5816
229.2851
229.3842
228.9657
228.9127
228.5637
228.8409
228.6025
228.2091
227.6225
227.3087
228.2939
227.2521
227.2521
228.1914
227.8359
227.2521
227.2521
227.2521
227.8976
228.0718
228.4546
228.4807
228.631
229.0451
228.7536
228.6823
227.8443
228.015
228.135
227.6349
227.6768
227.3785
228.0728
227.2403
227.4393
227.0361
226.8428
227.038
226.6897
227.5389
226.9677
227.2324
226.9107
226.6019
226.7773
226.3972
226.847
226.705
226.5033
225.9622
225.8669
226.0534
226.0556
225.7343
226.3798
225.4269
225.5534
225.3741
224.9091
225.3885
225.0707
225.2481
224.9279
224.525
224.076
224.0193
224.2074
223.9764
224.2908
224.132
224.3431
224.5159
224.2038
223.372
223.3941
223.418
223.0247
223.3328
223.083
222.8656
222.5937
222.6063
222.6679
222.185
222.0647
221.8587
221.7925
221.3322
221.3711
221.2453
221.3776
220.6992
221.06
220.252
220.6635
220.2295
220.2392
220.338
220.4213
220.3761
219.9537
219.2357
219.5579
219.674
219.0504
218.5889
218.6848
219.3263
219.5315
218.0402
219.0661
218.1926
218.4641
217.6583
217.6583
218.2578
217.7735
218.1455
217.1826
217.8711
217.3469
216.7172
216.7172
216.7172
216.7172
217.2191
217.6181
216.7172
217.4766
217.6023
218.1643
217.2896
216.7172
217.2148
217.5393
218.1353
217.7414
217.763
217.7068
217.2648
217.3075
217.7285
217.5116
217.6145
216.7909
216.6788
216.7601
216.334
216.2313
216.2567
216.1489
216.2851
216.0676
216.197
216.3688
216.4224
216.6038
216.157
216.5896
216.2942
216.13
216.09
216.185
215.9567
214.5912
216.0621
216.1785
215.7331
215.6707
214.7312
215.6695
215.3799
214.987
215.2121
214.2988
215.0317
214.9305
215.2189
215.3477
215.3796
215.6937
214.998
215.2468
215.2417
215.4625
215.7877
214.9523
213.6743
213.6743
214.66
215.0284
214.9351
214.3396
213.5559
213.5559
213.5559
213.5559
213.5559
214.6565
213.5559
213.5559
213.5559
213.5559
213.5559
214.4709
214.3781
215.1301
214.6014
214.794
214.5904
214.6124
214.5591
214.6683
215.0334
214.5579
214.4619
215.0411
214.6693
214.3975
214.517
214.0588
213.1628
213.408
213.7792
213.7163
213.126
214.1303
213.126
213.126
213.3208
213.3974
213.9344
214.4097
213.9537
214.38
213.8278
213.8434
213.8456
214.4968
213.6843
213.9634
213.7863
214.1339
214.1342
214.0086
214.1583
213.8666
213.9187
213.7695
213.2773
213.6209
213.4425
213.5939
212.9956
213.3815
212.7947
213.7592
213.4543
213.6393
212.7434
213.0113
213.0751
212.7327
212.5902
211.2315
211.9951
211.6967
211.3718
211.4633
211.7819
211.1978
210.9879
210.2088
210.8352
210.5203
209.8946
209.6471
210.2235
209.6471
209.634
209.634
210.2838
211.0919
209.9976
210.5468
210.5867
210.5821
210.5867
211.2696
210.9593
210.6683
210.5014
210.0129
210.1071
210.6742
210.4259
210.1246
210.3682
209.4772
209.5336
211.0058
210.484
210.8051
210.9703
211.1885
211.0473
211.0647
210.8882
210.7545
211.2572
210.8472
210.9935
210.5447
210.1136
210.6151
209.7065
209.7818
209.536
209.3401
209.4529
209.0417
209.1446
208.8497
208.8165
208.6554
208.4718
208.5196
207.7831
208.3144
206.9904
206.9904
207.6148
207.349
207.1741
206.3152
206.3152
206.3152
207.5917
206.3152
206.8231
206.5026
208.0069
207.756
208.0336
208.035
207.5661
207.5597
207.4065
207.5546
207.8117
207.6443
207.6806
207.935
207.6657
207.585
207.416
207.9055
207.9115
207.6448
207.6606
207.3525
207.0358
207.2535
206.5453
207.0284
207.014
206.4787
206.7664
206.8913
207.3481
206.6665
206.214
206.2471
206.6383
206.4126
205.8969
205.1122
205.6485
205.246
205.8813
205.7923
205.5428
205.0968
205.0269
205.0432
204.5291
204.9875
204.0641
204.1657
204.648
204.718
204.5764
203.9686
204.3465
203.8374
204.1935
204.3002
203.9375
204.2768
204.4006
203.9023
204.062
204.3477
204.1505
204.0045
204.1248
204.2292
203.6712
203.7776
203.9194
203.8371
203.8428
203.4099
202.8266
201.8
201.8
202.8339
202.4741
202.8023
203.0947
203.1995
202.6872
202.2011
201.9035
201.611
201.611
201.611
202.2735
201.611
201.611
201.611
202.662
202.5154
201.611
201.611
202.6525
202.0703
202.6525
202.5193
202.6876
202.6445
202.2807
202.6933
202.6706
202.4012
202.5632
202.8572
202.2827
202.5981
203.049
202.6747
202.4997
202.5198
201.7303
201.9842
202.1023
202.285
202.9303
202.3255
202.4364
202.0807
202.472
202.0485
201.9183
201.275
201.5826
201.187
201.5102
201.5531
201.8279
201.9003
201.8852
202.0816
201.6525
201.4857
201.4739
201.3923
200.7098
201.1718
199.871
201.0114
200.8797
200.5993
200.3662
200.7941
200.7394
200.5137
200.355
200.1408
200.6654
200.5991
200.5294
200.0855
200.0312
198.7921
198.6627
198.6627
198.6627
198.6627
198.6627
198.6627
198.6627
198.6627
198.6627
198.6627
198.6627
198.6627
199.6766
198.6627
198.6627
198.6627
199.3437
198.6627
198.6627
198.6627
199.354
199.7946
198.6627
199.7481
199.8232
199.8186
200.0133
199.8448
199.8923
199.5215
198.795
199.1721
199.5851
198.8798
199.6542
199.1127
198.0773
198.0773
198.0773
198.0773
198.0773
198.5657
198.0773
198.0773
198.0773
198.0773
199.0687
198.885
199.2118
199.6912
199.6839
199.6082
199.953
199.6204
199.6206
199.589
199.2464
198.9983
198.6287
198.9296
198.4599
198.2491
198.564
198.2411
198.4463
198.256
197.6744
197.8053
198.2865
197.2245
196.5529
196.5529
196.5529
197.4343
197.4166
196.5529
196.5529
196.5529
197.1782
197.4403
197.7978
198.0923
198.2325
198.4294
198.0428
198.0079
198.4822
198.2532
197.7319
197.5063
197.3654
197.45
197.6513
197.9517
198.0685
198.6176
198.3388
197.8914
196.5065
196.5883
196.9572
197.3572
197.0169
197.1588
196.9733
196.45
196.6629
197.1343
195.674
196.6508
196.4458
196.9804
196.948
196.948
195.51
195.51
195.51
195.51
195.51
195.51
195.51
195.51
195.51
195.51
196.3018
195.9316
196.0638
196.6786
196.689
196.2044
195.4893
196.4095
196.5504
196.635
196.4514
195.83
196.9432
196.6871
197.4471
196.7388
197.1147
197.052
197.3315
196.5804
197.2106
196.9199
196.9066
197.2813
197.224
196.7413
196.9776
196.5489
196.4926
196.9534
196.7643
197.0809
196.8008
196.8259
197.0674
197.1885
197.4522
196.8497
197.2183
196.8461
197.1696
196.8981
196.7013
196.8317
197.2392
196.3564
196.857
196.3239
197.5501
196.9289
196.9584
196.7407
196.8632
197.1375
196.9432
196.7586
196.3652
196.1419
195.5799
195.4574
195.3655
195.3438
195.1225
194.6619
194.7042
194.8942
194.9084
194.4798
194.4564
194.4765
193.7543
193.2276
193.2276
193.2276
193.6324
193.8249
194.5473
194.1725
193.8704
193.7329
194.319
194.4371
194.0652
194.0262
193.9373
194.2296
193.616
193.635
193.4719
193.3851
192.4849
192.9271
193.5605
192.4849
192.4849
192.4849
193.8841
192.6659
192.4849
192.4849
193.3661
193.5702
193.6644
194.0191
193.703
192.9017
192.8954
192.9974
193.518
193.4747
193.567
193.1487
192.1512
192.5632
193.014
192.8537
192.586
193.1317
192.7934
192.8971
192.8121
192.7255
192.6024
192.2816
192.583
192.4021
192.0307
191.9795
192.2584
192.0125
191.5807
191.7551
191.4939
191.485
191.494
191.2873
190.9687
190.9308
190.9095
190.4802
190.3551
189.9542
190.8501
190.474
189.8218
190.0205
189.3365
188.9481
189.3401
189.2284
188.7009
189.6501
189.4371
188.6494
189.1293
188.6494
190.2209
190.4848
189.7805
189.7648
190.1872
190.002
189.8316
190.2972
189.2639
189.0963
189.1122
189.6033
188.7619
188.8722
188.9727
188.7486
188.6378
188.6945
189.2463
188.7626
188.3298
187.8679
187.3225
188.3178
188.4614
188.2654
188.2778
188.3589
188.2476
188.3843
188.4339
188.0906
188.9157
188.8031
188.808
188.1545
188.5055
188.496
189.3347
188.3781
187.9832
188.4136
188.725
189.4451
188.5744
188.6195
188.4175
188.0144
187.4113
187.3144
187.4519
187.7025
187.1192
186.8546
186.5973
186.4945
186.6538
186.9157
186.2935
187.093
186.3183
185.786
186.5783
186.1759
186.3632
185.7329
185.3056
185.77
186.4096
185.3056
185.4722
186.5033
185.3055
185.3055
185.7832
185.5431
186.2138
185.3055
185.3055
186.102
185.3055
185.3055
185.3055
185.3055
185.3055
186.6098
186.0499
186.5609
186.1371
185.3055
185.3055
185.3055
186.3969
186.0791
186.9691
186.5924
186.3141
186.5804
186.6994
186.5631
186.7332
186.7436
186.8967
186.7428
186.5842
187.2148
186.8034
187.0294
186.5735
186.4545
186.8346
186.2682
185.7714
185.916
186.4821
186.2736
186.1499
186.2079
186.2044
186.2367
185.5636
184.9769
184.7938
184.3327
184.3327
184.9863
185.2923
185.0625
184.244
184.7336
184.0788
184.7111
185.3063
185.1392
184.9612
183.9052
183.9052
184.8844
184.8661
184.8024
183.7878
183.7878
184.0032
183.7878
184.936
183.8325
183.7878
183.7878
183.7878
183.7878
184.7142
183.7878
184.2971
185.0892
185.1404
183.7878
183.7878
183.7878
184.8179
183.7878
183.7878
184.3254
183.7878
183.7878
184.2864
185.0786
185.2235
185.2626
185.2761
185.321
185.0778
185.0686
185.4076
183.9883
184.8252
184.9395
184.2465
183.3865
183.9119
184.0181
183.3865
184.7127
183.3865
183.3865
183.3865
183.3865
184.2131
184.5243
184.1623
183.6895
184.4228
184.726
184.53
184.9001
184.845
184.4894
184.7897
185.4483
185.0251
185.0685
185.314
184.8423
184.8212
185.177
184.5645
184.6346
184.2394
183.7834
183.9244
183.9467
184.1845
184.0761
184.0177
184.5586
184.0785
184.3308
184.0878
184.1299
184.0569
183.8918
184.2398
184.1605
184.2823
183.9608
183.7965
183.9772
184.0489
183.9164
183.8758
183.9383
183.5797
184.2763
183.6379
182.1306
181.6779
182.468
182.329
181.6779
182.6197
181.5089
181.5089
181.5089
182.6557
181.5089
181.5089
181.5089
181.5089
181.5089
181.9895
181.5089
181.5089
181.5089
181.5089
181.5089
181.5089
182.4555
181.5089
182.3669
181.5089
182.815
181.5089
182.7104
181.5089
181.5089
181.5089
181.8895
181.5089
181.5089
182.4282
181.5089
181.5089
181.8858
181.5089
181.5089
181.5089
181.5089
181.9398
182.6384
181.5089
181.5089
181.5089
181.5089
181.5089
182.6689
182.9691
182.2968
182.4858
182.9602
182.3927
182.912
182.8143
182.8143
183.2219
182.6064
182.3326
182.1784
182.2167
181.8875
182.2046
182.0549
182.0335
181.9951
182.3666
182.635
181.8742
181.8918
182.0605
182.0856
181.6763
181.9311
182.1701
182.2408
182.3407
181.8828
181.899
180.213
180.213
180.213
180.5832
181.2645
181.1834
181.488
181.4882
182.006
181.933
181.769
181.8296
181.9751
181.4085
182.6471
181.1284
181.2657
181.3917
180.7924
180.501
180.6176
180.6211
180.1196
180.5506
180.5685
180.3059
180.5165
179.9943
180.1849
180.1647
179.2439
180.1404
180.3271
180.2268
179.6777
179.2374
180.5212
180.5965
180.64
179.8602
180.1349
180.1349
179.9689
180.069
180.1349
179.6768
179.1511
179.8495
179.9175
179.4517
179.2471
178.8803
180.0466
179.5005
178.6277
178.4198
178.9151
178.3359
178.3359
178.9674
178.3359
178.9226
178.3359
179.6994
179.2554
179.3819
178.3359
178.3359
178.3359
178.3359
178.3359
178.3359
178.3359
178.3359
179.4884
178.3359
178.3359
178.7666
178.3359
178.3359
178.3359
178.5364
179.1808
179.367
178.4884
179.9541
179.6773
179.683
179.2821
179.3562
179.4888
179.6775
179.4505
179.679
179.6209
179.3173
178.913
179.4634
178.5959
179.0094
177.9486
179.3637
179.4696
179.4255
179.6792
179.578
179.8361
179.9002
179.2236
179.4146
179.1292
179.0588
179.6652
179.5676
179.385
179.404
179.6068
179.609
178.877
178.9674
178.625
178.9378
178.9699
179.2036
179.0197
178.9778
178.6479
178.7966
179.0993
178.7085
178.5523
178.1687
178.3936
178.2268
177.9668
177.676
177.9732
177.4109
177.3368
177.317
177.8548
176.9251
177.3667
176.8878
176.9935
176.8973
177.269
176.0896
176.1175
175.8952
175.8952
175.8952
175.8952
176.3527
176.7387
176.1149
175.8811
176.7159
175.8811
175.8811
175.8811
176.6888
177.0864
175.8811
175.8811
175.8811
175.8811
175.8811
176.1492
175.8811
175.8811
175.8811
175.8811
175.8811
175.8811
175.8811
175.8811
175.8811
177.032
177.2728
176.6022
177.1585
177.1104
177.1748
177.6371
177.5938
177.3358
177.2762
177.4171
177.3416
176.9594
177.5137
177.3729
177.3296
177.1219
177.3154
177.5958
177.2504
177.5347
177.3253
177.3298
177.0937
177.6829
177.6676
177.1733
177.5833
177.1332
177.69
177.9967
177.6447
177.5315
178.1078
177.3505
177.6505
177.4499
177.3938
177.4624
177.8716
177.5404
177.8819
177.4333
176.5191
175.4552
175.4375
175.1157
175.6784
174.8092
174.8092
175.3827
174.8092
174.8092
174.8092
174.8092
174.9682
174.8092
174.8092
175.1519
175.3175
174.8092
174.8092
174.8092
174.8092
175.6463
174.8092
174.8092
174.8092
176.1978
175.3653
175.9843
174.8092
174.8092
175.1096
175.3237
174.8092
174.8092
175.7106
175.7039
175.1026
174.8092
175.9798
174.8092
175.5668
174.8092
174.8092
176.2664
176.0096
174.8092
175.2582
174.8092
174.8092
175.6927
174.8092
175.81
175.4906
174.8092
174.8092
174.8092
174.8092
176.6074
174.8092
174.8092
174.8092
174.8092
175.5796
175.4926
175.612
175.8776
175.4209
174.8092
174.8092
175.2619
175.2088
174.9144
175.4733
174.8092
174.8092
174.8092
176.0224
175.9298
174.8092
174.8092
174.8092
175.416
174.8092
174.8092
174.8092
174.8092
174.8092
174.8092
175.8079
174.8092
176.2443
174.8092
174.8092
175.2805
174.8092
176.2026
175.809
176.0075
176.0654
176.1647
176.5061
176.0145
176.571
176.6164
176.5418
176.36
176.4249
176.4447
176.2157
176.7056
175.7076
175.1587
176.0045
175.709
176.0673
175.2856
174.2396
175.0431
174.2396
175.1274
174.2396
174.2396
174.7815
174.2396
175.0984
175.3153
175.1038
175.5953
175.7429
175.5444
175.8956
175.06
175.5052
175.4719
174.9418
174.8138
175.1056
174.9978
173.7834
174.4019
175.2069
174.7749
175.1901
174.7144
175.0594
174.457
175.3998
174.8913
174.5717
174.9306
174.7292
174.9171
174.8982
174.8387
175.3376
174.8852
174.6343
174.6198
174.2295
174.3239
173.425
174.1754
173.4154
173.2475
173.6327
173.7796
174.0796
173.4051
173.6749
172.4191
172.4191
172.4191
173.7782
172.4191
173.8685
172.4191
172.9008
172.4191
172.4191
172.4191
172.4191
173.1773
173.4939
173.6234
173.466
173.6581
173.9017
173.9928
173.8717
173.8274
173.7025
173.9127
173.9183
173.8777
173.8567
173.3733
172.0873
172.0873
172.0873
173.1014
172.0873
172.6713
172.823
173.3228
173.0268
173.4068
173.1346
173.4122
173.4518
173.6698
173.6389
173.5029
173.5426
173.2872
173.5835
173.9297
173.0505
171.7397
171.7397
172.692
171.7397
171.7397
172.3763
172.8618
172.9037
173.2345
173.3135
173.2579
173.0614
173.7388
173.4507
173.2353
173.67
173.1646
173.4433
173.0556
173.0091
173.2969
173.3299
173.3613
173.4807
173.0469
173.4326
173.098
173.1914
173.1928
173.515
172.9198
172.7699
172.3608
171.8818
170.9933
172.186
170.9933
170.9933
170.9933
170.9933
170.9933
170.9933
171.6069
172.1629
171.767
171.8197
172.1548
172.0962
172.551
173.2319
172.5224
171.6964
172.5112
172.1095
170.7024
171.8156
171.7872
171.6964
170.5672
170.5672
171.066
170.5672
171.5745
170.5672
170.5672
170.5672
170.5672
170.9344
171.046
171.4496
171.9392
172.2603
171.9666
172.2599
172.2361
171.9821
172.2936
170.1832
171.2003
171.197
171.6031
171.2345
171.8539
171.4972
170.8053
169.776
169.776
169.776
169.776
169.776
169.776
171.366
169.776
169.776
170.8737
169.776
169.776
169.776
169.9132
170.0203
170.8117
171.2537
171.7115
171.0748
171.0304
170.5614
171.1158
171.1485
170.6269
170.5534
170.6315
170.7195
170.5784
171.0529
169.4657
170.6865
170.5247
170.5072
169.4346
169.4346
169.9139
169.6886
170.5107
170.6196
170.1683
170.2158
170.3477
170.1415
170.5588
170.379
170.6419
170.4549
170.699
170.6966
170.2061
170.7951
171.0705
170.3848
170.6423
170.8434
170.3554
170.2457
169.8525
169.7579
170.1089
169.6296
169.1115
169.9943
169.9398
170.1096
169.8911
169.9264
168.5742
169.295
169.605
169.5599
169.538
169.6502
168.282
168.7579
168.282
169.4839
168.282
168.6069
168.282
169.3624
168.282
168.282
168.282
168.9918
168.6432
169.2401
169.3645
169.0158
168.0934
168.0934
169.1758
169.0651
169.2323
169.5687
169.2563
169.5085
169.3814
169.311
169.3477
169.7285
169.5655
169.402
169.4302
169.335
169.3194
169.1138
169.3446
169.5541
169.1743
169.9137
169.4574
169.5229
168.9196
169.3128
168.808
168.9197
168.1983
168.2043
167.6775
167.9936
168.0081
168.2365
168.2867
168.4839
168.7338
168.0012
167.1816
168.2277
168.3852
168.2202
167.0478
167.0478
167.0478
167.0478
167.0478
167.0478
167.0478
167.2781
168.3572
167.8969
167.333
168.147
168.2694
168.4946
168.4726
168.29
167.7873
167.9355
168.1456
168.0126
168.1726
167.9605
167.8487
167.5219
166.4809
166.4329
167.2367
166.7775
166.4329
166.4329
166.4329
166.4329
166.4329
167.3401
167.9011
167.538
168.0658
168.0656
168.2445
168.3631
168.1095
167.9846
168.1563
168.0701
168.1071
167.6615
167.7271
167.7535
167.7701
167.8678
167.8988
167.82
167.815
167.7565
167.1595
167.8773
166.8666
167.9594
167.5242
166.996
167.0851
166.8952
167.44
167.3211
167.1973
166.9508
165.4013
165.6697
166.5574
165.4013
165.4013
165.4013
165.4013
165.4013
166.301
165.8963
166.8543
165.4013
165.4013
165.4013
165.4013
166.9215
165.4013
165.4013
165.4013
165.4013
165.4013
165.4013
165.4013
165.4013
166.4504
165.8044
165.4013
165.4013
166.3954
165.4013
165.4013
165.8329
165.4013
166.3235
165.4013
165.4013
165.4013
165.4013
165.4013
165.9285
165.602
165.9914
165.4013
165.4013
165.4013
165.4013
166.0706
165.5146
166.7107
165.4013
165.957
166.1401
165.4745
166.283
165.8736
165.8791
165.29
166.3198
166.08
165.8172
165.5204
165.97
166.3812
166.3174
166.4052
166.7967
166.3701
164.8003
165.2306
164.6509
164.6509
164.6509
164.6509
164.719
165.6418
164.6509
164.6509
165.4592
164.6509
164.6509
164.6509
164.6509
164.6509
164.6509
164.9822
165.2073
164.6509
164.6509
164.6509
164.6509
164.6509
164.6509
164.6509
164.6509
164.6509
164.6509
164.7524
166.1848
166.1222
166.2098
165.7007
166.3706
165.8289
166.0316
165.7816
166.22
166.1966
165.9392
165.8224
165.6248
164.3166
164.3166
165.5642
164.3166
164.3166
164.3166
165.1281
164.3166
164.7094
164.3166
164.3166
164.3166
164.3166
164.8068
164.6198
164.3166
164.7681
164.9771
165.5202
165.8797
166.0255
165.7677
166.2321
165.8229
166.5333
166.0594
166.0361
165.9374
166.1406
166.2332
166.6337
166.8165
166.2844
166.4489
166.4047
165.19
163.9865
164.5892
164.0693
164.2867
164.3036
163.7853
163.6433
163.6151
163.6151
163.6151
163.6151
164.608
163.6151
165.106
164.918
164.599
164.4157
164.7252
165.187
164.8631
163.6141
165.1272
164.7649
164.6909
164.9642
164.3674
163.4649
163.4649
163.4649
164.1023
163.4649
164.2797
163.4649
163.4649
165.1071
164.8499
164.6636
165.0941
165.2864
164.9782
165.2113
165.0576
165.0686
165.3001
165.0259
165.066
164.5877
164.3294
163.7925
163.8276
164.2083
163.5905
163.4496
163.585
163.159
163.6861
163.6822
163.7725
162.9882
162.8302
162.8302
162.8302
163.0516
163.6172
163.5385
163.4009
164.0576
162.7196
162.9822
162.7196
163.9271
162.7196
162.7196
163.1192
162.7196
163.6229
162.7196
164.1156
163.8171
163.5999
162.7196
162.7196
162.7196
162.7196
162.7196
162.7196
162.7416
163.8081
163.6318
163.9754
164.3326
163.8958
163.8898
163.677
163.5515
163.7055
164.0666
163.8479
163.483
163.8453
164.3443
163.5016
162.2758
162.2758
162.2758
162.2758
163.4696
162.7901
162.2758
162.2758
163.2038
162.2758
163.2985
162.2758
162.2758
162.2758
162.2758
162.2758
163.1094
162.2758
162.2758
162.9342
162.2758
163.8035
162.9704
163.9065
163.9221
163.9828
163.7574
163.6692
162.8798
163.5881
163.4128
163.6261
163.6666
163.9081
163.7991
162.8858
162.9372
162.9677
162.8609
162.6931
163.2827
162.3235
162.792
162.6526
161.6074
161.6074
161.6211
163.0473
162.3462
162.592
162.5635
162.8855
162.9642
162.6907
163.0509
163.1703
162.6313
162.7888
162.5007
162.6934
161.8358
160.8992
161.4266
160.8992
160.8992
161.6071
160.8698
160.8698
161.5782
160.8698
162.4007
160.8698
162.0061
161.9296
161.9568
161.4961
161.7762
162.4817
160.8138
160.8138
160.8138
160.8138
160.8138
160.8138
160.8138
161.4516
160.8138
160.8138
160.8138
160.8138
160.9937
160.8138
160.8138
161.6547
160.9072
160.8138
162.2822
161.9809
162.1322
162.406
162.685
162.6128
162.4966
162.4019
161.9855
161.9195
161.5799
162.34
162.1597
161.9497
161.816
162.2202
161.9145
160.6899
161.7125
161.6534
161.6148
161.6375
162.1079
162.1518
161.46
161.7872
162.0663
161.6319
162.0477
162.4092
161.9497
161.906
161.7441
162.1242
162.1226
162.0086
161.727
161.8994
161.8634
160.4192
160.4192
161.7842
160.4192
161.5784
161.9852
162.0774
161.4096
161.9896
161.7289
161.9202
161.6052
161.4862
161.7265
161.6192
161.2188
161.568
161.5017
161.541
161.189
160.7596
161.4521
161.416
161.1288
160.9591
161.1243
160.9781
161.1688
161.1779
161.2679
161.0977
161.221
161.1963
161.5579
161.176
161.4421
161.1024
160.4737
160.8557
160.4319
160.8097
159.973
159.2605
160.2433
159.8542
158.9445
158.9445
160.0279
158.8458
158.8458
158.8458
158.8458
158.8458
158.8458
158.8458
158.8458
158.8458
158.8458
158.8458
158.8458
158.8458
158.8458
160.0128
158.8458
158.8458
158.8458
158.8458
158.8458
158.8458
159.7915
159.2517
160.0396
158.7856
158.7856
159.1734
159.2339
158.7259
158.7259
158.7259
160.1012
158.5239
158.5239
158.5239
159.674
159.1908
160.2074
159.431
158.5239
158.5239
158.5239
159.6232
158.5239
159.132
159.5757
158.5239
158.5239
158.5239
158.5239
159.687
158.5239
158.5239
159.0838
159.2797
159.9292
160.3299
159.8114
160.1879
160.9819
159.8418
159.3568
159.3703
159.5116
159.3706
159.3805
159.5815
159.7292
159.5491
159.3027
159.4322
159.0639
159.5573
158.7862
158.9568
158.6838
158.9268
158.7524
158.6155
158.5122
157.6295
157.2367
158.2667
158.1212
158.1617
158.3592
158.4975
156.9807
157.8322
156.9807
156.9807
158.1085
156.9807
156.9807
157.679
158.1607
158.6913
158.6096
158.6349
158.3755
158.8717
158.5344
158.5954
158.6377
157.6993
157.5649
156.7909
156.7909
156.7909
157.1988
156.7909
156.7909
156.7909
156.7909
156.7909
156.7909
156.7909
157.3534
156.9383
157.8206
158.064
158.4597
158.3149
158.5395
158.6196
158.0527
157.769
157.8653
157.4087
157.8915
157.8046
157.9649
156.8573
157.0124
157.2979
156.859
156.895
156.0601
156.8741
156.8314
156.5239
156.0199
156.1727
155.9001
155.9001
155.9823
155.9001
155.9001
155.9001
155.9001
156.4202
155.9001
155.9001
155.9001
155.9001
157.0663
155.9001
156.5143
155.9001
156.9695
155.9001
155.9001
155.9001
155.9001
155.9001
157.335
155.9001
157.0649
155.9001
155.9001
155.9001
155.9001
155.9001
155.9001
155.9001
155.9001
155.9001
156.2911
155.9001
155.9001
156.1321
155.9001
155.9001
156.969
156.9822
155.9001
155.9001
155.9001
157.0063
156.6254
155.9001
155.9001
155.9001
155.9001
156.2828
155.9001
155.9001
155.9001
155.9001
157.3336
156.6899
155.9001
155.9001
156.7602
156.6309
156.6827
157.6276
157.6272
156.9219
156.4438
157.0848
156.6461
155.6506
156.7205
155.6506
155.6506
156.977
155.6506
155.6506
155.6506
155.6506
155.6506
155.6506
156.0926
156.4505
155.6506
156.6295
155.6506
156.6834
155.6506
156.5283
155.6506
155.6506
155.6506
155.6506
155.6506
155.6506
155.6506
155.6506
156.3516
155.6506
156.4291
155.6506
156.5212
155.6506
155.6506
155.6506
156.2749
156.9296
156.5797
156.4179
156.5301
156.4674
156.5171
156.0224
156.6553
156.4887
156.0935
155.3675
155.3675
155.3675
155.3675
155.3675
155.3675
155.3675
156.1035
155.3675
155.3675
155.3675
156.5691
156.6188
156.4036
156.7677
156.7026
156.7479
156.5818
156.0804
155.1679
155.1679
155.5552
155.5241
156.3742
156.0934
155.0157
155.6139
155.7652
154.6392
155.7891
154.6392
155.0157
156.0839
156.2869
155.8484
155.7635
156.3281
156.5338
156.39
156.2092
156.4148
156.5142
156.4102
155.8697
155.6313
155.1585
155.7426
155.9213
155.6204
155.8766
155.6045
155.8194
155.8788
155.1957
155.8472
155.6559
155.806
156.0936
156.0186
155.5062
155.7966
156.1186
155.4344
155.3642
155.4791
155.4754
155.1459
155.3853
155.1653
155.4138
155.5809
155.0195
154.007
154.007
154.7702
154.007
154.3564
154.8168
153.872
154.9315
153.872
153.872
153.8246
153.8246
153.8246
153.8246
154.3396
154.8629
153.7089
153.7089
154.5317
153.7089
154.3972
154.7207
153.7089
153.7089
153.7089
154.1132
153.7089
153.7089
153.7089
153.7089
153.7556
153.7089
154.5481
154.5062
155.0878
155.3862
155.5026
155.1304
155.0793
155.1734
155.3148
155.2325
153.2591
154.3631
154.6524
154.938
154.6716
154.8652
154.8413
154.5684
154.2001
154.2001
154.2066
152.8185
153.6078
152.8185
152.8185
152.8185
153.5572
152.8185
152.8185
152.8185
152.8185
153.6017
152.8185
152.8185
152.8185
152.8185
152.8185
152.8185
152.8185
152.8185
153.447
152.8185
152.8687
152.8185
152.8185
152.8185
152.8185
153.5022
154.4601
154.558
154.0673
154.3249
154.2708
154.7155
154.4608
153.7278
154.1185
153.6582
152.5326
153.716
152.5326
152.5326
152.5326
153.4465
152.5326
152.5326
152.5326
152.5326
153.3538
152.5326
152.5326
152.5326
152.5326
153.3276
152.5326
152.5326
153.7666
153.0327
154.2023
154.0385
154.1971
154.4772
154.265
154.2591
154.1257
154.2005
154.5071
154.8365
154.4223
154.2853
154.3679
154.174
153.7369
154.3367
154.0931
154.1459
154.0684
154.6451
154.0814
154.3831
154.3071
153.9635
154.112
153.5138
153.9487
153.3595
152.4105
152.2019
152.2019
152.2019
152.2019
152.2019
152.6974
152.2019
152.2019
152.2019
152.2019
152.2019
152.2019
152.2019
153.5457
153.7759
153.6909
153.6498
153.7917
154.0057
154.2386
154.0271
153.5961
154.029
153.7439
153.5768
153.4546
153.8089
154.0176
153.5375
153.6567
153.4485
153.5739
153.5934
153.5612
153.6038
153.9911
153.4034
153.3257
153.0363
153.6767
153.9636
153.3783
153.6053
153.5043
152.68
153.5522
152.2767
151.5563
151.5563
151.5563
151.5563
151.5563
151.5563
151.5563
151.5563
151.5563
151.5563
151.5563
151.5563
151.5563
151.5563
152.0059
151.5563
151.5563
152.486
152.1859
153.0366
152.8196
153.3508
153.443
152.9586
153.4592
153.003
153.2501
153.042
152.7286
152.7917
151.9441
151.2311
152.168
152.2254
152.6812
152.2823
152.3297
152.4321
152.606
151.4987
153.0075
152.748
152.5636
152.5486
152.5734
151.8962
152.3363
151.8599
151.5779
152.276
151.9399
151.6908
151.8965
152.115
152.2072
152.1972
151.7451
151.759
151.1957
150.8542
150.8542
150.8542
151.6714
150.8542
150.8542
150.8542
150.8542
150.8542
150.8542
151.6205
151.5698
151.362
151.9225
151.4935
151.2766
151.4544
151.0376
151.0513
151.4304
151.2444
151.1288
151.6804
150.4619
150.4619
151.2445
151.3911
150.4619
150.4619
150.4619
150.4619
150.4619
151.5654
150.4619
151.433
150.4619
150.4619
150.4619
150.4619
150.4619
150.4619
151.3666
151.6306
151.8785
151.6187
151.7191
151.5581
150.215
150.215
150.215
150.215
150.215
150.215
150.215
150.215
150.346
150.8357
151.7553
151.7656
151.6539
151.1635
151.0771
151.0644
151.274
150.8811
150.6831
150.7276
150.5697
149.5054
150.8422
150.8763
150.4142
149.5054
149.4464
149.4464
149.4464
149.4464
149.4464
149.4464
150.2248
150.2299
149.4464
149.9159
150.2205
149.7374
150.0108
149.4464
149.4464
149.4464
149.4464
150.1146
149.4464
150.6071
149.4464
149.8427
149.4464
149.4464
149.4464
149.7228
150.3352
150.4701
149.4464
149.4464
149.4464
150.6404
150.7293
150.769
150.6827
151.2609
150.8223
151.1448
151.0588
150.988
150.3696
150.7352
150.5455
151.0382
150.7772
150.7983
150.8435
150.5112
150.865
150.6627
150.7131
149.8228
149.5064
149.8345
149.387
149.1985
149.0462
149.0462
149.0462
149.0462
149.0462
149.8594
149.0462
149.0462
149.0462
150.1308
149.0462
149.0462
149.0462
149.0462
149.0462
149.0462
149.0462
149.0462
149.0462
149.0462
149.0462
149.0462
149.0462
149.0462
149.0462
150.0458
149.0462
149.0462
149.0462
149.0462
149.0462
149.0462
150.2107
149.7805
149.0462
149.0462
149.4706
149.0462
149.8923
150.2556
150.0354
149.4942
150.6616
150.6015
150.5228
150.4846
150.3666
150.0775
150.266
150.3511
150.0557
150.8713
150.4303
150.7662
150.1863
150.5237
150.5001
150.1988
149.4807
149.0445
149.969
148.6781
149.3642
149.9919
149.2785
149.1445
149.2363
148.455
148.455
148.455
148.455
149.3772
148.455
148.455
148.455
148.455
148.455
148.455
148.455
148.455
148.455
149.8849
149.8251
150.1035
149.816
150.1412
150.2716
150.007
149.7969
148.4503
148.0226
148.0226
148.0226
148.0226
148.0226
148.0226
148.0226
148.0226
148.0523
148.0226
149.4542
148.0226
148.0226
148.0226
148.0226
148.8553
148.1212
148.0226
148.6541
149.0031
148.7114
149.0533
147.8442
147.8442
147.8442
148.4733
148.9122
147.8442
147.8442
147.8442
147.8442
147.8442
148.3369
148.9272
147.8442
148.0786
148.8051
148.9245
148.8371
149.0276
149.0792
148.9766
149.1213
148.7115
148.8383
149.0387
148.5863
148.8637
149.1451
148.8783
148.7162
149.0718
148.5978
148.7765
148.7069
148.5891
148.3875
148.882
148.7234
148.512
148.5713
148.5173
148.7583
148.119
148.4773
148.4595
148.3477
146.9943
147.3167
146.9162
146.9162
148.4053
146.9162
146.8719
146.8719
147.7026
146.8719
147.2582
146.8719
146.8719
146.8719
146.8719
146.8719
146.8719
146.8719
146.8719
147.5609
146.8719
147.7553
148.2475
148.1645
148.1729
148.6131
148.2024
148.5487
147.9666
148.0158
147.4557
146.7213
147.7453
147.3702
147.6603
146.6035
146.6035
146.6035
147.1729
146.6035
147.704
147.9905
147.7626
147.9596
147.4663
147.7448
147.8112
147.7001
148.1137
148.011
147.5437
147.1783
147.6107
147.0289
146.037
146.0098
146.0098
146.1414
145.9819
146.7708
145.9819
145.9819
145.9819
145.9819
145.9819
145.9819
145.9819
145.9819
145.9819
145.9819
145.9819
147.3214
145.9819
145.9819
145.9819
145.9819
145.9819
145.9819
145.9819
145.9819
145.9819
145.9819
146.3755
147.3282
147.0772
145.966
145.966
145.966
145.966
146.9707
145.966
146.3147
145.966
146.2378
145.966
145.966
145.966
145.966
147.3778
145.966
145.966
145.966
145.966
145.966
146.9094
146.4673
147.1271
147.1818
147.478
147.5618
147.0252
147.4227
147.4744
146.8817
146.9559
147.0863
147.589
147.2369
147.3337
147.131
147.0427
147.8173
147.4345
147.0983
145.966
147.2372
146.5005
147.4775
147.2523
147.3248
147.6501
147.4913
147.0367
147.6084
147.4249
147.6588
147.5288
147.418
147.3294
147.2464
147.8562
147.6794
147.6326
146.813
145.7917
147.149
147.5071
147.7288
147.186
147.3829
147.1574
147.0559
146.1477
147.3537
147.4034
147.3208
147.2423
147.0607
146.9265
147.3843
146.8814
147.0391
147.8244
147.3923
147.8426
147.4247
147.58
147.0987
146.6415
146.9324
147.5601
147.1234
147.7869
147.0735
147.0081
146.7918
146.9301
146.2035
146.5707
146.0574
145.3753
146.3181
146.1329
145.2984
145.9724
145.2984
146.2991
146.1108
146.7974
146.4259
147.0556
147.0622
146.8325
146.7744
146.4279
146.9959
146.6629
147.0572
147.3053
146.7093
146.4598
146.534
146.3118
146.3041
146.2304
146.4634
146.0772
146.0983
145.3865
146.0954
145.8839
145.468
144.4364
144.4364
144.4364
144.6211
144.4364
144.4364
144.4364
144.4364
144.4364
144.4364
144.4364
144.4364
145.1847
144.4364
144.4364
145.3678
144.4364
145.461
146.3644
145.9611
145.3715
145.1761
144.2976
144.2976
145.4306
144.2976
144.5997
145.4266
145.0829
145.6813
145.8862
145.3583
144.9545
144.7446
144.7659
143.8022
143.8022
143.8022
144.9115
144.8516
145.337
145.179
145.3949
145.5522
145.4054
145.5433
145.554
145.2831
145.4023
145.4317
145.7102
145.5254
145.2348
145.7987
145.4304
145.4732
145.5798
145.2999
145.0172
144.867
145.0901
144.8464
145.1012
144.8252
145.116
144.8001
144.8385
145.3179
144.8525
144.8903
145.0337
144.6766
144.7644
144.7783
144.845
145.6765
144.8697
144.3856
144.2128
144.8253
144.3962
144.1595
144.7278
144.2221
144.0939
142.7928
142.7928
143.6957
142.7928
142.7928
142.7928
143.7834
142.7928
142.7928
142.7928
142.7928
142.7928
143.7389
143.4748
142.7928
142.7928
142.7928
142.7928
142.7928
143.5663
142.7928
143.4313
143.5608
144.2561
143.9924
144.3577
144.1021
143.9621
143.8739
143.7564
143.457
142.5232
143.2496
143.0597
143.3063
142.4168
142.3703
142.5358
143.0131
142.3703
142.3703
143.0891
142.3703
142.3703
142.3703
142.3703
142.3703
142.3703
142.3703
142.3703
142.3703
143.642
142.3703
142.3703
142.3703
142.3703
142.3703
142.3703
142.3703
143.2929
142.3703
142.3703
142.3703
142.3703
142.3703
142.3703
142.3703
142.3703
143.5566
142.3703
142.3703
143.2413
142.3703
143.9211
143.2646
143.3186
143.3282
143.409
143.3593
142.3703
143.914
143.3728
142.9499
143.6564
143.351
142.9301
143.4403
143.4369
143.7276
143.2668
143.547
143.6058
143.6421
143.6338
143.3608
142.2484
142.3439
143.3743
143.2563
142.8915
142.1787
142.1787
142.2482
143.0748
142.6957
142.222
142.919
141.9276
141.9276
142.252
141.9276
141.9276
141.9276
141.9276
141.9276
141.9276
141.9276
141.9276
142.3376
141.9276
141.9276
142.1986
141.9276
141.9276
141.9276
142.5374
141.9276
142.7089
141.9276
141.9276
143.2641
141.9276
141.9276
141.9276
142.7368
141.9276
142.7516
143.0656
142.6371
143.7292
143.3226
143.3006
143.5923
141.8988
143.0549
141.8988
141.8988
141.8988
141.8988
142.6971
141.8988
141.8988
142.6109
141.8988
142.5055
141.8988
141.8988
141.8988
141.8988
141.8988
143.042
142.3459
141.8988
141.8988
141.8988
141.8988
141.8988
141.8988
141.8988
141.8988
141.8988
142.8527
142.2803
141.8988
141.8988
142.6982
141.8988
141.8988
141.8988
142.6344
141.8988
141.8988
141.8988
141.8988
141.8988
143.4217
143.0893
143.8352
143.6264
143.2797
143.0753
143.2518
144.1369
143.1354
143.574
143.2557
143.4109
143.45
143.4054
142.9087
142.6982
142.4275
142.9916
142.6485
142.9246
142.4742
141.6498
141.6498
141.6498
141.6498
141.6498
141.6498
142.4307
142.1154
141.6498
141.6498
141.6498
141.6498
142.273
141.6498
142.1873
142.2905
141.6498
141.6498
141.6498
141.6498
142.8433
142.8482
141.6498
141.6498
141.6498
141.6498
141.6498
141.6498
141.6498
141.6498
141.6498
141.6498
141.6498
142.7645
141.6498
141.6498
141.6498
141.6498
141.6498
141.6498
141.6498
141.6498
141.6498
141.6498
141.6498
141.6498
141.6498
141.6498
141.6498
142.2503
141.6498
141.6498
141.6498
141.6498
141.6498
141.6498
142.3615
141.6498
141.6498
141.6498
141.6498
141.6498
141.6498
141.6498
141.6498
141.9031
141.6498
142.5169
142.5532
141.6498
141.6498
141.6498
141.6498
141.6498
141.6498
141.6498
141.6498
142.9268
143.2977
142.6156
141.8426
142.9637
143.3712
142.9006
142.501
142.9943
143.1072
143.073
143.3619
142.9474
143.4534
143.6249
142.8796
142.7944
143.0538
142.468
140.9154
142.0936
140.9154
142.1048
142.2287
141.9134
142.2165
140.8698
140.8698
140.8698
140.8698
140.8698
141.7956
140.7667
141.4212
141.4381
140.7667
140.7667
140.7667
140.7667
140.7667
140.7667
140.7667
140.7667
140.7667
140.7667
141.3251
141.6325
141.4541
140.7667
140.7667
140.7667
140.7667
140.7667
140.7667
140.7667
140.7667
142.2822
140.7667
140.7667
140.9963
140.7667
140.7667
140.7667
140.7667
140.7667
140.7667
140.7667
140.7667
140.7667
141.2655
140.7667
140.7667
140.7667
140.7667
140.7667
142.1184
140.7667
140.7667
141.1604
140.7667
140.7667
140.8897
140.7667
140.7667
140.7667
140.7667
140.7667
140.7667
140.7667
140.7667
142.3214
140.7667
140.7667
140.7667
140.7667
140.7667
140.7667
140.7667
140.7667
141.7495
140.7667
140.7667
140.7667
140.7667
140.7667
140.7667
140.7667
140.7667
140.8299
141.8915
140.7667
140.7667
141.8063
140.7667
140.7667
140.7667
142.1005
140.7667
140.7667
140.7667
141.4454
140.7667
140.7667
142.1002
140.7667
140.7667
140.7667
141.5836
140.7667
140.7667
140.7667
140.7667
140.7667
140.7667
140.7667
140.7667
140.7667
141.0645
142.2801
140.7667
140.7667
140.7667
140.7667
141.8159
140.7667
140.9606
140.7667
141.3023
141.5914
140.7667
141.2462
140.7667
140.7667
141.8175
140.7667
140.7667
141.3506
141.9092
141.2954
140.7667
141.2189
140.7667
140.7667
140.7667
141.7975
140.7667
140.7667
140.7667
140.7667
140.7667
140.7667
141.2501
140.7667
140.7667
140.7667
140.7667
140.7667
140.7667
140.7667
140.7667
140.7667
140.7667
141.251
141.5401
141.6374
142.5023
142.0705
142.0558
142.153
142.4345
142.5716
142.6054
142.2008
142.5367
142.0074
141.7733
141.193
141.2179
141.6164
141.7254
141.6586
140.568
141.4199
141.7814
141.9986
141.4542
140.5677
140.5677
141.1981
140.5677
141.3137
140.5677
140.5677
140.5677
140.5677
140.5677
140.5677
140.5677
141.6326
140.5677
140.5677
140.5677
140.5677
140.5677
140.5677
140.5677
141.6878
140.5677
140.5677
140.5677
140.5677
141.6902
140.5677
140.5677
140.5677
140.5677
140.8385
141.8431
141.7897
141.6149
140.3269
140.3269
140.3269
140.3269
141.102
140.3269
140.3269
140.3269
140.3269
140.3269
140.3269
140.3269
140.3269
140.3269
140.3269
140.3269
141.013
140.3269
140.3269
140.3269
140.3269
140.6963
140.3269
140.3269
141.7482
140.3269
140.3269
140.9693
141.4429
141.4082
141.5428
141.4309
141.3381
141.4758
141.3298
140.7506
140.6421
140.643
140.1159
140.5816
140.0553
140.0553
140.4813
140.7563
140.0553
140.0553
140.0553
141.0284
140.0553
140.0553
140.0553
140.0553
140.8178
141.0354
140.0553
140.0553
140.0553
140.0553
140.0553
140.0553
140.0553
140.0553
140.0553
140.0553
140.0553
140.2484
140.0553
140.0553
140.0553
140.9051
140.0553
141.42
140.0553
140.0553
140.0553
140.0553
140.9722
140.0553
140.0553
141.2894
141.3623
139.9681
139.9681
139.9681
139.9681
140.9731
139.9681
141.0584
139.9681
139.9681
139.9681
139.9681
139.9681
141.2127
139.9681
139.9681
139.9681
141.088
139.9681
141.0276
140.3228
139.9681
141.3878
139.9681
139.9681
139.9681
139.9681
139.9681
139.9681
139.9681
140.4805
141.206
139.9681
139.9681
139.9681
139.9681
140.8708
141.1489
141.56
141.5582
141.2492
141.1501
141.4426
141.1029
141.2198
140.8143
141.5238
141.5642
141.1006
141.3019
141.1724
140.9642
141.1544
141.3328
141.4525
140.7885
141.5184
141.6579
141.0662
141.5555
141.3853
141.536
140.6978
140.6839
141.279
140.8404
140.631
140.8948
140.8487
141.2901
140.9443
140.0972
140.6876
140.31
140.035
140.4867
140.6681
140.6674
140.7836
140.3616
140.43
140.6709
140.1827
140.745
140.3315
140.2737
140.329
140.166
139.1569
139.1569
139.1569
139.3506
139.1432
139.1432
139.1432
139.1432
139.1432
139.1432
139.1432
139.1432
139.1432
139.1432
139.1432
139.5527
139.1432
139.1432
139.1432
139.1432
139.1432
139.1432
139.1432
139.1432
139.1432
140.1772
139.1432
139.1432
140.1908
139.1432
139.1432
139.1432
139.1432
139.1432
139.1432
139.1432
139.1432
139.7576
139.1432
139.1432
139.1432
139.1432
139.1432
139.1432
139.1432
139.1432
139.1432
139.1432
139.3074
139.1432
140.3412
139.1432
139.1432
140.3031
139.1432
139.1432
139.1432
139.7874
139.1432
139.1432
139.1432
139.1432
139.1432
139.1432
140.0528
139.1432
139.1432
139.1432
139.1432
139.1432
139.1432
139.1432
140.1135
139.1432
139.1432
140.1746
139.1432
139.1432
139.1432
139.1432
139.1432
140.7467
139.1432
139.1432
139.1432
139.1432
139.1432
139.1432
139.1432
139.1432
139.1432
139.1432
139.1432
139.9391
139.1432
140.4192
139.1432
139.1432
139.1432
139.8625
139.1432
140.2459
139.1432
139.4814
140.091
140.5804
140.428
140.2063
140.4694
139.6968
140.6376
140.5943
139.1983
138.9028
138.9028
138.9028
138.9028
138.9028
138.9028
138.9028
138.9028
138.9028
138.9028
138.9028
138.9028
138.9028
139.7869
138.9028
138.9028
138.9028
139.7087
140.3016
139.8696
140.0263
140.4929
140.7517
140.9971
141.1102
140.6169
140.9775
141.0238
141.1017
140.7501
140.6655
140.478
140.3868
140.1992
139.674
139.3752
139.1988
138.5715
138.2288
138.7608
139.0825
137.7697
137.7697
137.7697
137.7697
138.21
137.7697
137.7697
139.1481
139.2754
139.0115
139.4368
139.3849
139.7659
139.5137
139.5555
139.2197
139.2087
139.553
137.5397
137.4882
138.2353
137.4882
138.2599
137.8439
137.4882
137.4882
137.4882
137.4882
137.4882
137.4882
137.4882
137.4882
137.4882
137.4882
138.1982
138.2897
137.4882
138.5099
137.4882
137.4882
137.4882
138.297
137.4882
137.4882
137.4882
137.8847
137.4882
138.0673
137.4882
137.4882
137.4882
137.4882
137.4882
137.4882
137.4882
138.0228
137.4882
137.4882
137.4882
137.4882
137.4882
137.4882
137.4882
137.4882
137.4882
137.4882
138.3416
138.4968
137.4882
137.4882
137.4882
137.4882
137.4882
137.4882
137.4882
137.4882
137.4882
137.4882
138.1951
137.4882
137.4882
137.4882
137.4882
137.4882
137.4882
137.4882
137.4882
137.4882
137.4882
137.4882
137.4882
138.2846
138.533
138.3339
138.4339
138.2999
138.4911
138.5931
138.9058
138.7751
138.8239
137.2671
137.2671
137.6131
138.0262
138.6386
138.6801
139.0418
138.6386
138.3251
137.579
137.1104
136.9699
137.8629
138.2327
137.709
138.4699
137.4501
138.3822
138.5822
138.4684
138.3787
138.6328
138.5479
138.3663
137.8316
138.1916
138.2243
138.2582
138.2428
138.162
138.4954
138.4608
138.2437
137.9615
138.1739
138.3371
138.0728
137.7024
136.9617
136.5895
136.5895
136.5895
136.5895
136.5895
136.5895
136.5895
136.5895
136.5895
136.5895
136.5895
136.5895
136.5895
136.5895
136.5895
136.5895
136.5895
137.698
136.5895
136.5895
136.5895
136.5895
136.5895
137.5931
137.6606
136.5895
136.5895
136.5895
136.5895
137.6306
137.3939
137.8998
138.1721
138.0244
136.5869
136.5869
136.5869
136.5869
136.5869
136.5869
136.5869
136.5869
137.543
136.5869
136.5869
136.5869
136.5869
136.5869
136.5869
137.0301
136.5869
136.5869
136.5869
136.5869
136.5869
137.6706
137.892
138.3217
138.0924
138.7087
138.3581
138.4088
138.0218
137.5558
137.5629
138.4171
138.5833
137.815
138.0155
137.09
136.3897
136.3897
136.3897
136.3897
136.3897
136.3897
136.3897
136.3897
136.9903
136.3897
136.3897
136.3897
136.3897
138.0792
136.3897
137.4428
137.5388
137.9222
137.8561
138.5061
137.5011
137.8892
137.0477
137.9067
138.1028
138.2025
137.9395
138.1738
138.1072
137.7217
137.9163
137.9734
137.8704
137.6021
137.7469
137.1988
138.1721
137.983
137.8115
137.9572
137.9795
137.7486
138.312
138.149
138.0029
138.1607
138.1313
138.0193
138.5354
138.0697
138.2663
138.534
138.2178
137.838
138.4138
138.3941
138.179
138.1407
138.1024
137.4805
137.9036
137.6217
137.9274
137.6543
138.4922
138.5664
138.431
138.2507
138.1761
138.2462
138.0031
138.7346
137.9612
138.3576
138.2166
138.1698
138.0452
138.162
138.4795
137.8498
138.4343
138.3444
138.5993
138.1813
138.7731
138.5093
138.4714
136.2007
136.2007
136.2007
136.2007
136.9615
136.6686
136.2007
136.2007
136.2007
136.2007
137.2346
136.2007
137.5992
136.2007
136.2007
136.2007
136.2007
136.2007
136.2007
136.2007
136.2007
136.2007
136.2007
136.2007
136.2007
136.2007
136.6248
136.2007
136.2007
136.2007
137.3393
136.2007
137.478
136.3334
137.6289
137.5531
137.3316
137.5966
137.2163
136.8376
136.1678
136.1678
136.6307
136.1678
136.1678
136.1678
137.5388
136.1678
136.1678
136.1678
137.3822
136.1678
136.1678
136.1678
136.1678
136.1678
136.7414
136.1678
136.1678
136.1678
136.1678
136.1678
137.353
136.1678
136.1678
136.1678
136.4331
136.1678
136.1678
136.1678
136.1678
136.1678
136.1678
136.1678
136.1678
136.9118
136.1678
136.903
137.1793
136.1678
136.1678
136.1678
136.1678
136.1678
136.1678
136.856
136.1678
136.1678
136.1678
136.1678
136.1678
136.1678
137.313
136.1678
136.1678
136.1678
136.1678
136.1678
136.1678
136.1678
136.1678
137.1645
136.1678
136.1678
136.1678
137.1729
136.1678
136.3152
136.1678
136.1678
136.1678
136.1678
136.1678
136.1678
137.1747
137.4838
137.6961
137.7138
137.8185
136.32
136.038
136.038
136.7212
136.5684
135.9803
135.9803
136.0027
135.9777
136.539
135.9777
135.9777
135.9777
137.3976
137.0521
137.301
136.6865
137.034
137.3865
137.5831
137.9029
137.803
137.276
137.5548
137.8296
137.3758
137.6077
137.3221
138.0196
137.2587
137.2693
137.7293
136.9689
137.0327
137.4587
137.2493
137.6227
137.9423
137.5076
137.6199
137.0808
135.6365
135.6365
135.6365
135.6365
136.8742
135.5014
135.5014
135.4983
135.4983
135.4983
135.4983
135.4983
135.4983
136.3723
135.4983
135.4983
135.4983
135.4983
135.4983
135.4983
135.4983
135.4983
135.4983
135.4983
135.4983
136.789
135.4983
135.4983
135.4983
135.4983
135.4983
135.4983
135.4983
135.4983
135.4983
136.555
136.648
136.3095
136.9146
136.3702
136.1504
136.5874
136.8733
136.4827
136.981
136.499
136.3848
136.3962
136.4626
136.7946
136.0428
136.3687
134.862
134.6649
134.6649
134.6649
134.6649
134.6649
134.6649
134.6649
134.6649
134.6649
134.6649
134.6649
134.6649
134.6649
134.6649
134.6649
134.6649
134.6649
135.0869
134.6649
134.6649
134.6649
134.6649
134.6649
135.813
136.1478
134.6649
134.6649
134.6649
134.6649
134.6649
135.3758
134.6649
134.6649
136.0583
135.7332
134.6649
134.6649
134.6649
134.6649
134.984
134.6649
134.6649
134.6649
134.6649
134.6649
134.6649
134.6649
134.6649
134.6649
134.6649
134.6649
135.7459
136.1644
135.4196
135.6736
135.4816
136.4467
135.7969
135.9407
136.4122
135.7189
136.0083
136.0371
136.5106
136.5677
136.4442
136.1643
136.3441
136.5109
137.2662
136.7114
136.2519
136.371
136.076
135.9462
136.3629
136.5085
135.6922
135.6634
135.0943
135.343
134.6259
135.1201
135.032
134.9239
134.9583
135.1398
134.9957
135.2853
134.7794
133.7599
133.7599
133.7599
133.7599
133.7599
133.7599
133.7599
133.7599
134.919
133.7599
133.7599
133.7599
134.6672
134.5771
134.8734
134.9622
134.8503
134.7442
134.7746
135.1728
134.9102
134.8236
135.2124
135.3772
135.0668
134.9538
134.8486
134.4529
133.6027
133.7425
133.6027
133.8985
134.7154
133.4129
134.2213
134.418
133.3974
133.3974
134.1356
134.3144
134.4388
134.907
135.07
134.8351
135.0561
135.0406
135.6275
134.9363
135.3068
135.0815
135.1074
134.5166
135.211
134.7453
135.3343
135.1827
135.2331
135.4577
135.1582
134.8501
135.1669
134.5497
133.256
133.791
134.6054
133.8997
133.882
133.5625
133.2893
134.3631
134.2882
134.2864
134.437
133.3336
133.1687
132.7618
132.7618
132.7618
132.7618
133.7908
132.7618
132.7618
132.7618
132.7618
132.7618
132.7618
132.7618
132.7618
132.7618
134.3062
132.7618
132.7618
132.7618
132.7618
132.7618
132.7618
133.6968
132.7618
132.7618
133.7196
132.7618
133.4188
132.7618
132.7618
133.9136
134.238
133.7625
134.326
134.4776
134.1224
134.0681
134.2903
134.2497
134.3035
134.1234
134.1005
134.3698
133.8741
134.3686
134.1962
134.1774
133.8876
133.5927
134.1695
133.9417
134.1608
134.0003
134.1447
134.1568
134.2628
133.9047
132.4558
132.5274
133.2013
133.6698
133.6798
133.1137
133.429
133.8878
133.2654
133.4894
133.4565
133.3632
132.0964
132.0964
132.0964
132.0964
132.0964
132.0964
132.0964
132.0964
132.0964
132.0964
132.0964
132.0964
132.0964
132.0964
132.0964
132.0964
132.0964
133.1232
132.0964
132.2133
132.0964
132.0964
132.0964
132.0964
132.0964
133.2333
132.0964
132.0964
132.0964
132.7114
132.0964
132.0964
132.0964
132.0964
132.0964
132.9295
132.0964
132.0964
132.0964
132.0964
132.0964
132.0964
132.0964
132.0964
132.249
133.286
133.6064
134.1651
133.578
133.3478
133.6814
134.3148
133.8513
133.8054
133.8473
133.8612
133.0164
133.663
133.8598
133.9084
133.7653
133.5363
133.9535
134.1465
134.1156
134.4326
133.9053
133.9942
134.0793
134.4593
134.2139
134.5423
134.0649
134.0919
134.0211
134.2344
133.8992
133.6253
133.4525
132.4739
132.2258
132.1758
131.6646
132.7331
131.6646
131.6646
131.6646
132.8099
131.6646
132.1307
131.6646
132.4512
131.6646
131.6646
131.6646
131.6646
132.0186
131.6646
131.6646
131.6646
131.6646
132.1797
131.6646
131.6646
132.9617
131.6646
131.6646
131.6646
131.6646
132.97
131.6646
131.6646
131.6646
131.6646
131.6646
132.8927
133.1441
131.6646
131.6646
131.6646
131.6646
131.6646
131.6646
131.6646
131.6646
131.6646
131.6646
131.6646
131.6646
132.4315
131.6646
131.6646
132.1562
131.6646
131.6646
131.6646
131.6646
132.3601
131.6646
132.5057
131.6646
131.6646
131.6646
131.6646
131.6646
131.6646
131.6646
133.6257
132.6297
132.5307
133.0109
132.6122
133.0241
132.8336
132.9696
133.5726
133.3739
133.379
133.4445
133.4392
133.9858
133.655
133.6998
133.5327
133.5621
133.0704
132.5378
133.3168
133.1799
133.2568
133.2924
133.0637
132.6064
133.2615
133.195
133.0383
133.1254
131.2809
131.2809
131.2809
131.2809
132.5036
131.2809
131.2809
131.2809
132.6961
131.2809
131.2809
131.2809
131.2809
131.2809
132.9054
131.2809
131.2809
131.2809
131.2809
131.2809
131.2809
131.2809
131.2809
131.7803
131.2809
131.2809
131.2809
131.2809
131.8812
131.2809
131.9301
131.2809
131.2809
131.2809
132.3433
131.2809
131.2809
131.2809
131.2809
131.2809
131.2809
131.2809
131.2809
131.801
131.2809
131.2809
131.2809
131.5701
132.6497
132.8066
132.6395
132.9355
132.8883
132.6819
132.5958
132.7173
133.1083
133.1803
133.2237
132.9008
132.6001
132.5349
132.5775
132.4753
132.8291
132.9853
132.9194
132.8493
133.1763
132.4858
130.8728
131.9627
131.1167
132.5444
132.123
131.7256
131.2305
131.457
132.5392
132.277
132.4695
132.3533
132.0171
132.7054
132.427
132.5731
132.4849
133.0881
132.2953
131.1594
132.5058
131.8098
131.7236
131.5155
130.5189
130.5189
130.5189
130.5189
130.5189
130.5189
130.5189
130.5189
130.5189
130.5189
130.5189
130.5189
130.5189
130.5189
130.5189
131.2551
131.3155
131.7589
131.9751
132.1709
132.1298
131.5647
132.4178
131.9166
131.5556
132.2357
132.2169
132.1142
131.7679
129.9241
129.9241
130.9778
130.6642
130.8071
129.7308
129.7308
129.7308
130.1945
130.439
130.7866
130.9171
131.3992
130.695
130.1471
130.1577
130.8579
131.5115
130.7236
130.0901
129.4715
129.4715
129.4715
129.4715
129.4715
129.4715
129.4715
129.4715
129.4715
129.4715
129.4715
129.4715
129.4715
129.4715
129.4715
129.4715
130.2704
129.4715
129.4715
129.4715
131.0786
130.1655
130.8253
129.4715
130.2327
130.1144
130.4485
130.5504
129.0458
130.4463
129.0458
129.0458
129.0458
129.0458
129.0458
129.0458
129.0458
129.0458
129.9359
130.6942
129.0458
129.0458
129.0458
130.0291
129.0458
129.0458
129.0458
129.0458
129.0458
129.0458
129.0458
130.1656
129.0458
129.0458
129.0458
129.0458
130.3149
129.0458
129.912
129.0458
129.0458
129.0458
130.3046
130.1652
129.0458
129.0458
129.0458
129.0458
129.0458
129.0458
129.0458
129.0458
129.0458
130.4993
129.0458
129.0458
129.0458
129.0458
129.0458
129.0458
129.0458
129.0458
129.0458
129.0458
129.0458
129.0458
129.0458
129.0458
129.0458
129.0458
129.0458
129.0458
129.0458
129.0458
129.0458
129.0458
129.8482
129.0458
129.0458
129.0458
129.6681
129.0458
130.06
129.0458
129.0458
129.0458
129.0458
129.0458
129.0458
129.0458
129.0458
129.9999
129.9413
129.0764
128.9715
129.1142
128.9715
129.4991
128.9715
128.9715
128.8691
128.8691
128.8691
128.6858
128.6858
128.6858
128.6858
129.3572
128.6858
128.6858
128.6858
128.6858
128.6858
128.6858
128.6858
128.6858
128.6858
129.5885
128.6858
128.6858
128.6858
128.6858
129.3105
128.6858
128.6858
128.6858
128.6858
128.6858
129.4477
128.6858
128.6858
129.2742
128.6858
128.6858
129.6997
128.6858
128.6858
128.6858
128.6858
128.6858
128.6858
128.6858
128.6858
128.6858
128.6858
128.6858
128.6858
128.6858
128.6858
128.6858
128.6858
130.0551
129.3716
128.6858
128.6858
129.4792
129.5315
128.6858
128.6858
129.6982
128.6858
128.6858
128.6858
128.6858
128.6858
128.6858
128.6858
128.6858
128.6858
129.539
128.6858
129.5953
128.6858
128.6858
128.6858
128.6858
128.6858
128.6858
128.6858
128.6858
128.6858
128.6858
128.9712
128.6858
129.6942
128.6858
128.6858
128.6858
128.6858
128.6858
128.6858
128.6858
128.6858
128.6858
128.6858
128.6858
129.3819
128.6858
129.934
129.5614
130.609
130.2624
129.9618
130.4509
130.1336
130.223
129.2884
129.4408
129.1722
129.8424
129.76
129.4899
129.7362
129.7832
129.8226
129.8228
129.6848
130.261
129.5232
129.7651
130.0373
129.9603
129.8091
129.6263
129.7644
129.652
129.9897
129.8373
129.9608
129.6161
129.8952
129.8354
129.7128
129.498
129.6235
129.2555
128.7494
128.8588
128.236
128.7256
128.0628
127.9195
127.9195
129.9005
129.8273
129.7054
129.6657
130.0002
129.5018
130.0296
129.4893
130.439
129.5908
129.9586
129.6125
129.8969
130.0361
129.7216
129.8765
129.2181
129.2807
129.4888
129.7678
129.4734
129.3821
129.3536
129.5539
129.4188
129.563
129.6701
129.613
129.3364
129.6132
129.2328
130.0347
129.5247
129.6678
128.6233
127.4589
127.4589
127.4589
127.4589
127.447
127.447
127.447
127.447
127.8795
128.3602
127.447
127.447
127.447
127.447
127.447
127.447
127.447
127.447
127.447
127.447
127.447
127.447
127.6257
128.2052
129.5645
129.4656
129.3882
129.3412
128.8441
129.2017
128.9657
128.6684
129.0596
128.8134
128.3485
127.138
127.6815
127.138
127.138
127.138
127.138
127.138
127.138
127.138