303
509
717
926
1131
1337
1543
1746
1954
2156
2362
2569
2776
2980
3185
3388
3594
3800
4001
4205
4410
4619
4822
5028
5234
5438
5641
5846
6053
6257
6466
6668
6873
7079
7282
7485
7692
7894
8100
8307
8511
8716
8924
9132
9339
9543
9750
9951
10160
10363
10571
10775
10978
11183
11384
11592
11795
12002
12207
12413
12616
12825
13033
13236
13440
13644
13849
14052
14255
14459
14666
14871
15075
15279
15485
15688
15892
16097
16303
16509
16715
16921
17130
17334
17540
17745
17948
18159
18361
18567
18774
18978
19181
19391
19598
19803
20008
20212
20417
20624
20827
21029
21237
21447
21651
21861
22065
22269
22471
22674
22878
23084
23290
23496
23701
23908
24116
24317
24524
24729
24934
25139
25349
25555
25761
25969
26173
26380
26584
26790
26993
27194
27403
27611
27821
28027
28233
28435
28636
28842
29045
29255
29461
29668
29875
30082
30284
30491
30698
30900
31107
31309
31513
31718
31926
32129
32331
32535
32737
32941
33148
33354
33560
33768
33973
34178
34383
34590
34799
35002
35209
35416
35623
35825
36032
36235
36442
36644
36847
37048
37253
37455
37660
37864
38067
38274
38478
38681
38887
39090
39293
39500
39701
39906
40111
40320
40526
40732
40941
41143
41348
41553
41759
41964
42170
42375
42580
42784
42988
43194
43401
43605
43807
44013
44217
44422
44629
44835
45039
45247
45457
45659
45862
46064
46270
46474
46676
46883
47085
47291
47497
47702
47903
48108
48316
48520
48725
48927
49128
49333
49542
49746
49951
50155
50361
50568
50777
50982
51183
51387
51593
51797
51999
52211
52416
52622
52825
53027
53232
53439
53646
53855
54060
54265
54470
54675
54877
55082
55287
55491
55696
55902
56108
56315
56518
56722
56929
57131
57333
57540
57742
57947
58150
58354
58566
58770
58974
59179
59383
59588
59790
59994
60198
60402
60605
60811
61019
61229
61439
61643
61845
62050
62258
62465
62668
62871
63077
63282
63486
63691
63898
64102
64306
64508
64711
64917
65120
65323
65527
65730
65933
66135
66338
66541
66744
66950
67155
67358
67564
67768
67973
68176
68380
68582
68788
68998
69202
69406
69613
69818
70024
70228
70433
70637
70839
71041
71244
71448
71650
71856
72061
72268
72470
72676
72879
73083
73290
73496
73699
73903
74108
74312
74519
74723
74924
75131
75334
75541
75744
75954
76159
76363
76568
76773
76979
77182
77385
77588
77791
77993
78201
78405
78616
78823
79027
79228
79431
79634
79840
80045
80250
80453
80658
80862
81070
81274
81479
81685
81890
82094
82298
82506
82710
82917
83119
83326
83529
83733
83936
84142
84345
84547
84753
84960
85165
85372
85580
85784
85990
86196
86403
86603
86809
87012
87224
87426
87631
87836
88042
88250
88456
88663
88864
89069
89273
89483
89687
89893
90094
90297
90507
90709
90911
91116
91324
91528
91734
91937
92142
92346
92548
92755
92961
93166
93367
93573
93778
93988
94193
94395
94598
94801
95008
95213
95420
95623
95830
96036
96242
96450
96652
96855
97059
97261
97464
97668
97874
98081
98286
98493
98702
98908
99111
99314
99515
99722
99929
100136
100342
100547
100754
100958
101160
101364
101569
101776
101984
102185
102388
102592
102801
103006
103207
103411
103615
103818
104027
104231
104437
104642
104846
105052
105256
105462
105667
105871
106079
106285
106490
106699
106902
107110
107315
107520
107728
107936
108142
108347
108551
108758
108964
109170
109376
109580
109784
109989
110191
110395
110596
110804
111009
111216
111423
111625
111830
112038
112243
112448
112651
112855
113060
113265
113468
113673
113878
114082
114282
114485
114696
114903
115106
115312
115519
115725
115933
116135
116343
116547
116756
116960
117164
117367
117574
117781
117986
118196
118398
118603
118809
119016
119221
119428
119634
119836
120038
120244
120447
120653
120858
121064
121266
121476
121680
121881
122086
122289
122498
122703
122910
123111
123319
123527
123730
123938
124144
124351
124552
124759
124963
125170
125380
125583
125790
125991
126198
126401
126607
126810
127014
127218
127425
127631
127836
128039
128246
128456
128656
128858
129061
129263
129466
129673
129881
130088
130294
130497
130702
130905
131111
131317
131523
131728
131932
132140
132345
132551
132755
132959
133163
133372
133578
133784
133989
134195
134406
134614
134817
135022
135225
135432
135639
135848
136054
136256
136460
136663
136868
137069
137272
137478
137683
137888
138093
138296
138499
138705
138910
139111
139315
139520
139724
139929
140131
140335
140541
140746
140952
141154
141358
141561
141769
141973
142182
142389
142594
142799
143003
143207
143412
143618
143824
144030
144238
144441
144652
144857
145060
145267
145471
145676
145886
146092
146295
146501
146704
146907
147113
147319
147529
147730
147936
148145
148355
148562
148765
148971
149173
149382
149585
149789
149994
150197
150402
150607
150810
151017
151223
151430
151633
151841
152044
152247
152451
152658
152863
153068
153272
153478
153679
153887
154093
154305
154508
154714
154919
155120
155322
155530
155730
155935
156139
156344
156550
156752
156953
157161
157370
157575
157789
157995
158200
158407
158614
158819
159025
159231
159437
159643
159846
160049
160255
160462
160669
160878
161082
161283
161491
161695
161900
162103
162308
162518
162723
162930
163136
163339
163545
163748
163957
164164
164371
164576
164781
164982
165184
165389
165592
165798
166002
166207
166411
166613
166817
167022
167228
167435
167637
167843
168050
168254
168457
168663
168865
169071
169276
169482
169683
169892
170099
170305
170510
170712
170917
171123
171328
171532
171733
171939
172145
172349
172554
172763
172965
173170
173375
173577
173785
173990
174195
174401
174606
174813
175017
175219
175424
175631
175834
176040
176244
176449
176656
176862
177070
177278
177483
177687
177892
178096
178300
178509
178713
178919
179128
179333
179537
179737
179939
180142
180348
180551
180755
180961
181165
181367
181570
181777
181981
182185
182391
182594
182796
183000
183204
183411
183612
183816
184020
184226
184430
184635
184838
185046
185251
185455
185659
185866
186069
186277
186482
186687
186890
187097
187302
187508
187712
187918
188123
188327
188537
188740
188944
189151
189353
189556
189765
189971
190173
190377
190579
190786
190991
191194
191401
191604
191808
192010
192214
192422
192627
192828
193030
193236
193439
193642
193844
194048
194252
194458
194662
194869
195072
195276
195485
195691
195894
196097
196301
196503
196709
196912
197115
197325
197527
197734
197937
198140
198349
198552
198757
198963
199168
199375
199579
199781
199986
200196
200402
200604
200811
201017
201221
201423
201633
201836
202042
202248
202450
202655
202860
203065
203269
203475
203680
203886
204089
204295
204499
204701
204906
205111
205317
205519
205725
205930
206137
206339
206544
206749
206952
207157
207361
207564
207767
207974
208176
208379
208582
208791
208994
209198
209406
209610
209815
210021
210225
210429
210631
210835
211043
211248
211452
211653
211859
212064
212270
212473
212677
212880
213086
213290
213495
213699
213906
214112
214314
214522
214725
214932
215144
215352
215558
215762
215966
216179
216387
216591
216796
217003
217213
217415
217619
217819
218022
218228
218432
218636
218844
219050
219254
219455
219660
219864
220068
220276
220485
220691
220897
221102
221309
221516
221717
221922
222131
222336
222541
222745
222948
223153
223358
223562
223767
223974
224176
224381
224583
224788
224989
225192
225399
225607
225811
226014
226219
226422
226625
226830
227035
227242
227448
227652
227854
228059
228267
228470
228676
228884
229089
229291
229497
229700
229908
230109
230312
230517
230726
230931
231134
231340
231546
231750
231955
232160
232365
232571
232777
232982
233189
233395
233598
233807
234013
234217
234420
234625
234830
235033
235236
235441
235647
235856
236057
236258
236466
236669
236872
237079
237284
237491
237696
237901
238104
238308
238513
238720
238925
239128
239331
239537
239741
239945
240151
240353
240556
240761
240965
241174
241380
241586
241788
241992
242199
242403
242611
242818
243019
243223
243430
243637
243838
244043
244250
244459
244664
244865
245071
245277
245484
245690
245897
246102
246309
246513
246716
246921
247125
247327
247533
247738
247942
248148
248352
248557
248760
248964
249169
249373
249578
249782
249988
250192
250399
250601
250810
251012
251218
251428
251632
251836
252041
252247
252450
252655
252862
253066
253273
253478
253681
253886
254090
254295
254502
254707
254911
255117
255320
255522
255727
255931
256136
256336
256538
256739
256944
257149
257357
257564
257773
257976
258184
258391
258595
258801
259006
259213
259417
259624
259828
260034
260241
260446
260649
260853
261057
261267
261471
261676
261880
262085
262291
262493
262696
262903
263109
263315
263519
263723
263929
264131
264337
264544
264750
264956
265160
265363
265569
265775
265982
266186
266390
266594
266796
266999
267205
267410
267613
267817
268024
268229
268431
268636
268840
269049
269253
269457
269661
269870
270077
270282
270489
270696
270898
271104
271314
271516
271722
271926
272134
272340
272544
272749
272957
273164
273371
273577
273782
273984
274189
274394
274603
274809
275011
275216
275421
275624
275828
276037
276242
276446
276653
276854
277060
277262
277465
277675
277876
278083
278288
278494
278696
278901
279105
279310
279516
279724
279928
280134
280339
280542
280749
280952
281157
281363
281569
281775
281979
282187
282395
282601
282804
283009
283213
283418
283621
283830
284037
284239
284447
284651
284853
285056
285263
285471
285680
285887
286091
286298
286504
286712
286913
287115
287324
287528
287729
287931
288137
288339
288545
288750
288956
289161
289365
289568
289772
289975
290182
290383
290586
290791
290998
291203
291409
291612
291816
292021
292228
292432
292641
292845
293050
293259
293467
293673
293881
294088
294293
294498
294702
294909
295113
295319
295524
295729
295933
296137
296342
296545
296747
296949
297152
297356
297562
297769
297972
298177
298381
298589
298794
298998
299202
299406
299611
299813
300017
300221
300425
300628
300829
301037
301247
301453
301659
301866
302070
302273
302475
302683
302888
303092
303299
303500
303708
303912
304116
304320
304527
304732
304940
305143
305348
305551
305755
305959
306162
306367
306572
306779
306984
307188
307391
307596
307798
308001
308208
308414
308622
308828
309032
309237
309439
309642
309842
310049
310252
310458
310660
310865
311069
311278
311484
311688
311894
312099
312304
312510
312716
312919
313126
313333
313537
313741
313946
314151
314356
314560
314766
314972
315181
315382
315589
315795
316002
316208
316411
316613
316820
317025
317232
317434
317640
317842
318047
318253
318457
318665
318868
319073
319276
319480
319683
319888
320091
320297
320502
320708
320913
321117
321324
321530
321736
321945
322151
322357
322560
322763
322967
323169
323371
323578
323784
323990
324195
324398
324600
324804
325012
325218
325421
325628
325834
326039
326245
326449
326658
326865
327072
327278
327478
327680
327887
328089
328295
328499
328706
328909
329117
329322
329528
329733
329940
330143
330348
330557
330759
330965
331172
331377
331582
331786
331995
332197
332408
332614
332819
333023
333227
333431
333634
333838
334040
334242
334445
334647
334857
335062
335265
335470
335675
335881
336083
336287
336493
336696
336901
337104
337309
337510
337715
337919
338123
338331
338538
338743
338952
339156
339360
339565
339771
339978
340183
340389
340593
340795
341001
341203
341405
341606
341814
342016
342221
342423
342628
342830
343031
343236
343439
343642
343847
344054
344263
344468
344674
344879
345083
345285
345493
345696
345900
346104
346306
346513
346717
346926
347130
347338
347543
347744
347949
348150
348356
348565
348768
348972
349179
349384
349590
349796
350003
350206
350414
350620
350826
351028
351230
351433
351638
351844
352048
352253
352458
352661
352869
353077
353281
353484
353691
353893
354098
354304
354510
354711
354915
355119
355322
355525
355733
355940
356147
356353
356559
356763
356964
357169
357373
357584
357790
357995
358198
358404
358608
358808
359011
359215
359422
359626
359829
360030
360233
360441
360646
360850
361053
361256
361462
361669
361873
362078
362280
362488
362693
362899
363102
363309
363514
363721
363923
364129
364331
364536
364743
364948
365159
365363
365567
365773
365982
366187
366389
366594
366797
367003
367208
367415
367621
367830
368030
368232
368441
368646
368851
369054
369261
369464
369669
369878
370089
370294
370497
370701
370906
371112
371319
371521
371726
371928
372136
372342
372545
372750
372955
373162
373367
373571
373775
373984
374188
374395
374599
374802
375006
375210
375414
375618
375827
376031
376238
376442
376647
376853
377060
377264
377466
377670
377875
378080
378286
378488
378692
378894
379100
379303
379508
379713
379918
380123
380324
380529
380732
380936
381141
381342
381548
381751
381957
382161
382363
382568
382771
382976
383183
383389
383595
383798
384005
384208
384414
384618
384819
385022
385226
385434
385635
385839
386041
386246
386449
386658
386861
387069
387276
387482
387686
387892
388096
388301
388501
388706
388911
389117
389324
389529
389735
389939
390142
390346
390550
390754
390959
391161
391364
391568
391771
391975
392180
392384
392586
392792
392995
393199
393405
393609
393814
394020
394222
394425
394630
394833
395042
395250
395457
395663
395874
396081
396286
396488
396692
396898
397104
397314
397521
397726
397930
398136
398340
398546
398750
398957
399159
399364
399570
399774
399977
400180
400391
400594
400799
401006
401210
401413
401618
401823
402036
402243
402449
402650
402857
403061
403270
403473
403679
403881
404088
404292
404496
404704
404907
405112
405318
405519
405726
405930
406133
406337
406541
406747
406954
407156
407362
407566
407772
407978
408184
408389
408592
408799
409006
409209
409414
409621
409822
410023
410231
410436
410644
410851
411059
411266
411471
411675
411884
412085
412291
412498
412705
412907
413109
413311
413518
413721
413924
414127
414335
414539
414748
414956
415159
415367
415572
415778
415980
416188
416391
416596
416805
417007
417210
417413
417615
417821
418028
418231
418438
418645
418850
419057
419263
419467
419674
419879
420081
420286
420488
420696
420901
421105
421309
421513
421717
421922
422125
422327
422534
422735
422938
423144
423351
423558
423762
423970
424176
424379
424583
424788
424993
425198
425402
425606
425814
426024
426229
426433
426638
426844
427048
427250
427450
427655
427860
428064
428268
428473
428675
428886
429091
429296
429500
429706
429912
430118
430322
430525
430733
430940
431145
431350
431559
431765
431972
432182
432388
432595
432797
433001
433207
433410
433617
433824
434026
434235
434442
434645
434849
435056
435259
435464
435667
435871
436076
436281
436488
436693
436896
437100
437303
437511
437716
437926
438131
438335
438542
438749
438958
439162
439363
439568
439776
439980
440187
440393
440598
440804
441010
441215
441417
441623
441828
442034
442242
442450
442657
442866
443073
443278
443485
443688
443892
444095
444298
444506
444709
444918
445125
445330
445537
445744
445948
446156
446359
446563
446770
446979
447185
447390
447595
447802
448004
448211
448414
448619
448825
449029
449233
449438
449645
449850
450055
450259
450460
450665
450870
451077
451283
451491
451694
451899
452103
452308
452516
452718
452921
453129
453330
453535
453737
453947
454151
454359
454559
454768
454971
455175
455380
455583
455785
455993
456199
456404
456609
456814
457021
457224
457433
457639
457841
458048
458252
458458
458664
458869
459072
459275
459480
459686
459889
460097
460304
460507
460715
460923
461127
461329
461533
461738
461942
462148
462349
462554
462757
462961
463164
463369
463572
463776
463979
464185
464385
464587
464789
464994
465197
465401
465603
465808
466012
466215
466419
466627
466833
467037
467245
467451
467655
467859
468063
468267
468474
468680
468888
469090
469295
469499
469704
469911
470116
470319
470523
470727
470931
471134
471337
471541
471751
471956
472162
472367
472571
472776
472989
473192
473395
473600
473803
474006
474208
474415
474619
474824
475030
475238
475443
475644
475848
476051
476253
476460
476664
476867
477070
477276
477480
477687
477890
478092
478294
478500
478704
478907
479114
479318
479522
479729
479934
480138
480343
480546
480751
480961
481163
481367
481570
481773
481977
482180
482384
482590
482795
483001
483207
483413
483616
483821
484028
484230
484434
484640
484843
485046
485250
485451
485653
485854
486059
486260
486465
486669
486873
487084
487289
487489
487696
487903
488112
488313
488520
488725
488934
489140
489343
489548
489752
489953
490157
490364
490572
490777
490981
491190
491392
491599
491803
492011
492213
492418
492622
492826
493033
493239
493445
493650
493857
494061
494261
494466
494670
494876
495079
495282
495485
495690
495894
496097
496301
496508
496720
496928
497132
497334
497540
497746
497949
498158
498365
498570
498776
498976
499182
499392
499599
499804
500010
500215
500418
500623
500826
501034
501240
501447
501652
501852
502055
502259
502462
502668
502871
503076
503281
503486
503688
503898
504104
504310
504518
504722
504928
505132
505335
505542
505749
505952
506157
506364
506568
506775
506978
507181
507386
507593
507803
508010
508219
508420
508626
508827
509032
509236
509442
509644
509846
510047
510253
510462
510673
510879
511083
511291
511498
511702
511909
512113
512320
512530
512732
512941
513145
513348
513551
513754
513961
514163
514370
514571
514774
514980
515188
515391
515598
515804
516009
516215
516425
516629
516831
517037
517240
517445
517647
517853
518056
518259
518464
518670
518875
519082
519290
519494
519698
519905
520110
520314
520518
520727
520937
521147
521354
521556
521763
521966
522173
522380
522584
522785
522992
523198
523403
523610
523816
524022
524228
524436
524643
524846
525051
525255
525460
525664
525869
526071
526276
526483
526688
526894
527099
527302
527506
527712
527915
528118
528322
528527
528734
528937
529139
529347
529551
529758
529964
530173
530377
530579
530781
530986
531192
531396
531600
531803
532009
532214
532421
532628
532832
533038
533241
533453
533657
533864
534070
534275
534484
534689
534894
535095
535298
535502
535710
535911
536116
536319
536520
536725
536929
537131
537335
537540
537752
537957
538161
538365
538572
538779
538986
539189
539393
539600
539806
540012
540218
540424
540635
540839
541044
541249
541454
541659
541864
542069
542274
542477
542683
542886
543088
543294
543500
543707
543915
544122
544326
544531
544736
544942
545147
545351
545555
545760
545965
546172
546373
546578
546786
546991
547198
547399
547604
547811
548017
548220
548427
548631
548839
549043
549248
549451
549657
549861
550063
550266
550472
550672
550879
551082
551286
551494
551697
551901
552110
552311
552512
552718
552922
553128
553334
553540
553745
553951
554156
554361
554563
554765
554966
555170
555374
555577
555785
555993
556200
556403
556607
556810
557016
557222
557428
557634
557839
558042
558244
558449
558655
558864
559068
559271
559475
559683
559886
560093
560300
560507
560709
560915
561119
561324
561528
561731
561934
562137
562342
562551
562754
562959
563166
563372
563577
563782
563989
564193
564398
564604
564811
565015
565217
565421
565626
565832
566039
566245
566451
566658
566862
567064
567272
567476
567682
567886
568091
568297
568503
568707
568913
569118
569321
569527
569733
569940
570148
570351
570554
570760
570966
571169
571374
571582
571785
571987
572195
572400
572605
572811
573016
573223
573429
573631
573834
574041
574243
574453
574657
574862
575067
575269
575476
575683
575887
576091
576294
576500
576704
576911
577117
577321
577526
577729
577934
578139
578347
578552
578754
578958
579164
579365
579568
579773
579981
580182
580388
580593
580800
581002
581208
581411
581617
581826
582032
582237
582442
582648
582854
583063
583269
583472
583678
583885
584090
584292
584497
584704
584911
585117
585322
585529
585733
585938
586140
586344
586550
586755
586964
587168
587377
587578
587785
587987
588190
588402
588607
588811
589019
589223
589427
589633
589839
590046
590252
590454
590660
590866
591070
591279
591485
591691
591899
592105
592310
592514
592717
592924
593126
593331
593535
593738
593946
594149
594355
594558
594763
594969
595176
595381
595587
595789
595994
596198
596403
596608
596814
597016
597223
597429
597631
597835
598036
598240
598447
598653
598859
599065
599271
599476
599687
599892
600099
600303
600508
600713
600922
601125
601331
601532
601738
601946
602153
602358
602563
602769
602975
603180
603385
603589
603799
604005
604210
604415
604619
604826
605031
605236
605439
605643
605847
606052
606259
606465
606669
606873
607081
607289
607493
607701
607903
608110
608313
608519
608724
608925
609129
609333
609537
609746
609954
610154
610360
610562
610765
610970
611178
611383
611590
611798
612000
612204
612408
612615
612821
613025
613228
613436
613639
613843
614051
614259
614464
614672
614876
615079
615282
615486
615698
615901
616108
616316
616520
616724
616929
617132
617335
617542
617747
617953
618155
618361
618567
618775
618978
619185
619390
619595
619799
620003
620209
620412
620617
620825
621027
621232
621440
621645
621850
622057
622261
622464
622669
622872
623082
623286
623492
623698
623899
624110
624316
624525
624732
624939
625145
625349
625553
625757
625959
626162
626369
626573
626779
626983
627186
627389
627592
627794
627999
628209
628417
628620
628827
629029
629233
629438
629646
629854
630060
630266
630471
630673
630874
631077
631280
631488
631692
631893
632095
632302
632507
632712
632914
633119
633328
633535
633739
633943
634145
634350
634558
634760
634963
635171
635373
635576
635780