514.7499
516.328
518.6938
521.538
522.2562
522.4717
525.5095
526.6825
526.0779
530.5435
532.66
531.797
537.8884
535.5908
538.6905
537.3945
538.7208
541.0272
544.4107
543.8219
548.9387
544.5834
545.8216
544.1904
547.1286
549.3072
547.559
552.3422
554.1152
553.6613
552.3962
551.6198
555.499
553.0145
554.8374
557.87
557.6152
559.7194
557.9753
557.9759
561.6482
564.78
564.6394
563.7452
567.5874
568.5254
566.925
568.8788
569.8213
570.3887
569.441
571.8408
572.6155
572.9089
573.5024
572.819
574.9852
573.6876
575.6302
574.6259
575.9048
578.2806
578.9451
578.9581
582.5814
583.5832
585.6812
587.149
587.5601
589.5202
591.1893
592.4788
594.1182
593.462
594.3354
596.4016
597.0786
596.47
598.2839
599.0874
600.5802
600.4789
600.0705
602.3953
602.459
603.5161
605.6516
604.6315
607.2443
607.4885
609.4951
609.7274
610.3879
609.5477
611.2978
611.4121
610.8618
611.335
611.6227
610.8477
612.888
612.3295
613.0638
614.7793
614.7795
617.0473
618.4415
619.7579
620.0761
621.3699
621.5798
622.2347
622.9134
623.1701
623.2237
624.377
624.3551
624.7914
624.8305
624.4579
625.6
626.0182
626.5413
626.2938
626.019
626.0581
626.5953
627.7055
627.7777
628.4497
627.9019
628.3372
627.7189
627.9065
627.9879
628.0129
628.139
629.662
630.5387
631.0266
630.7738
630.7526
631.0934
630.8149
631.7311
632.4984
631.0269
631.4451
632.6439
632.7354
633.211
634.0477
634.9167
635.7908
635.9423
636.5837
636.8367
638.144
638.767
638.0818
638.7952
638.2927
639.07
638.9335
639.6837
640.0997
641.149
641.3369
641.3701
642.26
642.0743
641.7044
642.8256
642.5793
643.4417
643.9181
643.6598
644.0372
644.8207
644.9125
645.9132
645.311
645.2225
645.8321
646.3342
646.9562
646.8707
648.4673
648.1212
649.4155
649.0472
649.1075
648.7399
648.9435
648.8007
649.1034
650.1158
650.3287
649.6583
650.8221
651.8594
651.6375
652.5278
654.9739
654.8725
654.6627
655.5325
654.7631
655.4053
655.8804
657.1126
657.4022
657.2233
657.3023
657.757
657.9811
658.3766
658.7122
658.8554
659.0975
659.4207
659.2642
658.9797
660.0385
659.6035
660.3231
659.7051
659.9668
659.731
660.083
660.33
660.0048
660.5181
660.1387
659.4232
660.0701
660.2227
661.1013
660.2925
661.0832
661.6063
662.0675
661.8375
662.7714
662.5413
663.4305
663.7154
664.2928
664.0355
665.0002
665.1644
665.5122
665.962
665.9875
665.8362
666.4042
666.5155
666.7108
667.5228
667.2669
667.7477
667.4165
668.1465
668.3415
668.0884
668.6769
668.5925
668.3698
668.529
669.3508
669.069
669.8312
669.7603
670.3186
670.2894
671.0001
670.756
670.788
671.0235
670.8242
671.0449
671.3856
671.7137
671.5914
671.8478
672.3573
672.8882
673.1637
673.2422
672.9592
673.2234
673.4857
673.5676
673.8468
674.0896
674.4395
674.7248
674.2213
675.0861
674.7968
675.2573
675.215
674.9866
675.7155
675.3953
675.3755
674.9903
675.3725
675.3612
674.8082
675.5001
676.0258
675.8445
675.8107
676.36
676.8781
676.6118
676.4925
676.5356
676.7626
676.4778
676.4125
677.2161
677.1852
677.7751
677.595
677.5015
677.6535
677.8452
678.0416
678.4974
678.8515
679.3707
680.1123
679.6575
680.778
681.1637
681.3636
681.1907
680.8915
681.6426
681.7808
681.9793
682.1956
682.7972
682.5913
683.0073
683.194
683.7601
683.2826
683.9455
684.0875
684.0392
684.5299
683.9099
684.426
684.6995
683.9349
684.7759
685.0843
684.9434
685.5981
685.448
685.9529
686.1531
686.5023
686.8329
686.6538
687.0403
687.5519
687.45
687.9709
688.0688
688.0153
688.5529
688.6097
688.8597
689.2708
689.3295
689.5375
689.5816
689.9609
689.9976
690.2687
689.7591
690.3074
689.9946
690.264
690.4146
690.5556
690.626
690.6947
690.7075
690.6741
690.6854
690.3826
690.9082
690.9974
691.205
691.0602
691.3049
691.249
692.1412
692.1387
692.0631
692.3375
692.9985
692.4067
692.2999
692.8723
693.2843
693.3483
693.4638
693.1706
692.9337
692.8559
692.8728
692.9635
692.7489
692.7962
692.5118
692.7014
692.9528
692.6952
692.8092
693.153
693.8923
693.9979
694.0573
693.8567
694.1211
693.896
694.4789
694.7953
694.7206
694.4504
695.4122
695.7031
695.4355
695.4793
695.5057
695.4907
695.9597
695.7332
695.595
695.5051
696.2551
696.1437
695.9845
696.482
696.4086
696.5389
696.8947
696.9181
697.674
697.7249
697.5361
697.2963
697.6874
697.3538
697.7249
697.4642
696.8019
697.8485
697.6074
696.8541
697.4644
697.2621
697.642
696.4319
697.4871
697.5458
697.1778
697.1507
697.4912
697.5187
697.548
697.2543
697.399
697.2902
697.1465
697.018
697.4961
697.3107
697.3065
697.5601
697.5082
697.0912
697.27
697.436
697.1825
697.5343
697.8311
697.7061
698.0981
698.3303
698.3458
698.5084
698.5334
698.8967
698.8453
698.8749
699.2878
699.2772
699.4016
699.4896
699.5707
699.6478
699.5923
699.9167
699.976
699.6766
700.4628
700.6135
700.7554
700.4109
700.6166
700.9993
700.8184
700.9684
701.2979
700.871
701.4296
701.2446
701.5351
701.4545
701.4209
701.7445
701.6868
701.3842
701.9886
701.371
701.7495
701.6356
701.6813
702.0221
701.032
701.4036
701.913
701.9857
701.8128
701.9514
702.4531
702.9041
703.2104
702.8752
702.7325
703.118
703.8669
703.8831
704.0429
703.9308
704.344
704.4039
704.1783
703.6922
704.2562
704.6334
705.0297
705.2769
705.7298
705.6474
705.6396
705.311
705.67
705.7078
705.601
705.2176
706.1532
706.2009
705.8224
705.8405
706.2005
706.0893
706.1295
705.9618
705.9487
706.0732
706.3145
706.0402
706.7125
706.5766
706.6823
706.4886
706.9059
706.5233
706.6774
706.7454
707.0263
707.3065
707.1723
707.1205
707.322
707.4054
707.4969
707.58
707.5127
707.4389
707.6161
707.8047
708.2381
708.107
708.4628
708.3358
708.5239
708.6908
708.5261
708.4141
708.4651
708.747
708.0534
708.3763
708.3693
708.376
708.6403
708.4995
708.5166
708.6818
708.7603
708.8273
708.8164
708.592
709.1083
709.3519
709.3683
709.6002
709.3616
709.6636
709.9252
709.7076
709.6667
709.7739
709.8875
710.0181
709.924
710.5437
710.2191
710.2537
710.0123
710.6524
709.8265
710.186
709.9614
709.7816
709.9909
709.8073
710.0005
709.8248
710.3591
709.8508
709.7394
710.2982
710.1073
710.1647
710.2346
710.1135
710.6675
710.6417
710.3098
710.3726
710.2533
710.4515
710.6921
710.5393
710.6645
710.7536
710.7966
710.9799
711.0052
711.1831
711.9939
711.3444
710.8652
711.0638
711.4196
711.1688
711.5157
711.2263
710.7623
711.1866
710.9393
710.9774
711.232
711.5371
710.9379
711.3781
711.2249
711.2285
711.1422
711.0793
711.6445
711.3575
712.0652
712.0052
711.9642
711.9564
711.7424
711.7975
712.438
712.5458
712.9791
713.0486
713.2178
713.6985
713.4568
713.6226
713.8317
714.0861
713.8535
713.6731
714.1033
713.7662
714.0291
714.0809
714.6561
714.5734
714.1398
714.5256
714.2736
714.7008
714.4223
714.8878
714.3361
714.3011
714.1548
714.1746
714.6031
714.4091
714.7484
714.2112
714.705
714.8831
714.7737
714.8589
714.866
714.7368
714.7686
714.7955
714.5907
714.8949
714.6699
714.8556
714.7861
714.7892
714.8617
714.8267
715.0011
715.267
715.319
715.1991
715.4413
715.4849
715.6668
715.8478
715.6229
715.608
715.9694
716.2898
716.7231
716.4783
716.2636
716.488
716.8825
716.78
717.0244
716.6372
717.2307
716.7793
717.0419
717.1367
717.1111
716.9574
716.8007
716.618
716.8572
717.0507
716.8109
716.9726
716.9309
717.4158
717.1713
717.3977
717.0649
716.8572
717.4421
717.8378
718.2467
717.999
718.0367
717.651
717.4948
717.3651
717.1992
717.5379
717.4918
717.5613
717.2423
717.1931
717.5135
717.4246
716.8575
717.3782
717.5123
717.6735
717.5469
717.7351
717.8251
717.3525
717.8676
717.9354
718.3349
718.6203
718.4396
718.6703
718.6216
718.7033
719.0881
719.2116
718.4507
718.6191
719.0607
719.0589
718.9828
718.5578
719.0463
719.0143
719.0474
718.74
718.5781
718.8438
718.9877
718.6868
719.1779
718.5505
719.3003
718.7398
718.9822
718.8871
718.8952
718.9108
718.8256
718.6719
719.0448
719.1412
719.0391
719.5436
719.0917
719.2843
719.5601
719.147
719.9487
720.0637
720.1757
720.2829
720.683
720.6694
720.852
721.3022
720.5344
720.8192
720.6495
721.2542
720.2546
721.0626
721.2131
720.9531
721.1298
721.1321
721.4376
721.1575
721.0214
720.684
720.5941
720.8249
721.5671
721.1798
721.1278
720.9236
720.5532
721.1758
720.84
721.0781
721.0249
721.0185
720.6901
721.1876
721.4512
721.1841
721.1849
721.4692
721.46
721.638
721.7157
721.8525
721.8625
721.8174
721.5452
721.8724
721.8502
722.0954
722.1956
721.6393
722.4222
722.3532
722.9167
723.2423
722.5934
722.2379
722.2959
722.5994
722.6403
722.4254
722.2347
722.5123
722.3398
722.3394
722.4543
722.7997
722.623
722.9558
723.0623
722.9639
723.225
722.732
722.711
722.679
723.0642
723.0728
722.998
722.9971
723.4533
723.6916
723.2814
722.9421
723.0034
723.2647
722.9807
723.1848
723.2087
723.5499
723.3214
723.3444
723.2138
723.1196
723.2028
723.1028
723.14
723.0569
722.9442
722.485
723.0903
722.7812
723.0577
723.5336
723.4111
723.6481
723.3523
723.3121
723.5032
723.5708
724.0822
723.4051
723.2392
723.6396
723.4362
723.8712
723.6223
723.6788
723.6141
723.5807
723.6287
723.9689
723.3944
724.2367
724.1697
724.4493
724.3432
724.207
724.48
724.5787
725.3714
725.5081
724.6959
725.5081
725.327
725.2061
725.5081
725.5081
725.0224
724.8685
725.2234
725.1762
725.3156
725.0315
724.8411
725.5248
725.5213
725.0998
724.8674
724.9568
724.4932
724.1807
724.8994
724.798
725.0999
725.1167
725.1566
725.279
725.2869
725.5903
725.9573
725.7446
725.9479
726.2145
726.5079
726.6613
726.7927
726.1732
726.8047
726.3984
726.4617
726.8159
727.1073
726.8168
726.71
726.0455
726.7713
726.1448
726.246
725.9631
726.7529
726.2396
726.176
726.4345
726.2382
726.3761
726.1982
726.4573
726.1615
725.9523
725.8051
725.9061
725.8112
726.4746
726.2707
726.246
726.5906
725.9711
726.05
726.6133
726.1227
726.886
726.9852
726.9601
726.8096
726.8682
727.5546
727.063
726.7402
727.2482
727.3755
727.1852
727.5079
727.0515
727.7018
727.5096
727.6152
727.5632
727.7585
727.8593
728.2551
727.5748
728.0512
727.7961
727.7717
728.6122
728.1667
728.3315
728.1422
728.5852
728.3417
728.7673
728.514
728.1617
728.2518
727.9543
727.8692
728.2027
727.8913
728.7767
728.3419
728.4636
728.6664
728.9076
728.7253
728.9288
729.3056
729.5272
729.3236
728.6484
728.9496
729.0699
729.005
729.2604
729.2922
728.7964
729.5953
728.8693
729.7129
729.739
729.4413
729.0329
728.7033
728.6628
728.3303
728.4029
728.7968
729.2926
729.7595
729.1556
728.9849
729.0857
729.0444
729.415
729.2607
729.0922
728.5293
728.5635
729.1686
728.5654
728.7257
728.1903
728.2936
728.3496
728.3972
727.8281
728.2909
727.9595
728.3871
728.6194
728.4953
728.88
728.4941
729.2457
728.9318
729.1332
729.043
729.4676
728.9073
729.3904
729.3809
728.5126
729.3041
729.0742
728.9485
728.9951
730.1227
729.8734
729.9124
730.1656
729.5415
729.5508
729.41
729.7349
729.3089
730.1289
729.6785
729.8718
729.6361
729.8403
729.4664
730.26
730.0994
730.3508
730.1144
729.5737
729.7136
730.2454
730.2997
730.3216
730.4333
730.5085
730.3226
730.2244
730.2156
730.3151
730.516
730.5075
730.7438
730.6613
730.4688
730.3309
730.8542
730.9458
730.6597
731.064
730.5513
731.4811
731.0362
732.0544
732.0544
732.0075
732.0601
732.0601
731.6019
731.6363
730.6867
730.8323
730.9287
731.1292
731.3844
731.3909
731.2088
731.4789
731.4276
731.3183
731.5904
731.6337
731.4385
731.511
731.2355
731.6183
731.4657
732.0009
731.9918
731.9911
732.32
731.9471
731.7395
732.2365
732.5186
732.5186
732.2031
732.3738
731.7381
732.0336
731.5524
731.4222
731.2363
731.3159
731.3686
731.2924
731.743
731.4189
731.6243
731.3832
731.3872
731.6709
731.8777
731.7141
731.6548
731.5056
731.2968
731.7957
731.2504
730.9614
731.3759
731.9311
732.0777
731.8427
732.1417
732.452
732.231
732.4659
732.9341
733.2277
733.0121
732.2689
732.9006
732.5423
732.6313
732.449
732.1795
732.3559
732.0679
732.7192
732.2819
732.1794
732.0938
731.7462
732.1017
732.1757
731.5707
731.8488
731.5833
731.8738
732.0571
731.9662
732.3303
732.7691
732.6108
732.6374
732.3773
732.3746
732.4937
732.7726
732.4591
732.6484
733.0044
732.7803
732.4364
733.0406
732.8928
733.0141
733.3696
733.0233
733.0361
732.8224
733.4153
734.1337
734.1337
733.5562
733.4957
733.092
733.2452
733.0672
733.2847
733.3335
733.4385
733.3053
733.3718
733.2633
733.1441
734.2692
734.207
733.4771
733.4709
733.0369
733.1292
733.5049
733.3999
733.7407
733.3788
733.4552
733.5726
733.3876
733.1412
733.3696
733.0798
733.369
733.3032
733.2045
733.4284
733.2336
734.0212
733.298
733.4716
733.6273
733.3838
733.6248
733.3015
733.1492
733.1089
733.5167
733.3672
733.0694
733.3989
733.4138
733.3275
733.3251
733.5681
733.5748
733.5878
733.9501
733.7103
733.6573
733.9008
733.6357
733.4399
733.3968
733.4874
733.695
734.2738
733.0587
733.7128
733.7875
733.7422
733.4679
733.9585
733.4708
733.6799
734.0463
733.5255
733.603
733.2954
733.7571
733.5551
733.3416
733.3637
733.6008
733.3585
733.6381
733.9645
733.7405
733.7938
733.7762
733.7275
734.0682
733.9946
734.0891
733.7656
734.182
734.6917
734.5001
734.0616
734.1575
733.5914
734.2896
734.115
734.2771
734.3377
734.5621
734.6003
735.3108
735.209
735.5902
735.1777
735.1431
735.5902
735.6017
734.9069
734.8864
734.7275
734.8767
734.4737
734.4714
734.5676
734.4874
734.2144
734.4843
734.7896
734.6773
734.5405
734.6201
734.5844
734.5278
734.5399
734.4235
734.3954
734.5786
734.2463
734.6595
734.5745
734.8679
734.9988
734.6464
734.7482
734.6149
734.415
734.4346
734.3507
734.9354
734.8374
734.8331
734.7398
734.5897
734.5613
735.1693
735.4713
734.8173
734.8807
735.1799
735.2337
735.3815
734.4318
734.9487
735.537
735.626
735.5281
735.3494
735.4919
735.4745
735.4321
735.441
735.2141
734.9185
735.2225
735.1846
734.8787
735.4335
735.3426
734.8145
735.1661
735.0375
735.1688
734.9232
734.8774
735.0513
735.4694
735.566
735.2124
735.3997
735.2473
735.5331
735.0743
735.5714
735.8365
735.6116
735.8425
735.4556
735.7661
735.7039
735.8026
735.9692
735.7031
735.6843
735.9227
735.6595
735.9648
736.1362
736.0804
736.2262
736.258
736.5916
736.5427
736.7729
736.6122
736.532
736.6963
737.4261
736.5415
737.039
737.2469
737.2718
737.7617
737.2916
736.7762
736.8872
736.7736
736.64
736.4279
736.5828
736.6645
736.5866
736.5172
736.6897
736.3926
736.4172
736.5493
736.8693
737.365
736.7742
737.0131
736.6653
736.9985
736.5042
736.2056
737.3188
736.9285
737.1206
736.637
736.9662
737.002
737.1442
737.2492
737.053
737.2728
737.6699
737.7065
737.7467
737.9869
737.5678
738.0292
737.4935
737.1315
736.9428
737.4508
737.8249
737.806
737.6837
737.7646
738.397
738.5057
738.5057
737.7664
738.5057
738.5057
738.5057
738.5057
738.0154
737.7018
737.5196
737.5065
737.8306
738.2699
737.6283
737.7355
737.6437
737.8176
737.9514
737.5505
737.3645
737.4839
737.5284
737.7032
737.5569
737.2841
737.5477
737.6313
737.7801
737.4641
737.7034
737.4562
737.4124
737.6062
737.745
737.7418
737.3682
737.3016
737.5695
737.3461
737.4446
737.5659
737.6871
737.4256
737.345
737.5709
737.8943
737.4249
737.6976
737.6382
737.7886
737.7792
737.8846
737.943
738.0781
738.4389
738.9743
738.9256
737.959
738.0654
738.7
738.0266
738.7881
738.5089
738.5388
738.0603
739.1953
739.1953
738.6272
739.1953
739.1953
739.1953
739.1953
739.1953
739.1953
739.1953
738.7471
739.1953
738.4628
738.6892
739.1953
738.4666
738.3629
738.5164
738.207
738.3896
738.4991
738.4497
738.0323
738.2847
737.9578
737.7241
738.3535
738.3743
738.8824
738.4492
738.8895
739.0306
739.3727
739.3727
739.3727
739.3102
739.2928
739.3986
739.3986
738.9518
738.5632
738.867
738.7732
738.2418
738.4949
738.0718
738.54
738.5329
738.6805
738.4787
738.7046
739.101
738.6011
739.3042
738.7136
739.0129
738.5549
738.298
738.1319
738.2958
738.451
738.5099
738.3661
738.3485
738.9048
738.2888
738.6966
738.5297
738.6858
738.7939
738.7426
738.504
738.2318
738.566
737.7751
738.8338
738.6711
738.7313
738.5282
738.405
738.8292
738.7415
738.7311
738.8832
739.0374
738.9321
739.6993
738.9813
739.1411
739.4111
739.2934
739.7792
740.3798
740.3798
740.3798
740.3798
740.3798
740.3798
740.3798
739.7012
739.0166
738.9741
739.6537
738.8824
738.7894
738.9878
738.4971
738.901
738.6656
739.5085
739.6714
739.4918
739.6625
739.3982
739.9764
739.3292
739.6998
740.3992
740.3899
740.6261
740.2469
740.6261
740.6261
740.6261
740.6261
740.1169
740.6261
740.063
740.6261
739.785
739.811
739.3964
739.8517
739.6167
739.8062
739.4866
739.7612
739.6456
739.8055
739.8953
740.7133
739.7837
740.0197
739.6898
739.3232
739.6415
739.7735
740.2514
740.2897
740.7689
740.7689
740.4222
740.167
740.1447
739.4769
739.802
739.5701
739.7833
740.7499
739.9689
739.6985
739.6636
739.4517
739.3956
739.3703
739.6909
739.5418
739.4906
739.8123
740.2006
739.8309
739.7939
740.8398
740.8607
740.8607
740.8607
740.7862
740.3256
740.2169
740.1069
740.0735
740.1869
740.2725
740.3748
740.6483
740.6794
740.5566
740.169
740.0595
740.0994
740.1898
740.4782
740.6494
741.1828
740.9817
740.8823
741.1597
740.5779
740.6917
740.9495
741.4388
740.6689
741.4388
741.4388
741.4388
740.9659
741.4388
740.7838
740.5714
740.2766
740.164
740.7908
741.3408
740.6584
741.3364
741.1169
740.9835
741.4774
741.4774
741.3148
741.556
741.556
741.556
741.556
741.3037
741.556
741.556
741.556
741.1897
741.556
740.48
741.212
740.6822
740.7585
741.556
741.2444
740.616
740.9019
741.0499
740.8444
740.9517
740.9167
740.6382
740.5003
740.7231
740.6589
740.5292
740.2158
740.2424
740.0942
740.4557
740.5444
740.6682
740.9199
740.9592
741.2612
740.6481
741.0299
740.8395
741.0018
741.6827
741.0843
741.3046
741.0889
741.7665
741.6219
741.2865
741.6398
741.7233
741.758
741.5836
740.8093
741.3736
741.3433
741.1187
741.1876
741.3517
741.8123
741.8123
741.8123
741.8123
741.6395
741.8123
741.3681
741.6353
741.4219
741.2396
740.722
740.5584
740.6177
740.9973
741.0035
740.6658
741.0096
740.7906
740.949
741.1617
740.2769
741.2592
741.0118
741.0889
741.0339
741.6608
741.6548
741.6795
742.1932
742.1932
742.1932
742.1932
742.1932
742.1932
741.2562
741.8258
742.1932
742.1932
741.3129
741.6528
742.1932
741.4902
742.1443
741.4387
741.7219
742.1146
740.6192
740.8577
741.2292
742.1985
741.5994
742.2059
741.8267
742.2358
742.2066
741.2935
741.1828
740.9807
740.9805
740.7278
741.4665
740.5736
742.3064
741.4965
742.1962
741.068
740.9778
742.0946
742.2747
741.0469
741.6072
741.4401
742.3588
742.3588
742.3588
742.3588
742.0054
742.3588
742.3588
742.072
741.8357
741.1312
741.366
740.9616
741.1064
741.0913
740.9158
740.915
741.2445
741.3051
740.6304
740.7567
740.9959
741.0754
740.6343
741.2325
740.8032
740.9048
741.1828
742.2285
742.5693
741.7568
741.6574
741.6025
741.0414
741.626
741.3273
741.2346
741.9257
741.6838
741.7949
741.8743
741.6619
741.616
741.7122
741.7324
741.7452
741.7269
741.6534
741.953
742.7014
742.1566
742.7014
741.9755
741.9601
742.5598
741.6881
742.158
741.9931
741.9134
742.7264
741.8596
741.7348
742.2642
742.7766
742.7897
742.7897
742.5584
742.6537
742.7897
741.9309
741.8558
741.4769
741.5532
741.591
741.4133
741.6997
742.4901
741.6976
741.4686
741.6343
741.3071
741.8164
741.5093
741.5375
741.6129
741.7062
741.7867
742.6699
742.9911
742.9911
742.4691
742.0359
742.1725
742.906
742.5163
741.9441
742.1805
741.9923
741.7871
741.9254
742.3967
741.9452
742.1036
743.151
743.0264
743.151
742.5624
743.151
743.151
742.3295
742.335
742.038
741.817
742.1163
742.3106
742.0196
742.2748
742.2313
742.3076
742.2035
742.0231
741.9802
742.0027
742.6096
742.5458
742.4222
742.7981
743.0607
742.9617
742.8289
742.7893
742.3278
742.264
742.7168
743.1053
743.5033
743.2014
743.5317
743.5317
743.1329
743.5317
742.9579
743.5104
743.1041
742.483
742.7351
742.8082
742.7017
742.7135
743.1268
742.2832
742.5192
742.3662
742.7936
742.5226
741.7652
742.2238
742.1546
742.1373
742.2273
741.698
742.3298
742.4087
742.1846
741.6276
742.0682
742.254
742.3011
742.0344
741.947
741.7593
741.4446
742.2067
742.2065
742.1227
742.2607
742.2089
742.3736
742.4847
742.861
742.4614
742.7489
742.8694
742.8922
742.6458
742.3688
742.3804
742.1305
742.3484
742.4813
742.3572
742.819
743.6335
743.9658
743.3984
743.0516
743.2206
743.1085
742.6428
743.4654
743.9678
744.0874
743.9897
744.0986
743.6135
743.1468
743.3254
743.3367
743.4705
743.2818
743.2185
743.3062
743.0658
743.6022
742.8179
742.8664
742.7791
742.9024
742.9418
742.9065
743.0153
742.8295
743.1075
743.3611
742.9541
742.9383
742.7238
742.7327
743.4781
743.0052
743.085
742.9149
742.6518
742.77
743.0131
742.991
743.2147
743.3837
742.9524
742.9472
743.2553
743.3837
743.2691
743.2154
743.763
743.7289
743.5607
743.2603
743.9566
743.9686
743.8526
743.977
743.6696
743.7706
744.1297
743.7285
743.4789
743.5981
743.6301
744.0532
744.0063
743.7294
744.1891
744.7841
744.7841
744.7841
744.34
744.7841
744.7841
744.7841
744.7841
744.7841
744.7841
744.6324
744.7841
744.7841
744.7841
744.7841
744.0035
744.7841
744.7841
744.7841
744.7308
744.7841
744.7841
744.7841
744.7841
744.6918
744.7841
744.7841
744.7193
744.0336
744.3293
744.4248
744.7841
744.2632
744.6993
744.7841
744.7841
744.4808
744.5098
743.9431
744.7133
744.0284
743.7098
743.7203
743.8447
744.8116
744.1503
744.7367
743.8497
744.145
743.6213
743.7733
743.5619
743.2481
744.0935
744.0312
744.0234
743.8975
743.8494
743.541
743.7597
743.6283
743.7219
743.7833
744.6719
745.099
745.099
744.945
744.5515
745.099
744.2047
745.099
745.099
745.099
745.099
745.099
744.6161
745.099
745.099
745.099
744.813
744.89
744.3575
743.9743
743.9517
744.064
744.2108
743.9384
743.769
743.9972
743.6953
743.8454
744.0051
743.7003
743.9675
744.0967
743.9481
743.6722
744.2776
744.1916
743.3674
743.7584
744.1538
744.4397
744.0558
744.4907
744.4373
744.2759
744.3551
744.1397
744.247
744.704
744.3503
744.8983
745.2851
744.5175
744.4354
744.4063
744.2214
745.0353
744.6661
744.4926
744.629
745.1058
745.4736
744.5334
744.783
745.4821
745.0936
745.4865
745.4865
745.1878
745.4865
744.7705
745.03
744.4744
744.2803
744.3953
744.5112
744.5148
744.3031
744.2523
744.7856
745.1011
744.6705
744.0004
744.7027
744.7064
745.0656
745.6763
744.6725
745.3794
744.9912
745.1928
744.9374
744.9492
744.6752
744.5625
744.701
744.3851
744.6588
744.3742
744.411
744.6153
744.1483
744.3304
744.5564
744.2881
744.3223
744.2537
744.8181
744.7935
744.8873
744.2582
744.7061
744.6555
744.4731
744.2227
744.9282
744.2607
744.72
744.8147
744.9922
744.6483
745.1507
745.5798
745.6114
745.7243
744.9976
745.4673
745.4166
745.3372
746.1258
746.1275
746.1275
745.4954
745.2415
745.1731
745.19
744.9675
745.0721
745.1371
744.9681
744.4261
745.1293
745.2366
744.9868
744.8741
744.9126
745.3226
745.0364
744.9233
745.0841
744.909
745.7889
745.4303
745.3545
745.701
745.4794
745.1789
746.3043
745.496
745.4666
745.2216
745.2334
745.6505
745.4033
745.184
745.3862
745.1794
745.0659
744.9829
745.1296
744.8654
745.2548
745.0362
745.5135
744.9905
745.4131
745.1335
745.2348
745.1855
745.7193
745.7935
745.8437
746.0003
745.6962
745.8462
746.1957
746.4924
745.9684
746.1303
746.0315
746.5579
746.5579
746.5579
746.5579
746.5579
746.5579
745.6953
746.494
745.4952
745.381
745.7905
745.4402
745.6188
745.7725
745.4125
746.0646
745.7645
745.8339
745.1201
746.0551
745.6435
745.5693
745.5366
746.6488
746.6173
746.3313
746.6733
746.6733
746.6547
745.7492
746.4475
745.8354
746.6733
746.6733
746.6733
746.6733
746.6733
745.7809
746.2751
746.1078
745.674
746.3103
745.7827
745.4418
745.6569
745.5352
745.6379
745.9739
746.4371
746.77
746.728
745.5297
745.8309
745.8889
746.2721
746.1278
745.9341
746.1121
746.4378
745.988
746.251
745.7796
746.6268
746.3517
746.2328
746.4323
746.0481
745.6868
746.0842
746.1291
746.0854
746.2728
746.1431
746.435
746.1381
746.3821
746.4406
746.4892
746.3029
746.358
746.9396
746.8136
746.4237
746.5188
746.4657
745.8014
746.0143
745.8884
745.7912
745.7534
745.5747
745.8037
746.4839
746.0134
746.5704
746.472
746.1009
746.1293
746.1088
746.42
745.9498
746.1746
746.3466
746.1791
746.985
746.9564
746.3302
746.4203
746.4127
746.1622
746.0692
746.3925
747.1692
747.3854
747.4315
747.4315
747.4315
747.4315
747.4315
747.4315
747.4315
747.4315
747.0828
747.4315
747.2418
747.0839
746.8973
747.1559
747.3966
747.4458
747.4458
747.1951
747.1852
747.1229
746.8708
746.1077
746.3018
747.0219
746.1011
746.2597
746.6442
746.1347
746.3981
746.4338
746.2883
746.1737
746.2483
746.25
745.9821
746.4503
746.4116
746.2923
746.668
746.7931
746.745
746.9412
746.7666
746.2877
746.4149
746.6241
747.1997
747.7073
746.8704
746.7649
747.7227
747.7227
747.1196
747.1429
747.647
747.724
747.6003
746.8668
747.7831
747.7831
747.4464
747.6671
747.7831
747.7831
747.7831
747.7831
747.7831
747.7831
747.7831
747.7831
747.7831
747.7831
747.7831
747.7831
747.7831
747.7831
747.7831
747.7831
747.7831
747.7831
747.7831
747.7831
747.7831
747.7831
747.7831
747.7831
747.7831
747.7831
746.6571
747.1229
747.7831
747.7831
747.7831
746.8478
746.9878
746.9389
746.6586
746.8347
746.7823
746.6559
746.9489
747.8484
747.8484
747.4765
747.8484
747.8484
747.411
746.8347
747.5308
746.785
747.0988
746.7359
747.0458
746.65
746.8608
746.6783
746.916
747.5812
747.2341
747.5388
747.1108
746.6043
746.9092
747.0234
746.7753
746.5808
746.8516
746.8594
747.6863
746.7073
747.0651
747.7863
747.0606
747.0505
746.7238
747.2266
746.6378
746.5199
746.4722
746.9161
746.1423
746.9328
747.0875
747.4222
747.7814
747.1843
746.9653
747.1592
746.6219
747.2682
746.8738
747.5036
746.893
747.2895
747.1238
746.9575
746.9524
746.8553
747.2425
747.1141
746.8143
746.507
747.1467
747.1807
747.3533
747.3567
747.5984
748.2272
748.2272
748.2272
748.1154
748.2272
747.7088
747.5388
748.2272
748.2272
747.8491
748.2272
747.6956
748.2272
748.2272
747.5013
748.1423
748.2272
748.2272
747.435
747.0829
747.0861
747.0807
747.0082
747.0861
747.1299
746.8821
747.1046
747.3655
747.7086
747.1226
747.1691
747.9627
748.1829
748.2075
748.3415
748.3415
748.3415
748.1497
748.321
747.8956
748.3471
748.3471
748.3471
748.2049
748.3471
748.3471
748.3471
748.3471
748.3471
748.3471
748.2289
748.3364
748.1302
747.4297
747.9542
747.5682
748.3852
748.2061
748.293
748.3852
748.3852
748.3852
747.7972
748.3852
748.3852
748.3005
747.8609
748.3852
748.3852
748.3852
747.965
748.3852
747.9764
748.3852
748.3852
748.3852
748.3852
748.3852
748.3852
747.4381
748.3852
748.2281
748.3852
748.3852
748.1495
747.1845
747.5455
747.4921
747.849
747.7234
747.8824
747.4935
747.6695
747.7493
747.4905
747.3308
747.4483
747.4804
748.5074
747.6263
747.7538
748.2497
747.9161
747.4134
747.3035
747.2889
747.3187
747.4471
747.5573
747.6589
747.7457
747.9362
747.7722
747.0802
747.9415
747.6712
748.1352
748.0896
748.0188
747.6328
747.7994
747.9807
748.5248
747.6172
747.9835
748.342
747.6717
747.576
747.6818
747.5883
747.5104
747.5179
747.7082
747.8619
747.8589
748.5714
748.5562
748.3123
748.1824
747.8274
747.7469
748.1553
748.8671
748.6532
748.8348
748.0513
748.6669
748.5988
747.925
747.9166
747.5015
747.6434
748.4955
748.2717
748.2319
748.976
748.976
748.976
748.976
748.976
748.976
748.3339
747.9459
748.264
748.1594
748.3111
748.976
747.8863
747.9235
748.1139
747.7744
748.4434
748.186
747.7676
747.6202
748.0872
747.579
747.7584
747.7867
747.9585
747.9797
747.8235
748.6094
748.3182
748.61
749.1019
749.1019
749.1019
749.1019
749.1019
749.1019
749.1019
748.363
749.1019
749.1019
748.3647
749.1019
749.1019
749.1019
749.1019
749.1019
748.6111
748.5026
749.1019
749.1019
749.1019
748.4209
749.1019
748.2859
748.3279
748.3231
749.1019
748.3093
748.0634
747.8544
747.8051
747.8112
747.845
747.8271
747.7949
747.9059
747.7166
747.9399
747.5972
748.7023
748.1079
748.1079
748.1222
747.969
749.1721
749.1721
749.1721
748.5759
749.1721
749.1721
749.1721
749.1721
749.1721
748.5518
748.1101
748.0419
747.8918
748.2526
749.2196
749.2196
749.2196
749.2196
749.2196
748.8705
748.8099
749.2196
749.2196
748.6589
749.2196
749.2196
749.2196
749.1288
748.5328
749.2196
749.2196
749.2196
749.2196
749.2196
749.2196
749.0864
748.2861
749.2196
748.8517
748.7498
748.005
747.7701
748.1611
748.2867
747.9519
747.869
747.4111
747.9926
747.8894
748.1177
748.3644
747.8871
747.9745
748.4097
748.4586
748.2629
747.9431
748.2924
748.398
748.0733
748.2781
748.1428
748.0834
747.7643
747.6274
747.9427
747.9342
747.8093
748.0394
747.7007
748.1207
747.8319
748.2875
747.8911
748.1786
748.1854
748.5008
747.8881
748.5018
748.4624
748.3288
748.3963
748.6649
749.1757
748.7681
749.5708
748.4465
748.7717
749.6089
749.6089
748.6586