540.3863
542.8944
542.8944
544.6716
544.6716
545.4576
548.3083
550.9453
552.7946
555.3049
555.9739
559.5766
560.2397
560.2397
560.6913
560.6913
560.6913
561.5262
563.4599
563.6844
564.1381
564.1381
565.6283
565.6283
565.6283
568.1253
568.1253
570.7293
571.3543
571.3543
573.7394
573.7394
578.1902
578.1902
578.1902
578.1902
578.1902
578.1902
578.2036
579.5463
580.3297
580.3297
580.5742
581.2525
581.2525
581.6869
581.6869
583.348
583.438
583.438
584.1164
585.606
585.8539
586.9622
588.773
589.0809
589.0809
589.7906
589.7906
589.8531
589.8531
591.0048
591.0988
592.2582
593.8713
595.0916
595.0916
597.0521
598.1741
600.064
600.4443
601.4901
603.1225
605.467
605.467
605.6397
608.3382
608.3382
608.3382
611.5228
611.8252
611.8252
612.2997
612.2997
613.1883
613.801
614.0547
614.599
614.599
615.6357
616.1612
616.6151
616.9774
616.9774
618.5471
618.5471
619.5571
620.1674
620.1674
620.1674
622.5712
623.8011
623.9108
623.9512
624.9434
624.9434
625.55
626.3476
626.3476
626.606
627.4315
628.953
628.953
628.953
629.3165
629.3165
630.5536
630.5977
630.5977
631.102
632.1855
632.1855
632.1855
632.4714
632.5363
633.8328
634.1108
634.1108
634.2726
634.4814
634.9023
635.3496
636.0482
636.8765
636.9463
637.5634
637.5634
638.2924
638.2924
638.2924
638.2924
639.0906
639.0906
640.4117
640.4117
640.4117
640.4117
640.4117
640.9048
642.1495
642.8599
642.8599
642.8599
642.8599
642.8599
643.221
643.4073
643.8983
644.3329
644.35
644.7987
645.5945
646.3382
646.3382
646.5262
646.9788
646.9788
647.4717
647.4717
649.0319
649.0319
649.4568
649.4568
649.4568
649.4568
649.4568
649.9178
649.9178
650.4681
650.4681
651.1252
651.1252
651.1252
651.1252
651.5433
652.1178
652.1178
652.9075
652.9075
653.3027
653.6125
653.6125
653.6125
653.8402
653.8494
653.8494
654.1628
655.5709
656.0412
656.0412
656.6122
656.6122
657.1815
657.5413
657.5413
658.0627
658.657
658.657
658.775
659.2432
659.2432
659.4342
659.9152
660.1482
660.337
660.439
660.7668
660.8043
661.0851
661.1088
661.13
661.5463
661.8126
661.8422
662.3375
662.3375
662.346
662.8799
662.8799
662.8799
662.8799
662.9316
662.9316
663.5742
663.7899
665.0329
665.0329
665.0329
665.0329
665.0329
665.0329
665.3342
665.6888
666.0801
666.0801
666.0801
666.7642
667.2885
667.2885
667.4463
667.6475
667.7127
668.3075
668.7386
668.7386
668.7614
668.855
669.3738
669.3738
669.7158
669.7158
670.0254
670.0818
670.4265
670.4609
671.1116
671.652
671.652
671.7751
671.9707
672.0963
672.0963
672.0963
672.468
672.9952
672.9952
672.9952
672.9952
673.1669
673.3484
673.5522
674.1451
674.1451
674.27
674.6999
674.7058
675.3066
675.3214
675.3214
675.6362
675.6362
675.6362
676.4628
676.4628
676.5596
676.5596
676.8364
676.8364
676.9688
677.3983
677.3983
677.6304
677.8468
678.1686
678.1686
678.4803
679.0659
679.0659
679.0659
679.3958
679.3958
679.3958
679.483
679.6362
679.6362
679.8715
679.8715
679.8715
679.8715
679.8715
679.9567
680.7482
680.7482
680.7482
680.7482
681.3472
681.3472
681.4465
681.7433
681.9786
682.1381
682.222
682.7651
682.7651
683.0763
683.1235
683.1891
683.1891
683.4749
683.8478
683.8478
683.9817
683.9817
684.457
684.5018
684.8259
685.217
685.217
685.2234
685.3792
685.8328
685.8328
686.0815
686.0815
686.2712
686.5568
686.8056
687.0568
687.4067
687.7311
687.7311
688.0293
688.0605
688.4713
688.4713
688.5275
688.675
688.8798
688.9178
689.6622
689.6622
689.6622
690.0491
690.3472
690.3472
690.4326
690.4335
690.7187
690.7187
690.803
690.8207
690.9297
691.1735
691.2032
691.3856
691.3856
691.6397
691.7828
691.8658
691.8658
691.8658
692.0558
692.0558
692.0654
692.2333
692.4531
692.4531
692.7952
692.7952
692.7952
692.7952
693.1367
693.1464
693.4851
693.4851
693.4851
693.6231
693.6231
693.6231
693.6694
693.7902
693.7902
693.7994
693.9036
693.9403
693.9594
693.9594
694.048
694.87
694.87
694.87
695.0987
695.0987
695.152
695.234
695.234
695.4805
695.4805
695.5912
695.5912
695.8121
696.197
696.197
696.2172
696.2172
696.3115
696.3115
696.3115
696.3332
696.4557
696.9244
697.0351
697.0351
697.0351
697.1606
697.2736
697.3359
697.3359
697.4614
697.5994
697.7249
697.7618
697.7657
697.7657
697.7657
698.0793
698.0793
698.1201
698.1201
698.1201
698.1201
698.1201
698.2579
698.3359
698.3359
698.4897
698.4897
698.4897
698.5343
698.5343
698.6123
698.6123
698.72
698.72
698.72
698.782
698.782
698.7974
698.9025
698.9025
698.9025
698.9025
699.0065
699.0643
699.0827
699.456
699.456
699.5825
699.5825
699.6205
699.6222
699.6412
699.9179
699.9179
700.1766
700.1766
700.3305
700.3305
700.4107
700.6251
700.6251
700.7602
700.7602
700.892
700.9384
700.9774
701.1163
701.3862
701.6924
701.6924
701.7913
701.923
702.0633
702.1102
702.1172
702.4767
702.4767
702.5275
702.5906
702.5906
702.6252
702.7748
702.8185
702.9785
703.0778
703.2665
703.2665
703.4133
703.4133
703.6482
703.6482
703.6482
703.8935
703.8935
703.9448
703.9448
704.2532
704.3182
704.4365
704.5187
704.5187
704.584
704.6663
704.7676
704.8509
704.9202
705.0963
705.3126
705.3126
705.5859
705.5859
705.8519
705.8519
706.0963
706.0963
706.3484
706.3484
706.4381
706.5839
706.5867
706.7092
706.7092
706.7805
706.7805
706.7805
706.9627
706.9627
706.9627
707.0339
707.0339
707.0855
707.2252
707.2908
707.4149
707.4149
707.4149
707.4149
707.4149
707.6648
707.6648
707.6975
708.0427
708.0427
708.0427
708.1887
708.2164
708.3253
708.5943
708.5943
708.5987
708.7704
708.8453
708.8453
709.0433
709.0827
709.0827
709.0827
709.4023
709.4023
709.4232
709.4232
709.6241
709.6241
709.645
709.655
709.856
709.8768
709.9063
709.9063
710.0133
710.0133
710.0547
710.0547
710.217
710.217
710.217
710.217
710.217
710.217
710.217
710.3508
710.3886
710.3886
710.3886
710.4897
710.5728
710.6445
710.6445
710.6774
710.6774
710.6921
710.7766
710.8269
710.8269
710.8269
710.9261
710.9731
710.9731
710.9983
711.0421
711.0421
711.0421
711.0432
711.0432
711.0496
711.2505
711.2505
711.2657
711.329
711.3752
711.5384
711.5384
711.5384
711.5384
711.5902
711.5902
711.5989
711.7518
711.7921
711.7921
711.8073
711.8971
711.8971
711.9939
711.9939
711.9939
711.9939
711.9939
711.9939
712.1079
712.127
712.127
712.2334
712.2334
712.3474
712.3474
712.4229
712.4229
712.4418
712.9658
712.9658
712.9658
713.0188
713.1192
713.4228
713.4228
713.5539
713.5539
713.5539
713.635
713.9769
713.9769
713.9769
714.0724
714.2098
714.278
714.278
714.4683
714.5217
714.5743
714.5955
714.6077
714.8203
714.8325
714.9249
715.06
715.06
715.2786
715.3022
715.3022
715.3022
715.4042
715.4613
715.5142
715.5949
715.67
715.67
715.7305
715.7305
715.7305
715.7451
715.7451
715.9132
715.9303
715.9907
715.9907
715.9907
715.9907
716.0895
716.0895
716.0895
716.0895
716.0895
716.1483
716.166
716.2052
716.285
716.3235
716.3636
716.3636
716.3636
716.4877
716.4877
716.5158
716.5158
716.6898
717.0657
717.0657
717.0657
717.1395
717.1395
717.1675
717.1675
717.4164
717.4164
717.4164
717.4164
717.4164
717.4542
717.5339
717.5518
717.5546
717.6725
717.696
717.7396
717.8681
717.8681
717.9512
717.97
718.0685
718.0685
718.0685
718.1537
718.1537
718.2153
718.2153
718.3144
718.3954
718.3954
718.3954
718.4542
718.6039
718.6039
718.6039
718.7189
718.7189
718.7189
718.7189
718.7189
718.7189
718.9047
718.9047
719.0345
719.0345
719.0604
719.0604
719.0604
719.0604
719.1641
719.1641
719.234
719.234
719.234
719.4621
719.4621
719.4621
719.7335
719.7388
719.7388
719.7997
719.7997
719.7997
719.8001
719.8038
719.8038
719.8038
719.8525
719.8761
719.8761
719.9104
719.9104
719.938
719.9387
719.9387
720.0021
720.0123
720.0902
720.0902
720.0902
720.0902
720.0902
720.1475
720.1774
720.2171
720.2844
720.3436
720.3917
720.3917
720.4736
720.5561
720.6364
720.7065
720.7065
720.9395
720.9395
721.082
721.082
721.082
721.089
721.1107
721.2274
721.3597
721.3597
721.4379
721.5894
721.601
721.7217
721.7333
721.7333
721.7333
721.7333
721.7344
722.0627
722.0627
722.0627
722.0778
722.0789
722.2113
722.2113
722.2544
722.2544
722.2544
722.4111
722.4111
722.4167
722.7217
722.7217
722.7217
722.7217
722.7217
722.7217
722.7762
722.7762
722.7762
722.7919
722.7919
722.7919
722.8049
722.8354
722.8462
722.8572
722.8945
722.9036
722.9504
723.018
723.0657
723.0754
723.1238
723.2829
723.2829
723.29
723.2926
723.2926
723.3329
723.3329
723.446
723.446
723.4814
723.4814
723.5464
723.5464
723.6968
723.7217
723.7325
723.7325
723.8141
723.8141
723.8916
723.8916
723.8926
723.9675
723.9675
723.9675
723.9778
723.9778
723.9778
723.9778
723.9778
723.9784
724.0569
724.1726
724.1993
724.1993
724.1993
724.1993
724.347
724.347
724.347
724.347
724.3812
724.4061
724.4061
724.4061
724.4061
724.4603
724.4603
724.4711
724.4925
724.4925
724.5159
724.6219
724.6219
724.6219
724.6219
724.6854
724.6854
724.7315
724.7315
724.7315
724.7692
724.7692
724.8726
724.8726
724.9512
724.9512
725.0632
725.0632
725.0632
725.2235
725.3434
725.3434
725.3472
725.4473
725.4473
725.5081
725.5081
725.5081
725.5081
725.5081
725.5081
725.5081
725.5081
725.5081
725.5081
725.5823
725.5823
725.5823
725.5823
725.6241
725.6241
725.6984
725.6984
725.6984
725.6984
725.7418
725.8397
725.8397
725.9157
726.1472
726.1472
726.1472
726.222
726.222
726.2556
726.418
726.418
726.4414
726.4414
726.6493
726.6493
726.6613
726.6613
726.8047
726.8395
726.8417
727.0648
727.0648
727.1073
727.1094
727.1094
727.1151
727.1172
727.1172
727.2218
727.2218
727.2218
727.2296
727.3209
727.3209
727.3209
727.3427
727.3427
727.5116
727.5116
727.5116
727.5116
727.5116
727.5116
727.5116
727.5474
727.5572
727.7355
727.9735
727.9735
727.9735
728.118
728.1215
728.1215
728.1818
728.1818
728.1818
728.2705
728.2705
728.2705
728.2758
728.3868
728.3868
728.3868
728.4106
728.549
728.6345
728.6345
728.7194
728.7194
728.7194
728.7278
728.8802
728.8802
728.9393
729.0002
729.1036
729.1036
729.1036
729.1361
729.1398
729.1642
729.1642
729.1948
729.2505
729.3289
729.3289
729.3289
729.4159
729.4159
729.4159
729.5108
729.5146
729.5146
729.5146
729.5146
729.5272
729.5272
729.5272
729.5272
729.5541
729.5541
729.5541
729.6231
729.6366
729.6366
729.6366
729.6582
729.739
729.739
729.739
729.739
729.739
729.739
729.739
729.7988
729.8289
729.8289
729.8289
729.8289
729.8289
729.8528
729.8528
729.8528
729.8528
729.8528
729.8528
729.8528
729.9623
729.9623
729.9721
729.9721
729.9721
729.9721
729.9913
730.1031
730.1031
730.1031
730.1085
730.1085
730.1649
730.1649
730.2725
730.2725
730.2725
730.2725
730.2725
730.3217
730.3217
730.3995
730.4481
730.4654
730.545
730.545
730.6329
730.6329
730.6908
730.6908
730.6908
730.6908
730.6908
730.7812
730.7812
730.7812
730.7812
730.7812
730.9136
730.9136
731.0044
731.0892
731.0892
731.0892
731.1135
731.1533
731.1631
731.1631
731.1631
731.2048
731.2048
731.2367
731.2792
731.4372
731.459
731.4597
731.4597
731.5042
731.5909
731.5909
731.5909
731.6275
731.6709
731.6739
731.8448
731.8448
731.8448
731.9354
731.9354
731.9639
731.9973
732.0544
732.0544
732.0544
732.0601
732.0601
732.0601
732.0601
732.1264
732.1264
732.1264
732.1264
732.132
732.2064
732.2064
732.2545
732.2545
732.2545
732.3304
732.3304
732.3304
732.3304
732.3519
732.4048
732.4048
732.4048
732.4085
732.4851
732.4851
732.4851
732.4851
732.5186
732.5186
732.5186
732.5186
732.5186
732.5186
732.5186
732.5186
732.5186
732.5685
732.5685
732.5685
732.5685
732.5685
732.6748
732.6748
732.6748
732.7993
732.7993
732.7993
732.803
732.8163
732.8163
732.8271
732.8271
732.865
732.882
732.8868
732.913
732.913
732.9872
732.9872
733.0677
733.0729
733.0729
733.142
733.2277
733.2277
733.2423
733.2423
733.2423
733.2423
733.2423
733.2548
733.3509
733.3509
733.3509
733.3509
733.409
733.409
733.502
733.502
733.502
733.502
733.502
733.5479
733.5479
733.5479
733.5479
733.5479
733.5479
733.5493
733.5493
733.5493
733.7894
733.7894
733.7894
733.7894
733.8472
733.8472
733.8472
733.892
733.9937
733.9937
733.9937
733.9937
733.9937
734.064
734.064
734.1337
734.1337
734.1337
734.1337
734.1337
734.1337
734.1337
734.1337
734.1428
734.1428
734.1428
734.1428
734.1428
734.2692
734.2692
734.2692
734.2692
734.2692
734.2891
734.3284
734.3284
734.3606
734.3606
734.3606
734.3606
734.4122
734.4122
734.4122
734.4122
734.4122
734.4321
734.4428
734.4428
734.5176
734.5176
734.5176
734.5176
734.5413
734.5754
734.5754
734.5754
734.5754
734.5754
734.5754
734.5754
734.5754
734.5754
734.6266
734.6266
734.6266
734.6266
734.6266
734.6266
734.6266
734.6461
734.6503
734.6649
734.6649
734.6975
734.6975
734.6985
734.7473
734.7509
734.7509
734.7509
734.7509
734.8361
734.8361
734.8361
734.8361
734.9016
734.9016
734.9016
734.9016
734.9016
734.9356
734.937
734.937
734.937
734.937
734.937
734.9756
735.0227
735.0227
735.0227
735.0227
735.0227
735.0227
735.096
735.096
735.1038
735.1038
735.1466
735.1466
735.2565
735.2565
735.2565
735.2741
735.2741
735.5129
735.5129
735.5129
735.5129
735.5613
735.5902
735.5902
735.5902
735.6017
735.6017
735.6017
735.6017
735.6017
735.6017
735.6017
735.6017
735.6149
735.6149
735.7213
735.7213
735.7213
735.7213
735.7213
735.7383
735.7383
735.7383
735.7383
735.7383
735.7383
735.7383
735.7383
735.7568
735.7568
735.7568
735.7568
735.7623
735.7623
735.7766
735.7766
735.7766
735.7766
735.824
735.824
735.8532
735.8532
735.8532
735.8786
735.8786
735.8786
735.8786
735.8786
735.9911
735.9911
735.9911
736.1178
736.1324
736.1493
736.1556
736.2592
736.2648
736.2648
736.2974
736.2974
736.2974
736.3145
736.3502
736.3502
736.3502
736.3673
736.3929
736.4347
736.4347
736.4456
736.4456
736.4581
736.4581
736.4649
736.5301
736.5502
736.5502
736.6095
736.6095
736.6095
736.6095
736.6422
736.6422
736.6428
736.7294
736.7294
736.7424
736.7526
736.8242
736.8242
736.8242
736.8476
736.8945
736.9539
736.9539
736.9539
737.0141
737.0527
737.0527
737.0527
737.1261
737.2427
737.2427
737.3705
737.3705
737.3705
737.3705
737.4374
737.462
737.462
737.5085
737.5085
737.5746
737.7606
737.7606
737.7617
737.7617
737.7617
737.7617
737.7617
737.7706
737.7706
737.7706
737.7706
737.7706
737.7706
737.7822
737.8617
737.8617
737.8617
737.8837
737.9286
737.9286
737.9409
738.0377
738.0377
738.1143
738.1976
738.1976
738.1976
738.199
738.329
738.329
738.3467
738.3467
738.3467
738.3467
738.3647
738.3925
738.3925
738.4211
738.4211
738.4211
738.4211
738.4211
738.4277
738.4653
738.4653
738.4653
738.4653
738.5057
738.5057
738.5057
738.5057
738.5057
738.5057
738.5057
738.5057
738.5057
738.5057
738.5057
738.5057
738.5057
738.5601
738.5601
738.5601
738.5632
738.5632
738.5632
738.6526
738.6526
738.6526
738.6526
738.6526
738.6526
738.6526
738.7045
738.7045
738.7045
738.7354
738.7354
738.7354
738.7354
738.7354
738.7835
738.7835
738.815
738.8242
738.8505
738.8505
738.8731
738.8851
738.8931
738.8931
738.8931
738.8931
738.9093
738.9093
738.9093
738.9296
739.0286
739.0286
739.0286
739.0286
739.0286
739.0286
739.0497
739.0497
739.0497
739.0497
739.1323
739.1439
739.1439
739.1439
739.1439
739.1698
739.1698
739.1698
739.1953
739.1953
739.1953
739.1953
739.1953
739.1953
739.1953
739.1953
739.1953
739.1953
739.1953
739.1953
739.1953
739.1953
739.1953
739.1953
739.1953
739.1953
739.1953
739.1981
739.2009
739.2009
739.2009
739.2625
739.2625
739.2625
739.2722
739.2722
739.2783
739.2783
739.2954
739.3398
739.3727
739.3727
739.3727
739.3727
739.3986
739.3986
739.3986
739.3986
739.3986
739.3986
739.3986
739.3986
739.4583
739.4583
739.4583
739.6133
739.6133
739.6133
739.6133
739.6133
739.6133
739.6133
739.6133
739.6133
739.6725
739.6725
739.7382
739.7382
739.7382
739.7382
739.7382
739.7382
739.7743
739.7743
739.7743
739.7743
739.8007
739.8992
739.9266
739.9266
739.9266
739.9266
739.9266
739.9285
739.9763
739.9763
739.9763
739.9763
740.0992
740.0992
740.0992
740.1374
740.1374
740.187
740.2479
740.2479
740.2479
740.2659
740.3798
740.3798
740.3798
740.3798
740.3798
740.3798
740.3798
740.3798
740.3798
740.3798
740.3798
740.3798
740.3798
740.3905
740.4822
740.4822
740.4822
740.4871
740.5237
740.5237
740.5237
740.5237
740.5242
740.5242
740.5242
740.5242
740.607
740.607
740.6261
740.6261
740.6261
740.6261
740.6261
740.6261
740.6261
740.6261
740.6261
740.6261
740.6261
740.6261
740.6261
740.6381
740.6381
740.6398
740.6477
740.6477
740.6597
740.7051
740.7051
740.7311
740.7311
740.7311
740.7311
740.7348
740.7348
740.7348
740.7689
740.7689
740.7689
740.7689
740.7689
740.7689
740.7689
740.7689
740.7689
740.7712
740.7712
740.7712
740.7833
740.7833
740.7833
740.7875
740.7932
740.7932
740.823
740.823
740.823
740.823
740.8607
740.8607
740.8607
740.8607
740.8607
740.8607
740.8607
740.8607
740.8607
740.8607
741.0032
741.0032
741.0798
741.0798
741.1806
741.1806
741.1806
741.1806
741.1865
741.2452
741.2452
741.3101
741.3101
741.3101
741.3101
741.3101
741.3118
741.3118
741.3118
741.3228
741.4388
741.4388
741.4388
741.4388
741.4388
741.4388
741.4388
741.4388
741.4388
741.4388
741.4388
741.4488
741.4488
741.4488
741.4488
741.4488
741.4488
741.4488
741.556
741.556
741.556
741.556
741.556
741.556
741.556
741.556
741.556
741.556
741.556
741.556
741.556
741.556
741.556
741.556
741.556
741.556
741.556
741.556
741.666
741.666
741.666
741.666
741.666
741.666
741.666
741.666
741.666
741.666
741.666
741.666
741.7341
741.7341
741.7341
741.7341
741.7383
741.7383
741.7383
741.7383
741.7766
741.7766
741.7766
741.7766
741.7766
741.7766
741.7979
741.7979
741.7979
741.7979
741.7979
741.7979
741.7979
741.7979
741.7979
741.7979
741.8079
741.8079
741.8079
741.8079
741.8123
741.8123
741.8123
741.8123
741.8123
741.8123
741.8123
741.8123
741.8123
741.8123
741.8123
741.819
741.8384
741.8384
741.9016
742.0474
742.0474
742.103
742.103
742.103
742.1522
742.1522
742.1603
742.1603
742.1603
742.1603
742.1619
742.1619
742.1932
742.1932
742.1932
742.1932
742.1932
742.1932
742.1932
742.1932
742.1932
742.1932
742.1932
742.1932
742.1932
742.1932
742.1932
742.1932
742.1932
742.1932
742.1932
742.1985
742.1985
742.2039
742.2059
742.2059
742.2059
742.2358
742.2358
742.2358
742.2358
742.2358
742.2358
742.2467
742.3065
742.3239
742.3239
742.3239
742.3239
742.3239
742.3325
742.3325
742.3325
742.3325
742.3325
742.3325
742.3588
742.3588
742.3588
742.3588
742.3588
742.3588
742.3588
742.3588
742.3588
742.3588
742.3588
742.3588
742.3696
742.3696
742.3696
742.3696
742.3981
742.4872
742.4872
742.4872
742.4872
742.4922
742.4922
742.4922
742.5029
742.5693
742.5693
742.5693
742.5693
742.5693
742.5693
742.5829
742.5829
742.5829
742.6158
742.6158
742.6158
742.6158
742.6293
742.645
742.645
742.645
742.645
742.6468
742.6722
742.6722
742.6722
742.6766
742.7014
742.7014
742.7014
742.7014
742.7014
742.7133
742.7133
742.7133
742.7133
742.7195
742.7264
742.7264
742.7264
742.7766
742.7766
742.7766
742.7897
742.7897
742.7897
742.7897
742.7897
742.7897
742.7897
742.8182
742.8182
742.8327
742.8327
742.8327
742.8327
742.8327
742.8327
742.8327
742.8327
742.8327
742.8327
742.9232
742.9232
742.9232
742.9508
742.9911
742.9911
742.9911
742.9911
742.9911
742.9911
742.9911
743.0255
743.0255
743.0255
743.0255
743.048
743.048
743.0709
743.151
743.151
743.151
743.151
743.151
743.151
743.151
743.151
743.151
743.151
743.151
743.151
743.1953
743.1953
743.1953
743.197
743.2462
743.2462
743.2627
743.2793
743.2793
743.2793
743.2793
743.2859
743.3203
743.4042
743.4042
743.4042
743.4108
743.4561
743.4592
743.4592
743.4628
743.4628
743.5068
743.5068
743.5317
743.5317
743.5317
743.5317
743.5317
743.5317
743.5317
743.5317
743.5317
743.5745
743.5745
743.5745
743.5745
743.5745
743.6074
743.6074
743.6074
743.6378
743.6378
743.6378
743.6378
743.6378
743.6378
743.6378
743.6378
743.6378
743.6378
743.6378
743.6378
743.6409
743.6524
743.6524
743.6524
743.6524
743.6628
743.6628
743.7764
743.7979
743.7979
743.8074
743.8074
743.8151
743.8418
743.8472
743.8472
743.8472
743.8472
743.8567
743.9324
743.9324
743.9324
743.946
743.946
743.9658
743.9658
743.9658
743.9658
743.9658
743.9658
743.9808
743.9808
743.9808
743.9833
743.9833
744.0986
744.0986
744.0986
744.0986
744.1011
744.1011
744.1011
744.1123
744.145
744.145
744.145
744.1767
744.1767
744.1852
744.1852
744.1852
744.1955
744.2075
744.2574
744.2574
744.2574
744.2574
744.2574
744.2752
744.2752
744.2752
744.2752
744.2752
744.3088
744.3088
744.3088
744.3088
744.3088
744.3088
744.3148
744.3329
744.3329
744.3329
744.3979
744.3981
744.3981
744.4518
744.4518
744.5333
744.5333
744.5333
744.5676
744.5676
744.5676
744.5676
744.6028
744.6099
744.6099
744.6099
744.6736
744.6736
744.6736
744.6736
744.6736
744.7294
744.7294
744.7841
744.7841
744.7841
744.7841
744.7841
744.7841
744.7841
744.7841
744.7841
744.7841
744.7841
744.7841
744.7841
744.7841
744.7841
744.7841
744.7841
744.7841
744.7841
744.7841
744.7841
744.7841
744.7841
744.7841
744.7841
744.7841
744.7841
744.7841
744.7841
744.7841
744.7841
744.7841
744.7841
744.7841
744.7841
744.7841
744.7841
744.7841
744.7841
744.7841
744.7841
744.7841
744.7841
744.8116
744.8116
744.8116
744.8116
744.8116
744.8116
744.8116
744.9423
744.9423
744.9423
744.9423
745.0336
745.0336
745.0336
745.0336
745.0558
745.0989
745.0989
745.0989
745.099
745.099
745.099
745.099
745.099
745.099
745.099
745.099
745.099
745.099
745.099
745.099
745.099
745.099
745.099
745.099
745.099
745.099
745.099
745.099
745.099
745.099
745.099
745.126
745.126
745.1276
745.1602
745.1602
745.1681
745.1681
745.1832
745.2026
745.2026
745.2371
745.2964
745.2964
745.2964
745.298
745.2986
745.2986
745.3223
745.3242
745.3242
745.3245
745.3245
745.3245
745.332
745.3589
745.3589
745.3589
745.3589
745.3665
745.3665
745.3665
745.3665
745.3665
745.4393
745.4393
745.4393
745.4393
745.478
745.478
745.478
745.4821
745.4865
745.4865
745.4865
745.4865
745.4865
745.4865
745.4865
745.4865
745.4865
745.4865
745.4865
745.5289
745.5289
745.5441
745.5441
745.5441
745.5441
745.5508
745.5508
745.6448
745.6448
745.6448
745.6763
745.6763
745.6763
745.6763
745.7211
745.7349
745.7399
745.7399
745.755
745.7953
745.7953
745.8287
745.8287
745.8287
745.9272
745.9272
745.9272
745.9272
745.9272
745.9383
745.961
745.961
745.961
745.961
745.961
745.961
745.962
745.9712
745.9712
746.0029
746.0397
746.0397
746.0397
746.0643
746.0643
746.0643
746.0643
746.0714
746.0714
746.0714
746.0714
746.1265
746.1275
746.1275
746.1275
746.1275
746.1275
746.1275
746.1275
746.1275
746.1275
746.163
746.163
746.163
746.1798
746.1902
746.1902
746.2095
746.2095
746.2095
746.2095
746.2393
746.2393
746.2421
746.2601
746.2601
746.2874
746.2874
746.2874
746.2899
746.3043
746.3043
746.3043
746.3043
746.3043
746.3049
746.3049
746.3049
746.3409
746.3409
746.3409
746.3409
746.3617
746.3705
746.3856
746.3856
746.3856
746.3856
746.3856
746.3856
746.4015
746.4015
746.4164
746.4309
746.4577
746.4577
746.5031
746.5031
746.5179
746.5179
746.5319
746.5392
746.5392
746.5441
746.5441
746.5579
746.5579
746.5579
746.5579
746.5579
746.5579
746.5579
746.5579
746.5579
746.5579
746.5648
746.5648
746.5648
746.5671
746.5738
746.5789
746.5875
746.5875
746.5875
746.5945
746.6171
746.6464
746.6733
746.6733
746.6733
746.6733
746.6733
746.6733
746.6733
746.6733
746.6733
746.6733
746.6733
746.6733
746.6733
746.6733
746.6733
746.6733
746.6733
746.6733
746.6733
746.772
746.772
746.8803
746.8803
746.8803
746.8803
746.8803
746.8803
746.8803
746.8803
746.8803
746.929
746.929
746.929
746.929
746.929
746.929
746.929
746.929
746.9498
746.9498
746.9498
746.9498
746.9585
746.9585
746.9615
746.9615
746.9625
746.9678
746.9678
746.9678
746.9718
747.0339
747.0339
747.0339
747.0432
747.0432
747.0447
747.0646
747.1042
747.1042
747.1042
747.1053
747.1053
747.1053
747.1058
747.1058
747.1641
747.1641
747.1651
747.2122
747.2122
747.2122
747.2122
747.2122
747.2365
747.2365
747.2365
747.2783
747.2835
747.2897
747.3186
747.3186
747.3186
747.33
747.33
747.337
747.337
747.3618
747.3618
747.3618
747.4315
747.4315
747.4315
747.4315
747.4315
747.4315
747.4315
747.4315
747.4315
747.4315
747.4315
747.4315
747.4315
747.4315
747.4315
747.4458
747.4458
747.4458
747.4458
747.4458
747.4458
747.4458
747.4458
747.4458
747.6222
747.6222
747.6222
747.6222
747.6222
747.6222
747.6222
747.6222
747.6222
747.6222
747.6222
747.6222
747.6235
747.6235
747.6235
747.633
747.633
747.6478
747.6478
747.6528
747.6611
747.6611
747.7073
747.7073
747.7073
747.7073
747.7073
747.7073
747.7227
747.724
747.724
747.724
747.7831
747.7831
747.7831
747.7831
747.7831
747.7831
747.7831
747.7831
747.7831
747.7831
747.7831
747.7831
747.7831
747.7831
747.7831
747.7831
747.7831
747.7831
747.7831
747.7831
747.7831
747.7831
747.7831
747.7831
747.7831
747.7831
747.7831
747.7831
747.7831
747.7831
747.7831
747.7831
747.7831
747.7831
747.7831
747.7831
747.7831
747.7831
747.7831
747.7831
747.7831
747.7831
747.7863
747.7863
747.7863
747.8484
747.8484
747.8484
747.8484
747.8484
747.8484
747.8484
747.8484
747.8484
747.8484
747.8484
747.8492
747.8492
747.8492
747.8492
747.8509
747.8681
747.9209
747.9209
747.9209
747.9209
747.9337
747.9337
747.959
747.959
747.959
747.959
747.9718
747.9747
747.9747
747.9946
747.9946
747.9946
747.9946
747.9946
747.9974
747.999
748.0038
748.0129
748.0129
748.0291
748.0291
748.0511
748.0511
748.0511
748.0511
748.0511
748.0574
748.0915
748.0915
748.0915
748.1117
748.1223
748.1223
748.1694
748.1694
748.1694
748.1694
748.1694
748.1982
748.1982
748.1984
748.1984
748.1984
748.1984
748.1984
748.1984
748.2272
748.2272
748.2272
748.2272
748.2272
748.2272
748.2272
748.2272
748.2272
748.2272
748.2272
748.2272
748.2272
748.2272
748.2272
748.2272
748.2272
748.2272
748.2272
748.2272
748.2272
748.2272
748.2272
748.2657
748.28
748.28
748.28
748.28
748.2991
748.3187
748.3187
748.3187
748.3187
748.3415
748.3415
748.3415
748.3415
748.3415
748.3415
748.3471
748.3471
748.3471
748.3471
748.3471
748.3471
748.3471
748.3471
748.3471
748.3471
748.3471
748.3471
748.3471
748.3471
748.3471
748.3471
748.3852
748.3852
748.3852
748.3852
748.3852
748.3852
748.3852
748.3852
748.3852
748.3852
748.3852
748.3852
748.3852
748.3852
748.3852
748.3852
748.3852
748.3852
748.3852
748.3852
748.3852
748.3852
748.3852
748.3852
748.3852
748.3852
748.3852
748.3852
748.3852
748.3852
748.3852
748.3852
748.3852
748.3852
748.4056
748.4328
748.4328
748.4328
748.4328
748.4328
748.4328
748.5074
748.5074
748.5074
748.5074
748.5074
748.5074
748.5074
748.5074
748.5109
748.5109
748.5109
748.6447
748.6447
748.6447
748.6486
748.6486
748.6538
748.6538
748.6938
748.7142
748.7142
748.7142
748.7142
748.7642
748.7642
748.7642
748.8005
748.8005
748.8005
748.8065
748.8065
748.8065
748.8065
748.8065
748.8087
748.8087
748.8148
748.8255
748.8255
748.8255
748.8255
748.8316
748.8494
748.8494
748.8494
748.8671
748.8671
748.8671
748.8671
748.8671
748.8671
748.8671
748.8671
748.8715
748.8715
748.8715
748.9111
748.9111
748.9111
748.976
748.976
748.976
748.976
748.976
748.976
748.976
748.976
748.976
748.976
749.0049
749.0049
749.0049
749.0049
749.0049
749.0049
749.0049
749.0049
749.0049
749.0049
749.0049
749.0049
749.0049
749.0049
749.0717
749.0717
749.0717
749.0717
749.0717
749.1019
749.1019
749.1019
749.1019
749.1019
749.1019
749.1019
749.1019
749.1019
749.1019
749.1019
749.1019
749.1019
749.1019
749.1019
749.1019
749.1019
749.1019
749.1019
749.1019
749.1019
749.1019
749.1019
749.1019
749.1019
749.1019
749.1019
749.1019
749.1019
749.1287
749.1287
749.1287
749.1287
749.1287
749.1287
749.1647
749.1647
749.1647
749.1719
749.1719
749.1719
749.1719
749.1721
749.1721
749.1721
749.1721
749.1721
749.1721
749.1721
749.1721
749.1721
749.1721
749.1721
749.1721
749.1721
749.1721
749.1721
749.1721
749.2196
749.2196
749.2196
749.2196
749.2196
749.2196
749.2196
749.2196
749.2196
749.2196
749.2196
749.2196
749.2196
749.2196
749.2196
749.2196
749.2196
749.2196
749.2196
749.2196
749.2196
749.2196
749.2196
749.2196
749.2196
749.2196
749.2196
749.2196
749.2196
749.2196
749.2322
749.2322
749.2322
749.2322
749.2322
749.2322
749.2322
749.2322
749.2557
749.2901
749.2901
749.2901
749.2901
749.2901
749.3065
749.3065
749.3065
749.3266
749.3266
749.4309
749.4309
749.4309
749.4309
749.4309
749.4309
749.4309
749.4309
749.4309
749.4692
749.4692
749.4701
749.4701
749.4701
749.4701
749.4701
749.4701
749.4733
749.5638
749.5638
749.5638
749.5638
749.5708
749.5898
749.5898
749.5899
749.6089
749.6089
749.6089
749.6089
749.6089
749.6089
749.6089
749.6089
749.6089