531.5298
533.0637
535.1079
532.2786
532.4859
534.2045
535.6149
533.1832
534.4907
532.3536
534.2809
534.0635
532.5939
535.0252
532.6453
533.2565
532.8201
532.5933
534.0081
533.831
533.4277
534.064
536.9576
533.7165
534.2896
532.2524
534.317
532.1591
533.4316
532.381
532.5251
533.4744
532.52
533.1245
531.0427
532.8626
532.457
532.4908
533.2406
532.2498
534.5297
534.7228
532.6232
532.3741
533.7718
532.2678
534.4396
534.6201
535.1992
532.1378
534.6149
532.2632
533.2974
533.2305
532.703
533.824
534.5595
531.4395
533.4321
533.6749
534.5724
530.958
530.634
534.9695
532.4764
533.4491
531.6292
534.3516
535.2701
532.1379
533.6875
532.3888
532.8693
533.6597
533.0321
533.1869
532.559
532.9617
534.9834
532.7987
532.936
533.4619
534.0478
534.2841
530.7805
533.7078
531.3259
532.0306
534.5325
534.0176
532.7302
531.7958
530.3017
522.5338
513.829
522.5018
519.55
515.5707
521.3462
510.5282
519.4965
521.4902
520.0482
517.815
512.59
520.8007
525.4922
518.6992
513.9081
520.5381
512.4608
514.1071
519.705
517.2971
518.6468
516.5573
523.6061
521.0473
516.9421
511.8968
512.7216
520.4517
523.5275
526.9867
515.3921
520.3937
518.9392
514.5345
518.0466
515.518
523.4763
522.5204
521.034
516.5386
521.3407
514.8223
521.9534
522.2704
518.2032
521.2675
522.7461
522.894
522.9454
519.3238
521.8939
523.2737
521.8273
522.4261
521.9825
520.2019
517.1505
518.5604
521.6121
511.3502
512.0342
510.5282
516.4742
518.4138
511.1805
519.1353
510.5282
520.1898
521.0139
520.9757
512.4514
520.1714
513.2555
510.5282
519.8655
520.6934
519.7711
523.6309
516.5619
510.5282
517.5801
517.2936
511.9124
511.2838
516.9921
520.4578
520.8064
515.4061
514.9086
517.9283
520.0947
524.5946
515.7393
518.4224
516.3386
523.0557
513.6697
515.5972
520.0768
510.5282
511.7365
516.5462
514.7103
518.1058
518.377
517.6476
518.0744
517.7321
520.1936
510.5282
520.7119
520.0643
517.3297
520.173
519.7233
519.6603
516.1888
519.8636
519.8328
515.9654
517.8964
519.2679
521.7935
519.538
518.8865
520.5543
517.0125
518.1811
523.187
523.796
519.2566
522.0333
521.6888
522.6339
524.6896
516.2872
513.9412
513.5408
513.4967
510.5282
515.5485
514.4468
516.5589
516.7389
520.4124
513.3503
512.7544
518.7354
523.0017
516.4153
520.0569
512.8918
520.0901
524.2011
523.5449
518.5208
518.8849
520.7155
519.5598
519.2916
516.791
514.0763
519.2458
516.5506
520.2333
517.0846
517.774
520.4398
517.2595
521.5577
515.2803
521.266
517.7365
517.9156
517.6486
519.0944
513.0812
521.5098
519.0199
510.5282
517.5676
512.7958
514.9039
517.0918
516.8398
516.914
517.2059
518.4915
519.9894
522.789
516.328
528.3356
522.9734
521.4666
519.3643
518.7156
513.0175
522.7644
517.0488
519.5953
511.5022
521.066
523.9532
521.9517
520.7645
521.0677
519.89
520.8472
522.5111
522.752
510.5282
513.778
517.8839
521.184
512.9846
522.8433
516.1637
513.8376
517.4384
522.0834
519.6797
517.3179
510.5282
515.4885
517.7091
515.2711
511.9884
520.1114
524.5192
520.8396
523.8506
522.2346
513.7639
515.3989
518.2328
518.7072
521.2964
519.3562
517.9205
516.567
517.8073
520.1567
522.0474
519.0626
510.5282
521.6332
514.1742
518.7836
518.6771
520.3063
527.521
519.913
517.5991
520.3475
518.3835
520.1788
518.4397
515.6808
511.1419
515.8162
520.0882
514.8057
518.2994
517.2679
516.1003
512.3352
515.2122
521.0632
517.3069
515.0329
521.9185
518.3741
519.3839
523.215
524.6274
510.5282
512.1155
516.2769
522.6085
523.2523
522.5093
517.2344
515.3539
525.7469
516.1577
511.6801
513.715
514.4479
519.0578
517.7524
515.834
522.1752
510.5282
525.2515
523.0676
521.9758
517.23
519.7343
524.3028
515.7495
521.3225
517.2138
510.5282
520.5121
518.2369
520.0406
514.0522
511.1544
511.582
517.7988
515.0039
517.8626
523.6431
523.2194
521.1944
514.334
519.5746
518.9141
521.0971
513.3643
510.5282
519.1464
519.3183
517.0876
519.6673
518.8386
522.2675
518.8965
512.2916
519.5161
510.5282
518.017
519.4125
520.3826
516.5496
520.5164
519.9697
523.4402
522.2643
525.4512
518.2977
519.8533
520.1539
518.3569
518.4474
518.8761
526.442
526.0692
521.3841
518.5642
515.7988
518.585
515.864
515.1737
518.4521
521.4705
519.3497
520.3831
517.0729
521.4922
520.3224
521.8064
524.2629
517.722
523.9166
520.1774
516.3769
519.5618
521.4296
516.6354
523.7441
522.1506
524.6666
521.6937
520.658
522.7974
528.1244
519.8474
524.2607
521.0763
523.1234
521.2526
516.9226
520.3879
521.072
521.5522
513.5987
521.0406
516.7055
516.213
516.3432
522.9413
517.6041
514.9329
519.4884
525.6123
521.1331
519.495
512.2684
520.0909
523.3677
516.1064
516.8484
520.5394
512.1436
516.9759
520.7629
514.8291
517.2581
513.3618
519.9652
520.9606
519.5782
517.8741
518.0978
523.4302
524.2366
515.22
515.1157
520.6993
523.1806
518.4443
521.6396
518.535
522.0305
518.3946
516.0056
513.7005
518.4415
522.8389
515.4763
519.2957
524.5155
521.1771
515.6391
512.7698
513.4921
513.86
521.6797
518.7332
517.1455
522.5607
517.6808
524.8476
510.5282
516.9714
514.0674
514.4099
520.9013
517.196
519.2991
515.9366
521.9652
522.2335
519.6646
518.6725
517.3932
517.7305
520.0013
518.525
520.9742
512.7655
517.6713
516.9088
518.5787
522.3155
523.0884
523.618
518.0214
523.6451
518.7914
519.0415
513.0909
518.0153
514.9388
517.6129
513.9312
522.0483
512.6682
517.4584
510.5282
510.5282
515.5049
520.7231
514.1721
515.3834
514.3008
518.7203
521.518
520.6102
524.5254
520.5939
527.4644
522.9515
519.0375
516.9174
511.5052
514.2952
516.3922
518.1588
521.9002
523.9978
519.1185
524.1663
518.638
522.7363
523.925
516.8344
518.3102
513.5408
518.5168
512.6112
519.9404
514.8538
523.7321
519.2744
521.8698
521.0551
523.1543
520.4725
517.3547
516.3828
519.5659
518.8607
521.6345
517.2179
518.6475
520.655
524.0225
518.9335
510.9626
514.7975
515.6898
519.1751
510.5282
519.0145
520.9575
521.8054
519.575
523.4303
514.8168
522.1974
523.3593
521.8491
520.9468
521.084
520.4874
521.1367
521.6075
522.4155
519.1655
524.7139
518.5784
517.3202
516.1603
519.8464
520.0595
517.1578
518.822
518.0557
522.3331
520.6458
518.7471
522.0576
525.0327
521.8663
519.1274
523.6639
519.8926
520.9625
519.4931
519.3976
516.3464
517.9034
510.5282
514.2936
513.8685
521.0198
518.4294
514.9488
512.5529
523.968
522.9312
522.5552
521.2389
521.0688
518.8529
522.8029
517.6818
519.6252
518.9879
513.8099
517.0543
514.486
514.0201
517.1746
520.9095
523.5563
523.827
521.0637
518.1341
522.0332
522.9787
519.2245
522.6248
519.2888
523.7441
518.4584
520.702
514.8762
520.4841
514.5735
520.319
522.4108
519.0065
518.5867
516.4725
515.097
519.6016
518.3423
519.4301
520.9213
519.8265
521.011
518.1686
520.377
517.8093
520.9397
517.5118
518.2388
521.8258
522.9099
527.3974
525.2725
513.1077
516.0333
517.3155
520.8803
522.162
524.2078
522.9651
522.6016
517.5758
518.4559
520.3276
517.1638
518.087
519.0638
516.3835
514.113
521.6439
518.5435
528.5485
520.5613
523.6528
519.0253
517.0746
520.1589
514.5314
521.1437
522.7147
521.2944
516.2259
517.4689
523.5652
517.7913
518.6602
523.5349
521.7704
523.9448
524.0905
516.2539
519.9047
515.0462
520.4515
520.6934
523.405
517.7506
515.7184
518.8816
524.1921
523.7325
516.3179
518.9068
519.9864
519.2797
525.1276
521.9446
519.5825
519.5244
516.7908
526.9886
516.7415
514.5813
519.9604
519.9304
518.3828
522.7235
522.332
523.838
519.171
520.613
520.9373
519.6321
514.6203
511.3338
510.8332
516.8235
518.7296
519.0408
516.9946
514.6984
514.1465
517.9001
519.0018
511.4239
518.2243
525.1439
522.9983
520.7521
516.8942
520.4562
511.0333
518.6658
519.49
518.8015
515.5203
524.8257
523.6529
519.6141
521.7892
513.5551
518.4253
519.0621
522.0402
521.8423
518.7185
523.5438
521.1248
520.9719
520.8979
519.7175
518.3756
518.1485
518.6165
519.4817
521.241
522.261
520.9145
520.7266
521.5822
519.3616
519.1981
519.3605
519.7426
520.246
516.3148
516.465
521.9321
520.8912
522.207
519.6042
521.9791
522.617
519.4146
519.824
521.4145
518.9055
514.5331
516.2042
511.5334
519.2877
518.0388
524.2604
516.9214
519.2606
517.6633
512.1072
525.5339
520.4875
524.8585
521.1956
516.5737
518.7903
517.0272
513.6673
517.0521
519.4837
521.6791
519.2124
519.735
526.0291
516.355
521.1569
519.2132
521.1561
522.696
516.569
512.9515
519.7459
513.7818
516.8322
519.8281
518.4124
521.5461
518.511
522.5331
514.0024
516.5218
519.9341
519.6727
522.7825
519.4059
519.0106
522.5016
520.54
516.027
510.5282
516.7786
521.8563
526.485
522.3369
523.5391
519.6047
520.0428
524.0256
523.2715
520.3435
523.8149
522.9653
523.3613
520.1321
513.6886
516.8409
517.1998
524.434
514.4719
516.0939
513.1597
519.5648
516.3965
510.5282
522.5018
520.0886
518.1445
518.8218
522.6125
521.1973
522.6235
512.9247
510.5282
519.9098
519.548
513.1122
521.1625
518.0616
523.5957
520.4445
516.826
510.9659
522.2411
520.6884
519.2568
516.4505
512.3268
523.1645
517.5806
519.8007
520.3552
520.3271
515.6297
518.7682
521.0768
521.4864
521.8838
519.8857
520.0237
510.5282
510.5282
520.7249
518.5788
526.5172
520.6699
521.9291
523.3927
520.6625
521.8218
513.5786
514.3179
517.9476
519.543
525.626
519.7787
519.1758
519.2737
524.5964
520.5533
519.1797
522.1624
517.8311
510.5282
515.6207
510.5282
518.0178
510.5282
517.8967
523.4118
519.596
513.4658
517.6579
515.1376
523.1798
521.4402
514.4246
524.0008
519.3707
515.1186
517.5178
519.5136
523.3178
515.195
517.9657
519.6862
516.1323
519.7007
523.0113
520.1514
513.5491
516.244
517.3869
510.5282
519.8819
524.9756
520.4299
518.0928
520.4472
521.3322
516.2515
515.3061
521.7017
525.3209
517.9424
519.5542
517.346
516.3979
517.5296
516.8373
520.1957
519.2367
522.9805
523.8795
519.2394
520.9688
515.866
518.9767
520.2336
519.3159
518.9603
520.52
522.4425
510.7447
518.6254
516.2215
524.4686
518.4664
521.9481
518.8453
521.5639
518.5128
522.1959
523.9121
521.1645
517.4763
521.477
521.7903
516.2106
515.0944
516.7026
518.6544
517.4908
520.1569
520.239
521.5233
520.7051
522.3841
523.6687
522.5245
516.7585
516.4776
522.1011
520.1678
525.1107
520.8271
519.5395
520.3706
519.4804
519.2203
524.8463
520.2296
521.9274
518.6791
519.2526
521.131
518.7416
521.7851
517.118
518.1273
517.4052
523.0372
522.9138
516.3977
514.1296
520.4907
526.466
517.0437
521.4228
519.7681
512.8951
518.4364
520.5532
515.1696
520.2417
522.8
519.9351
523.8745
518.4034
521.6572
524.3186
518.9844
519.1425
517.1829
517.9039
518.838
519.5101
522.1063
523.5053
517.8398
520.9186
518.3063
516.3248
513.3444
519.0779
516.9862
520.9894
523.0323
519.9728
519.1239
521.3107
522.3178
516.2288
517.9831
516.2643
511.5891
523.6241
521.2078
515.7576
522.5827
519.8882
520.134
513.3214
519.4432
516.5766
517.8698
522.7839
520.3367
522.1073
521.6162
519.3058
519.7748
520.5745
520.5206
518.1893
519.8068
517.7737
517.5104
522.7488
518.9758
515.3849
517.0742
518.928
516.0389
521.9587
516.4144
517.8308
515.3307
522.3986
523.762
519.8416
518.5673
523.2156
510.5282
516.702
524.9935
517.2197
517.3076
512.7795
514.3357
513.5468
522.3665
520.1151
510.5282
515.6438
523.0054
522.9324
521.6192
519.1811
520.1544
519.9986
518.3895
524.3116
521.8533
522.0251
518.885
522.3733
523.8644
516.8073
518.2537
517.9114
513.9159
524.3827
520.3277
519.6554
518.1235
521.5661
520.5472
521.8464
525.1289
522.8921
521.4117
524.6053
520.4001
522.4936
520.1431
520.7834
525.5917
521.7415
518.4507
516.8144
514.6684
510.5282
521.298
520.4899
519.4188
511.4958
516.9958
517.3683
517.3896
520.4959
518.4536
519.6235
520.2978
516.5095
521.183
521.1508
512.5626
523.6477
522.4743
515.6924
520.8058
521.9147
519.5823
521.9178
521.117
521.6119
515.4155
521.8748
519.1122
520.6623
518.4004
520.9966
516.4178
523.883
518.9986
521.6168
522.2234
520.7487
514.5574
520.5137
521.6194
520.1016
522.785
524.2952
517.6793
519.0242
523.6526
518.1146
514.4814
519.0513
518.8241
518.7565
519.1505
520.9333
519.5777
517.8361
521.4861
517.5651
520.2654
522.3269
522.6106
520.7798
524.272
521.9489
516.8052
516.5425
518.5421
517.3698
519.2768
517.8798
515.6724
520.3293
523.6852
520.4406
518.2056
523.7125
522.3859
522.3872
517.7594
520.3073
517.5222
522.066
524.688
517.729
523.0562
518.5198
518.5354
517.2357
518.8021
517.8887
520.7071
519.8059
520.5596
519.7747
519.4304
518.8633
520.4053
513.6232
521.6558
524.1627
516.9431
514.3719
520.9891
519.5027
523.2715
524.7923
522.9125
521.8964
518.6807
514.0176
517.2643
520.2099
519.3971
517.9084
520.6905
520.6818
518.4802
524.7978
523.2203
520.4354
513.1292
512.8718
517.7374
514.9606
510.5282
515.7396
520.6526
525.8448
523.5029
520.8178
517.1527
514.9122
526.6774
520.9077
519.6475
521.1341
521.6267
523.3857
520.019
520.5482
524.8694
518.1948
519.8159
520.0096
510.5282
517.3475
512.8129
516.631
513.3117
518.3793
522.8995
519.9824
518.0748
519.6237
521.5724
518.8483
522.9339
520.4013
517.5003
524.2725
526.9861
519.2213
520.4576
519.7483
521.5827
517.3653
513.1293
520.4011
520.6898
525.4056
521.2504
512.853
520.0706
525.7761
518.1761
522.3327
523.2681
522.3934
516.4443
519.5223
515.748
515.3765
521.0576
520.9045
520.1094
515.9449
515.3063
519.7607
518.5753
518.725
521.8585
518.2954
516.7873
517.0966
515.4003
510.5282
518.8387
517.9962
515.5182
517.9159
519.2667
520.7255
520.7348
523.0604
517.2552
515.3154
516.3056
518.1554
520.5339
521.8676
522.3719
519.2679
519.6362
523.8535
517.8355
520.0529
524.4286
518.6266
520.5577
518.0478
519.7405
522.0554
520.9578
516.9506
524.4384
520.5911
521.3987
518.2811
524.1458
523.4133
524.8564
521.3427
524.9221
521.4314
518.838
520.7921
519.7161
518.9469
518.316
516.9193
519.0381
521.9466
524.0111
520.9485
519.9704
516.1545
517.1479
520.4092
519.7513
512.916
517.688
517.4553
517.2365
519.8936
525.1243
517.2951
522.4804
515.1276
525.1353
518.4427
520.6714
515.7327
517.6124
521.0607
520.3647
518.2596
523.8509
522.7497
521.5302
522.8265
523.7771
513.8472
519.3908
521.6992
514.4196
515.9194
520.531
524.5317
520.9096
523.2672
516.8224
513.5859
519.1754
519.606
522.8171
523.0199
520.421
515.8201
522.2224
527.567
520.6155
521.7283
520.9156
521.7406
517.6698
523.7945
510.5282
516.0488
510.9511
519.6204
522.8431
514.6837
522.0521
520.2032
518.3815
517.9893
517.9714
513.8037
514.5855
514.6531
517.4902
511.006
520.9629
519.3921
517.3686
518.6389
518.1191
517.8116
520.8735
521.816
518.8062
520.402
514.783
518.2168
516.7501
517.9332
520.6652
524.3161
520.5824
520.2432
521.0046
526.3883
521.2216
520.8768
517.4211
519.0037
524.6006
522.3444
521.1429
518.16
510.5282
512.0489
518.4576
516.7633
517.0897
519.7297
522.0605
518.129
518.5036
521.8271
517.5142
523.2404
523.5703
519.9138
512.7576
518.5762
519.7545
518.3892
523.8144
522.5779
525.5668
518.2032
520.4877
513.5283
517.7807
518.145
516.1157
516.0235
521.2438
518.9575
517.4144
521.162
519.9313
524.3226
522.8716
522.748
523.7881
521.9711
526.0974
522.5358
517.3462
521.6076
526.5933
510.5282
511.7277
519.6467
516.025
525.9348
513.5947
516.7345
520.5213
521.2999
514.1953
511.2198
510.5282
512.0298
519.6953
517.4883
517.363
515.4201
523.358
516.7328
519.3181
518.8787
521.4272
522.6954
521.9637
517.0584
525.805
514.8228
521.0914
526.0773
518.9194
520.3191
520.3475
521.0709
520.8342
518.8066
516.2219
522.6956
519.0945
518.4832
523.096
521.3722
519.1973
520.6591
520.767
518.7166
523.0491
516.0639
516.7815
522.0318
522.7985
514.841
519.1571
520.8385
519.8735
518.9422
515.6247
518.9858
515.4811
515.2692
518.176
515.0764
516.0602
522.655
521.8686
521.4666
523.2701
521.3639
526.6794
518.5108
517.5215
510.5282
515.1315
514.1638
515.7485
517.5294
515.3387
520.1115
517.5349
518.8127
521.1209
520.4473
523.0173
517.9283
519.3802
524.0765
520.9125
522.1639
517.272
519.8593
521.5895
523.322
524.0482
520.4017
519.7144
518.4867
515.9669
517.358
513.757
513.1643
520.4196
515.9941
520.7928
520.9296
521.6593
524.2513
523.7787
521.3232
520.5574
521.5942
521.3907
519.2499
523.4145
520.329
515.3083
512.9602
520.9985
522.4114
519.1395
516.667
522.6225
519.8446
521.7402
521.6569
520.8977
521.7174
523.8184
522.8254
518.9744
521.2007
518.3182
515.7121
520.4901
519.6755
520.0198
522.9472
521.5656
519.6558
518.9505
520.8904
517.7282
520.1861
521.3123
518.7669
519.8205
517.7206
522.1141
518.0184
523.2408
520.0079
525.4355
521.9567
528.192
520.7905
521.4947
516.536
515.0063
516.234
514.9506
520.9208
521.6451
524.4695
528.681
524.2526
524.6564
516.8483
520.2006
518.4565
523.1931
518.9022
522.0903
525.7811
522.7906
520.4299
520.4186
522.1402
521.506
514.8126
512.4293
515.3442
519.5552
526.3011
520.9046
525.8306
519.2487
518.2461
522.579
521.2539
522.2511
522.0547
524.4124
520.4453
516.6965
519.4738
516.0041
518.2516
522.6973
517.9339
519.1733
521.9009
522.1647
520.9669
519.4845
519.8032
521.8713
520.2326
511.6774
518.9098
518.522
523.7505
522.8638
518.7751
515.8173
514.5826
524.7746
526.2537
518.7362
523.1667
521.344
518.3015
519.6819
519.5759
522.5232
517.7503
519.5904
520.7431
521.6962
522.4946
520.889
521.6266
518.7323
522.2913
520.8193
524.798
518.3722
518.6833
519.4338
512.9606
511.3478
520.8137
518.7162
521.134
520.5189
522.8957
521.1302
524.463
524.0137
519.8832
517.4001
519.9289
515.608
511.3634
510.5282
517.0496
517.8032
516.0144
519.0598
520.4635
518.1118
515.08
518.983
520.057
522.3337
516.6527
518.8024
517.6618
523.0426
521.8211
517.6956
523.754
520.5784
517.5005
519.8393
518.9517
515.44
518.6578
514.8815
519.6185
520.5728
521.1552
520.9763
516.5631
519.3133
518.1286
518.6535
523.1967
523.4102
518.77
520.0641
520.6009
519.8237
525.1629
521.6946
516.444
517.6262
519.0208
516.5213
518.5861
522.1797
522.3434
520.8484
523.2578
521.1183
515.325
521.0402
525.4482
518.9354
516.8672
517.9213
518.3641
523.3979
523.6982
526.2102
522.0873
519.9285
515.5505
519.9547
521.6636
524.2609
520.1494
520.0678
525.1943
520.2781
518.3904
515.7234
517.7286
522.5612
522.0533
523.2701
514.066
522.4066
525.0472
518.4954
522.2498
524.573
520.614
521.1113
526.6233
520.943
521.2026
522.3167
519.7493
521.6187
518.824
521.0159
520.6019
510.5282
516.0418
516.5875
517.8743
519.0282
519.9099
523.2001
522.8885
521.563
519.3172
524.4694
517.4893
518.4545
521.1074
522.0533
521.04
517.6554
518.5707
521.607
517.6916
522.8553
519.5035
522.7589
521.5256
515.8775
523.7456
524.488
520.5215
517.1385
522.5594
517.9532
518.8955
523.5172
523.949
523.6922
522.5
520.8231
524.4444
524.5647
518.856
519.7278
521.0982
521.2028
516.3956
520.684
516.816
519.9926
519.8283
527.1137
520.4896
521.4469
522.4042
515.5768
515.6855
518.5233
517.796
514.3413
515.5576
517.6895
523.1075
515.1156
514.9969
515.2242
516.9263
519.4211
516.8358
517.8486
522.6527
526.0764
519.3292
520.757
523.744
516.8497
515.6514
517.1891
518.1512
519.7059
520.8958
521.8416
519.5833
520.0674
517.1585
523.6922
519.0293
519.4234
521.0653
522.573
521.2349
521.149
520.6853
520.6973
521.9689
524.579
521.6378
516.5397
518.8631
519.7355
524.3738
519.4229
521.2644
513.8035
518.6243
522.6898
517.3102
516.5999
519.1976
516.072
526.6108
517.045
519.6159
520.9833
523.8548
518.442
519.0497
522.1993
522.1918
521.4232
522.9086
519.3821
524.3422
518.8463
518.4889
517.6061
519.5742
521.9588
519.8853
519.1833
519.4562
510.5282
518.0858
519.8062
525.0605
522.9559
510.5282
518.725
522.7509
521.7791
521.0552
520.2749
510.5282
516.9389
518.821
521.908
522.0196
521.1763
524.2474
521.7883
524.6234
518.3524
518.3369
521.0519
518.8387
519.5814
518.908
516.4894
519.082
516.5951
517.172
516.6098
520.6254
521.053
524.8022
520.9025
520.3329
518.5416
522.7221
521.5905
522.5396
523.9475
519.2471
519.592
519.4089
513.335
517.5738
521.2223
522.1739
518.1914
522.139
517.562
517.5945
519.0891
519.7789
521.5458
520.1893
523.1011
520.0905
517.3396
518.498
516.3044
522.8932
518.595
518.0593
520.7638
518.5994
515.6138
520.7596
517.4028
513.5326
513.0154
519.8113
522.595
515.9789
516.3062
518.7271
520.9573
518.4371
519.0426
514.8668
520.3276
520.7282
518.8383
517.8697
517.1201
519.6806
520.3351
510.5282
515.3508
522.55
519.4954
521.1119
521.0059
523.5425
521.9446
525.7533
519.5284
518.7942
522.7642
516.4965
525.1345
516.9081
521.1266
521.6395
516.795
517.2952
519.2443
523.4714
521.4272
515.6193
515.2686
519.8346
522.1655
522.959
523.492
522.97
518.4223
519.3032
521.7009
523.6682
514.3061
518.9538
515.9752
519.0152
515.862
517.1403
510.5282
517.2537
514.8903
517.6372
524.4645
520.9201
516.6749
514.4697
521.5371
521.5467
520.9268
521.3755
519.1759
521.2831
523.9313
518.8896
519.8248
521.0835
523.7316
525.1976
523.3035
518.3204
524.1191
520.2083
517.265
520.2885
519.6255
521.2917
518.9381
511.0058
516.6863
521.8547
522.2769
518.767
524.2399
518.0859
523.4337
518.5869
520.7173
521.1765
521.9084
519.2311
523.9315
519.1323
518.0834
521.5079
523.0797
515.2948
517.5721
514.3618
519.6584
510.5914
517.7294
514.0538
517.902
519.9165
522.4839
520.088
518.6321
522.3776
521.5472
514.9604
518.8311
520.2846
518.1711
523.3065
518.6442
515.6602
523.7594
517.8598
522.1395
520.6832
518.7753
521.1404
514.6238
521.299
521.8998
522.2224
519.5056
524.5989
518.8304
515.6039
517.8106
518.9195
520.3807
518.701
521.0836
518.2334
520.7891
519.3238
519.6921
523.8964
521.1891
518.2409
519.9352
516.1438
517.4215
521.2134
519.2478
521.2811
523.3391
522.6647
523.4446
523.5564
516.6307
517.7821
518.7369
520.4283
516.1499
523.6371
519.27
517.1248
517.4285
516.2662
522.2062
520.2453
522.432
518.1538
527.4946
518.0883
521.6445
520.4061
519.6612
519.2598
522.9271
520.5074
518.9659
523.5455
520.3392
515.0502
521.5593
520.0278
523.3705
524.5777
523.0534
522.097
521.5201
514.1305
519.0906
519.0148
518.1745
522.0178
522.7536
520.9204
522.8212
520.4213
521.531
520.592
520.478
519.5502
519.8904
515.869
515.208
519.3508
519.0956
519.6061
515.2507
521.9893
517.8581
522.0251
519.9395
520.9695
512.6373
522.8965
518.0349
512.9058
515.897
523.2114
521.5038
521.2224
519.0886
515.7799
520.5679
520.6863
521.2176
519.4244
524.1411
524.1357
524.0795
518.8582
519.4905
516.3981
517.45
520.8376
518.5508
521.4606
517.3353
525.3915
517.9995
519.7138
522.8064
516.5062
521.2504
519.1905
519.2322
521.2266
517.7275
523.8938
521.2811
518.1751
518.1175
510.5282
517.6174
520.5934
520.8843
520.1674
512.337
519.472
519.3011
519.1982
522.9598
522.301
521.64
523.5524
516.7381
522.0079
517.4614
522.4741
519.8478
517.7689
522.0768
520.1497
513.7676
512.2884
512.2328
515.7465
521.9471
518.9308
523.6602
520.7695
524.33
523.1317
518.6273
523.1678
521.8306
522.1548
519.8197
520.5925
521.9471
521.2853
521.5689
522.5208
520.0812
520.5186
521.4331
518.5537
522.2327
522.2623
520.0491
518.4045
515.3927
519.2904
521.4621
523.3153
514.4485
518.3581
514.8973
517.3942
517.4827
515.9202
520.0677
517.8378
524.0502
521.5541
519.8417
523.5461
521.7568
516.7473
517.053
518.899
513.8571
516.9404
522.7198
520.5025
524.1443
521.3438
521.1698
523.9913
523.6167
519.3274
520.3163
524.5415
520.6124
516.4875
518.3546
517.6213
525.8344
520.7881
522.287
518.3262
522.0701
523.8199
515.7029
516.7705
519.6658
512.9447
520.3084
522.3694
521.5402
520.7134
526.0288
522.6396
523.7407
522.6722
523.6202
519.7321
522.8274
515.9745
512.4904
513.5654
519.5682
518.2054
515.3705
517.1652
515.8184
521.8443
524.6888
518.4552
520.8294
515.61
517.5831
519.943
521.0783
522.5082
521.5378
523.0117
519.4472
522.8588
521.6296
527.4329
520.593
519.9241
518.9051
519.8269
519.423
518.0717
525.7257
523.1528
520.5851
524.8809
520.9506
523.4881
522.7252
523.4405
518.9916
514.2075
517.5395
521.1598
521.4349
521.832
521.7778
521.4108
526.2729
521.7662
520.1667
521.6642
517.7443
521.1654
516.2977
522.2665
514.0441
517.2992
514.8942
520.7796
516.1507
522.0929
523.1514
513.0793
522.8445
522.8352
518.3014
519.2102
520.827
520.3292
523.4156
516.0218
522.6741
525.9878
521.0596
521.4059
521.6969
515.5846
519.7234
522.4456
524.1551
524.0943
518.3
517.0196
521.0928
519.1224
523.0131
518.7895
522.7365
518.6569
517.4078
522.5047
524.3712
520.2122
520.2997
517.104
520.7062
521.3605
523.0118
524.6783
519.2656
523.712
517.6248
522.1965
521.3107
525.3868
526.7307
522.051
520.6218
524.9407
523.3155
518.8774
522.0341
522.933
520.4139
521.4406
521.8688
525.6028
520.6851
518.4025
517.6919
520.4873
515.7324
519.9094
519.3974
521.4965
518.8143
521.2548
520.7
514.8832
522.7962
521.1196
521.2668
520.5019
521.2526
523.4953
519.3498
520.8975
521.6498
521.8915
517.7588
525.7955
520.2633
525.455
527.3218
522.0227
524.0406
524.5976
521.1919
520.311
520.2826
517.7053
519.7462
522.6976
523.4567
520.5779
518.4644
519.3733
521.7938
523.3882
524.4304
521.7552
523.4537
516.4481
521.6794
525.2843
522.5763
520.8868
522.7957
523.8929
519.9743
515.6675
520.5029
515.7526
519.4576
521.2403
520.2684
516.9583
514.739
522.5367
522.1188
521.4631
517.7624
520.0792
522.7518
522.1304
521.4355
521.5561
520.7085
522.7535
520.4672
522.4059
522.3088
523.8395
520.1882
520.3591
519.5739
516.993
520.7787
519.7422
519.2054
520.1265
519.3447
520.7468
525.053
522.3315
519.7122
525.5035
522.1143
517.9872
518.2807
518.9803
515.5461
518.0612
521.1459
525.0579
523.5591
522.931
525.0744
523.9891
519.9496
517.2007
526.3558
523.3777
523.6841
517.5581
517.5843
527.4125
519.6988
527.014
523.0159
521.1915
520.7333
518.4946
520.7393
521.0624
523.1528
517.2361
520.9317
523.2577
522.589
522.5609
514.0485
518.4645
520.6346
521.2241
521.55
518.8105
521.1394
522.3927
520.9561
520.0955
515.1227
511.8643
519.7325
519.0959
513.2477
517.8012
521.3156
518.8973
516.3203
521.5513
515.9254
521.9202
522.7028
520.0426
521.5389
527.2063
521.3011
521.6902
522.9396
521.5301
517.9138
518.9007
521.9207
522.9308
519.8565
514.8582
519.756
516.9673
518.2114
519.147
516.951
521.8958
521.4966
521.5082
519.897
519.4609
520.9304
521.4881
520.5724
525.3258
523.1697
522.7151
516.2092
519.7168
518.9437
520.2181
517.3955
522.6993
520.2393
520.1309
524.71
520.8384
519.685
526.1345
517.3291
517.2583
517.6659
518.6484
517.5974
520.9862
521.906
519.7269
521.0387
517.9583
517.1435
522.7112
519.9312
520.2647
518.6794
520.0811
521.7256
526.1352
519.9482
522.8222
522.5374
524.3329
523.6664
522.5939
516.1935
522.4243
521.5545
515.6144
515.6132
517.5237
517.4459
518.4583
521.8489
522.3167
521.7675
519.8538
522.7685
525.1542
514.6155
520.2652
522.3162
520.0644
522.0029
521.9002
514.8291
516.4777
513.7473
519.8453
519.5629
519.5808
520.0831
517.7556
521.3158
522.6271
519.5822
514.9349
518.7543
518.4412
520.2352
522.0322
519.771
520.8083
519.9774
519.9924
513.713
520.4985
516.7662
520.8509
519.2022
518.3708
522.3216
517.3699
516.9449
518.9792
516.5521
520.8885
521.6803
520.0906
521.3229
516.8362
520.3413
521.3387
516.0886
517.9556
518.8196
522.1899
518.465
522.8307
517.9032
523.489
517.2144
517.8561
521.4728
526.6634
516.389
522.7462
519.5054
516.9658
519.1978
524.0578
522.0605
522.6319
524.564
521.9771
522.343
522.0875
517.5942
518.5746
518.5941
518.1439
520.9125
521.2566
526.3768
522.0262
516.1949
519.1352
523.6357
520.0503
522.3981
521.4128
519.8055
520.6275
523.0999
519.5717
521.1166
521.4058
519.4254
518.3875
524.4562
522.5055
522.2314
521.4363
523.132
523.2563
520.3292
521.0593
516.5253
519.0005
522.2073
518.5872
519.4413
520.9518
521.9926
522.0641
515.3439
520.3779
519.0124
519.8195
521.2447
521.4442
523.0301
522.663
523.6015
524.6197
518.2169
518.4021
518.3633
523.5031
516.6802
518.2969
521.4865
523.3369
517.8184
520.0615
522.9684
520.9203
524.9758
521.2882
520.4901
521.2809
517.8738
519.059
521.8806
516.2073
521.1933
514.7975
518.3324
520.2249
515.8349
521.7298
519.9946
519.8232
522.171
513.7606
516.3893
518.3066
522.0037
519.9778
520.1684
521.4622
522.1519
524.2899
523.833
522.6569
520.3799
527.6701
525.4197
522.1772
521.8696
521.9064
522.4383
518.5721
526.1375
520.8336
521.8392
519.8717
517.024
520.0461
523.0068
517.3358
517.2429
518.3453
519.1669
519.9345
519.2521
521.946
520.9252
524.5851
521.6113
518.6771
521.8895
521.0479
523.3541
521.8528
519.5367
522.0127
516.6102
517.7123
517.9005
520.662
516.781
518.0067
522.1904
517.1938
520.2798
516.0014
519.9561
521.2148
517.7529
516.3086
517.791
522.6428
521.2668
521.9904
523.3856
519.6032
522.7962
519.2881
523.756
522.1115
522.4559
521.3035
516.6433
518.6157
520.6725
518.0745
517.0146
524.3038
520.6287
523.1061
520.5531
525.3759
521.8991
519.2111
521.209
515.6741
518.3427
518.8323
522.7971
519.7574
523.6624
522.5377
525.4944
523.3876
522.1182
520.1539
525.2421
518.5331
518.3944
519.8029
518.14
520.687
518.5677
523.3426
521.9891
521.0526
517.838
519.422
521.333
519.168
522.099
523.483
518.8503
524.6766
522.0499
523.018
522.4847
518.7361
518.931
518.8458
516.6815
517.8315
520.4406
520.0622
519.2155
514.5793
520.1076
515.9893
522.1311
524.3148
521.343
520.6797
520.1826
517.3792
522.218
518.1008
517.1555
520.9507
519.8337
520.1192
519.4225
517.0428
518.8878
516.5356
520.301
517.0193
516.2802
516.0543
516.9269
520.3717
521.1213
520.3725
524.8937
523.361
523.5336
518.8207
518.8917
515.7286
518.1205
517.6105
520.3459
521.6115
524.208
523.5782
519.543
518.8043
526.119
524.7428
520.0498
522.9156
519.4204
522.7244
518.8101
518.2895
516.1788
521.5871
519.6374
522.1813
518.9384
520.9097
514.5126
514.2197
516.2879
521.8262
518.5864
517.939
520.4514
523.4735
523.8424
516.47
522.0898
521.5688
524.4689
522.3176
523.6179
516.6284
520.113
521.9828
522.958
520.9257
524.7334
524.3225
522.2775
521.185
521.4103
522.5764
527.8314
517.5429
521.9644
528.0579
521.7673
519.8024
518.3034
517.1494
520.8805
521.0245
523.7426
520.5325
522.4121
521.5617
516.7734
519.2519
518.4943
517.1893
521.2147
520.0305
518.8456
519.5834
519.7391
516.6629
521.0159
521.5982
518.8769
520.7956
522.7634
521.9493
522.0378
517.6884
519.6016
519.1046
517.7032
522.3272
522.0333
524.1567
520.418
520.0091
521.2263
522.6821
520.9576
516.5528
523.0978
521.8972
521.4965
519.1263
523.9888
520.6667
524.5922
520.8331
516.0047
516.3769
510.5282
520.118
513.3104
514.7003
518.2403
517.3303
520.0795
522.9962
520.3748
522.3011
521.4662
522.0786
518.0143
517.7869
522.1687
521.5021
520.7495
520.9199
521.053
521.3591
521.5037
519.1865
517.5158
522.3785
518.0757
519.2709
523.8165
521.014
522.4968
522.749
524.0822
516.6654
517.856
518.9451
517.8669
515.6625
519.8564
521.6948
522.7518
518.9141
519.1958
523.322
522.7953
520.9184
522.7172
521.3111
523.9153
522.9912
521.2456
521.0176
515.3996
518.3969
519.4936
517.5439
518.5349
521.6614
521.4035
518.2819
522.6798
520.1593
521.7901
520.4434
519.7728
518.9841
517.6859
517.9018
521.6412
520.046
522.8179
517.6797
516.4492
520.1031
517.1262
517.1368
521.3707
517.2848
518.5477
515.6124
518.7862
520.6048
524.0403
519.4199
517.5158
519.1006
520.1108
520.2538
517.3014
518.2799
517.0464
516.6312
521.5812
520.0508
519.9113
523.1039
521.3859
523.0815
520.5904
520.3773
524.7753
524.5599
516.3159
520.1837
524.2325
521.0058
518.7498
517.0283
518.9413
517.1068
521.8969
523.3864
520.3597
521.2919
521.8796
521.3968
523.3498
523.5198
521.2819
520.4705
523.4277
521.8796
521.4786
524.4211
520.7315
523.2446
519.4893
519.5778
522.2515
521.9921
519.9561
519.7347
519.639
520.5661
519.4232
519.25
521.6793
519.8797
516.6855
518.3475
519.7747
522.6573
520.6889
518.2283
522.2113
522.8491
522.239
522.7487
519.5989
521.8583
516.3578
520.7441
518.9559
520.6418
519.0743
520.4388
516.7132
525.4882
523.2431
521.7778
521.0947
522.0445
525.0966
524.3831
517.6047
517.4498
513.5557
512.1829
516.6443
516.3616
516.8715
517.2981
519.8699
517.4991
517.6389
523.6822
523.1927
519.3414
519.0767
521.2014
519.4161
519.4698
518.5559
518.7095
518.6533
518.9856
520.6943
515.3279
518.1129
521.0674
520.9832
522.9158
523.759
519.5518
517.1863
520.8421
513.9537
517.4904
510.5282
518.0943
515.2493
511.141
520.5861
521.0293
518.6025
520.2968
520.5851
516.8979
515.9431
518.1937
515.3433
516.9315
520.661
519.976
520.9156
521.3559
522.3499
521.0668
521.1813
515.6673
520.4429
515.8378
519.0231
514.6954
518.1024
515.3735
520.0176
519.1833
517.8621
521.0847
519.7751
523.5982
523.6905
516.5126
518.7404
523.0739
522.3497
520.3207
520.0621
519.4826
520.9431
522.3845
518.4446
521.4533
519.028
522.8253
520.754
521.1055
518.6591
523.6056
518.2654
523.288
520.0212
524.2131
521.3625
522.4434
521.6181
519.8608
521.1607
521.1799
524.4846
521.9412
525.2211
523.0227
525.1889
521.35
519.163
519.7703
520.0767
519.8272
521.4042
522.4183
520.8186
520.7045
524.1719
521.2125
520.9365
522.7029
518.542
521.6418
522.8051
516.2155
518.2631
521.0059
521.9857
515.912
520.0759
521.3571
520.6608
521.9731
519.319
522.795
523.1924
521.9228
519.7242
521.8665
523.8318
520.2022
520.2947
522.8719
524.2214
522.7288
521.5004
519.1319
517.1929
520.3886
523.74
521.8533
521.1298
519.0456
526.328
524.8162
523.5977
520.7144
522.6245
518.6508
519.7509
518.4951
520.4343
523.4605
522.0376
521.0035
521.7775
519.4224
518.5639
522.431
518.8633
520.2532
524.0797
522.4508
519.8649
521.8395
520.6913
520.1703
519.0374
521.0311
519.4101
521.3585
519.6934
521.8951
520.7449
524.7892
517.1526
518.2994
522.7646
521.7424
519.1418
519.4008
520.7783
521.0285
520.7004
521.7043
521.507
521.2098
519.9633
516.021
521.2236
520.9654
519.5685
520.5461
522.4148
519.8272
518.6902
520.0928
524.2748
525.1523
521.6689
522.2359
516.873
523.2479
519.0898
522.5187
521.1616
519.8345
518.2311
519.8776
518.524
516.7475
520.5759
520.1694
520.1483
521.4659
520.5621
521.3905
522.3848
522.3576
522.5781
519.7059
521.6445
525.554
525.1061
521.4077
520.0117
521.0248
520.7303
517.7759
522.4343
521.6758
522.2537
520.8276
520.0613
524.072
522.7669
518.5466
517.9466
518.5086
517.0832
520.6973
522.1306
519.7767
519.4644
520.7017
518.0814
520.6776
519.5109
523.2073
522.1584
518.3155
517.1077
521.7302
522.1066
523.3535
522.3523
522.2305
521.562
519.9818
519.1873
522.0306
522.9106
522.46
520.6323
521.6917
520.5593
520.9326
524.6512
520.0032
522.1117
520.6578
519.6844
522.9749
522.1707
520.152
524.7623
522.4412
525.0556
524.4247
518.4761
520.0283
516.2538
521.428
517.3754
521.8751
523.1581
519.2828
519.7098
519.1793
519.2772
521.5645
519.3102
523.425
517.9091
519.2625
522.1508
520.0939
522.1454
522.0005
523.5847
522.2355
519.3339
524.325
522.1848
522.091
525.2704
522.5341
523.2717
521.3884
522.7726
519.9001
521.2928
519.3156
524.8287
523.1166
519.8832
518.4575
520.8108
522.1353
521.7462
521.3766
523.8166
514.4316
521.57
519.6548
514.6715
518.8701
520.449
523.5186
521.0514
520.8354
521.0444
519.9058
518.1241
518.0875
519.4182
520.8453
523.6021
523.373
521.3139
527.5024
519.3595
520.4939
525.9102
518.0757
521.9062
522.1732
522.3547
519.5928
522.7448
519.5531
520.9609
522.3576
519.5949
521.1654
525.0455
519.9432
521.5005
523.2283
520.0234
520.5211
519.1497
523.9784
520.253
518.0079
522.0184
522.1354
520.3132
520.1473
522.0938
522.3611
523.9835
525.048
523.0694
521.86
521.2917
519.4934
515.7546
521.3011
519.7397
519.5721
522.4997
523.3903
524.3873
521.3682
522.0763
523.1588
523.0923
519.3766
520.6696
522.1265
522.3665
522.5614
524.3921
521.4499
521.7957
521.6702
518.4897
520.3981
517.8711
523.6417
521.6208
520.8426
524.5728
525.4661
521.1498
523.6868
520.1619
522.5513
524.0938
523.2654
521.1418
524.8686
523.4828
523.9919
521.7387
521.3445
520.9436
519.7651
523.554
520.3923
521.1309
518.8785
517.9202
522.6124
519.1596
523.7735
522.1917
520.0113
520.4036
522.9271
521.1493
524.8887
518.8533
517.3451
520.3186
521.1949
519.9089
518.8486
520.1635
521.4287
520.3314
521.1938
518.4304
514.7446
516.3607
519.0516
521.7767
519.2558
519.3984
522.9722
519.7568
518.0209
517.6144
517.4149
520.2067
515.8645
519.4464
519.4394
524.0849
517.6384
520.9141
521.538
521.7849
522.0931
521.7625
518.1573
522.5238
520.7849
521.2998
521.7571
519.3608
521.8051
520.2668
523.2075
521.1823
524.2834
519.6053
521.5975
521.4526
521.6473
520.7874
521.3946
522.1636
519.4059
522.3396
520.776
524.2095
520.2496
523.4573
522.0947
518.4947
519.9009
521.7983
521.8488
520.2745
519.4802
519.4455
519.6168
519.9068
521.4263
523.9474
522.5592
521.7211
519.1832
519.7742
522.5038
523.3167
522.8757
520.2791
521.0689
518.9525
522.7311
519.6225
522.0119
522.1609
524.963
522.7158
518.8079
521.1803
521.6077
522.7199
520.3823
519.7056
523.0312
522.6006
517.368
517.6464
521.3295
519.1586
519.9274
520.841
525.0886
519.5632
520.9771
522.2838
521.8166
520.2753
521.9841
517.9938
524.8433
521.4292
519.7346
522.8568
519.8185
522.6432
520.2156
518.7891
520.8662
519.4739
519.687
520.929
520.9261
520.6622
520.7919
519.7149
520.1324
522.2178
524.4979
522.434
520.8126
520.4606
521.0836
519.7382
519.5195
521.9451
520.2003
518.3056
525.2051
519.5784
519.3354
522.5483
519.9786
519.2693
519.5211
518.7252
520.9548
519.827
520.5584
519.6209
521.5954
519.3699
520.5043
518.8588
520.7524
521.4174
519.5141
517.2617
520.2343
514.7542
519.0253
520.482
517.9773
519.1002
519.6403
520.0104
520.1009
521.5104
518.843
519.6294
520.7134
516.4531
519.4358
519.6689
520.0659
518.8226
518.9971
519.2601
520.2308
517.6697
519.0652
522.0521
521.1129
519.2142
517.7692
521.9684
519.7358
523.4515
523.3044
522.3935
519.514
526.1173
521.9331
522.3228
523.1226
523.2367
521.0542
521.1389
519.039
520.9512
522.3034
521.3026
517.4129
518.8619
518.3738
519.3238
520.7836
522.4567
521.5494
524.3717
519.9754
520.9124
521.8993
520.4235
521.6419
518.9089
521.5604
518.5617
523.9032
518.4369
518.6715
519.9346
521.3878
519.7064
521.6844
519.4788
517.4474
519.0954
518.8704
518.01
517.8458
517.0839
519.7818
521.7303
520.8624
521.465
521.5829
520.1285
521.5237
518.3121
519.9196
519.2113
521.9646
523.7542
521.4287
520.7815
520.2142
521.2201
521.2197
519.4978
523.3107
520.6311
519.3695
522.1655
524.4208
520.0667
521.7552
518.6176
520.3687
523.7308
522.1669
519.4191
519.9551
520.4913
518.361
521.3668
519.3689
520.2335
518.1408
521.4769
522.1901
523.9807
523.7458
519.9693
519.994
522.3832
521.171
520.3109
523.6371
521.9096
521.1571
522.0648
521.9089
520.5675
521.5712
520.6241
518.9614
521.5389
520.7797
521.6208
522.349
519.827
518.3209
521.7167
519.134
523.9846
522.3609
525.8466
521.3514
524.8001
520.4931
521.9485
520.5142
522.9272
521.6489
523.5801
522.533
522.8406
521.3723
523.1778
522.9438
519.9578
519.2579
519.2352
522.4166
521.7303
517.5693
522.1405
519.5704
521.0073
521.9128
523.8181
521.3636
522.9124
522.2463
519.1036
522.0126
519.8096
520.831
522.0945
517.311
520.9188
523.3768
521.8669
519.6714
521.4108
522.6055
520.3469
519.8051
522.0289
524.3454
525.073
521.7533
522.8242
520.7719
517.8494
521.0538
518.1165
518.347
519.004
520.6852
521.0792
521.3718
520.8867
521.2331
521.8999
517.9402
518.0804
519.3135
520.027
521.141
522.5073
520.7731
521.223
520.8032
520.5061
520.3114
520.5407
520.2958
520.9749
520.6722
523.3337
519.4218
523.031
523.1799
523.4602
524.4279
522.801
518.7983
519.9036
522.365
524.152
519.9446
521.7661
520.2262
520.9664
521.8723
519.0068
520.8575
521.179
525.2697
520.5261
522.3703
521.518
522.637
525.6001
520.8431
522.1609
522.8841
518.5969
519.9485
521.5275
519.428
520.5135
523.008
523.0126
518.2344
519.5953
521.8063
518.1146
519.8953
518.6409
521.2238
524.7029
520.8672
521.0563
520.936
522.3442
523.5686
520.7361
519.87
523.7834
521.2975
522.7302
522.7808
521.0418
519.7211
521.3498
520.8193
520.6835
523.146
523.3958
522.2974
519.7254
525.9757
521.8749
519.6108
519.1806
521.4542
520.9299
520.5541
521.6196
523.9069
521.4695
521.8207
520.0296
518.8814
522.1155
525.4708
521.4572
522.1127
523.0157
522.7258
522.5818
522.5347
522.8336
521.6442
521.2708
517.4052
517.7743
519.533
519.0558
520.9003
522.2606
522.2906
521.5891
518.9014
520.5929
524.2136
521.4952
521.1664
522.0332
521.9494
523.2228
520.2034
524.3263
523.1125
520.8445
521.1378
521.3277
521.301
524.0649
519.0804
522.3882
521.4085
522.2298
524.0885
523.7584
519.9777
521.3978
521.0566
520.7615
521.9948
517.8572
522.4606
521.5508
523.7697
521.3486
524.1155
521.1195
521.478
521.8775
522.7847
520.4761
519.0038
520.4763
521.2311
523.8748
521.9622
517.7142
522.7242
521.3417
521.8526
520.7443
521.2855
521.6282
521.3936
517.702
522.7557
518.6851
519.2828
519.6945
522.0715
520.7365
520.8681
520.1712
520.4318
521.9744
522.3732
522.5361
522.6024
522.8179
521.8888
519.1948
519.6158
522.1308
523.5318
520.6273
521.0743
518.3572
520.6846
520.0271
521.0157
521.1721
520.6136
521.6828
523.1022
518.7488
518.6743
520.7175
520.7426
522.811
521.7177
522.7058
521.1432
521.8801
519.3395
521.1209
521.6835
522.6857
523.4842
522.5312
521.2073
521.0289
520.7509
519.7502
522.9821
518.9941
520.6382
520.842
524.264
518.5533
525.0107
520.2423
522.2582
521.4675
519.7946
519.8439
519.5421
524.0045
521.2462
520.6691
519.4027
518.1497
523.1214
519.8973
520.9969
520.511
518.4877
519.941
517.6741
519.038
519.1832
518.6106
520.0954
519.6047
521.692
521.0303
519.9814
520.1832
521.6475
520.908
523.5821
520.1697
520.7802
518.7427
520.0816
523.2069
522.7275
518.3754
520.1353
518.9077
519.5089
523.1051
521.8005
522.1179
520.4465
521.2667
520.974
519.7116
521.4542
519.6856
520.1689
519.2606
520.9816
521.955
520.3708
522.2695
523.5516
520.3702
520.8044
521.672
521.4509
519.6622
520.3985
520.4883
519.8696
520.6762
520.7349
520.9852
521.4306
519.3879
520.9824
521.0659
518.7571
522.0179
520.8787
521.8865
523.8871
520.7168
523.896
520.8893
520.9275
523.3336
524.8549
523.3521
521.3854
521.1425
519.3323
521.5964
520.5182
519.9588
520.4544
520.9236
518.1364
519.6399
519.9376
520.8363
523.4444
522.158
521.3795
520.4891
523.389
520.4369
521.8709
522.2797
522.0963
521.0768
522.219
521.3211
520.5808
520.6688
521.8685
521.8716
521.9429
523.2955
519.025
524.6185
521.1359
521.0837
517.538
521.5602
518.0668
519.1354
518.895
518.3288
522.579
519.4896
518.4888
516.9691
517.317
518.6528
516.2856
521.5418
517.3126
520.3591
522.2328
519.9349
520.9594
519.671
516.6742
517.5418
520.3054
520.9157
524.2474
522.004
522.0352
522.0043
522.2595
519.6183
518.3265
519.1137
522.3475
521.6799
518.937
519.871
520.5371
522.9543
521.0942
519.6544
522.3093
518.6431
521.2455
520.2205
520.5604
521.5366
517.7548
518.2527
518.7342
518.4749
519.329
518.6666
521.2365
519.8721
517.6699
518.837
519.9076
521.056
518.6155
520.8528
519.7823
523.5497
520.3937
519.9732
519.5046
519.9556
522.9177
520.2025
521.3189
520.455
520.9381
518.8939
524.9328
519.6794
516.3971
518.5897
520.9761
519.582
519.113
519.3444
519.7944
518.1991
519.7637
521.0353
518.2618
517.7103
521.5911
518.1683
517.2992
518.0162
519.3801
519.5405
517.5548
517.1361
522.2881
519.1828
518.6268
517.9556
519.7227
520.5513
522.1233
519.0572
516.5712
520.2855
518.6971
518.9325
519.2972
519.2188
519.3639
517.5411
522.0596
522.4847
519.7149
518.3614
518.9991
520.7379
519.5773
523.3807
521.3648
519.8291
522.1561
523.5224
520.2328
517.1804
519.5355
516.1846
516.0246
515.8138
516.9026
518.0516
515.3697
518.7547
518.4995
517.1
521.4247
521.1893
518.9841
517.3073
518.5605
519.9063
521.2419
521.3898
520.2844
518.0441
519.2473
521.5499
520.401
518.9567
520.0305
522.6918
518.4187
521.71
522.037
521.1949
518.4453
518.9448
519.4483
519.291
519.3872
521.3806
518.1578
519.022
516.0169
522.3534
520.7116
520.2601
524.2288
520.4059
516.201
520.8327
517.7592
518.3051
518.4894
519.7189
521.9081
521.5191
519.7626
516.9286
518.2233
517.2758
519.6224
521.4387
518.6989
521.3315
519.342
519.2137
520.1591
517.0302
517.7565
524.4615
518.6085
517.7763
517.3892
519.314
520.3292
520.1138
521.0915
520.2643
522.5505
519.0684
519.277
521.254
517.5154
516.135
519.6718
516.8762
518.0989
516.4897
520.2558
520.0602
520.4697
518.4432
521.5109
519.8436
521.1298
521.3523
517.2576
517.8227
516.236
520.6316
519.0939
518.3248
522.8284
517.2743
519.2632
518.7241
517.4404
520.4922
519.6789
519.0774
519.3429
517.9009
520.0111
517.7737
516.9227
519.2006
520.9824
519.905
520.0525
518.2646
520.5174
519.9609
519.3794
520.0551
522.6193
521.2742
523.3915
518.6616
520.2888
520.9574
520.809
518.773
517.296
517.5148
518.6962
521.1582
520.2208
522.1311
519.0643
520.5427
520.5327
518.3108
520.2433
518.6687
517.017
523.0457
518.5603
520.1115
520.6078
519.0887
516.0216
517.0327
520.7157
518.8722
520.601
520.1743
519.0564
520.536
517.5427
519.2549
519.2634
520.5084
518.3801
520.7468
520.5317
517.7381
521.1354
516.1408
519.5879
521.6374
518.4968
520.2997
518.5087
519.201
518.1688
517.7671
519.2156
520.3854
523.3557
518.3497
522.201
517.1088
516.0345
515.2762
520.8163
518.7781
515.4261
521.3576
517.626
518.1806
521.6226
518.1441
521.3
521.4807
519.4146
523.3055
519.9064
519.9087
520.7303
521.8887
520.3823
523.8093
522.1963
520.3658
520.3726
523.4698
522.0729
519.2546
519.8085
518.6409
519.5961
523.3988
521.5386
525.5934
522.4044
520.343
521.2294
522.5667
520.9316
523.6149
522.4777
520.905
519.5833
519.4818
522.2805
521.9286
521.0898
522.701
519.1465
521.1907
522.485
522.1467
523.4711
523.7219
521.2839
523.2124
517.4052
518.6593
521.7767
521.7616
519.8537
519.2315
520.6907
522.5042
522.2025
520.9156
521.3498
520.4742
518.9116
523.9128
523.0988
520.213
522.3
520.7074
519.5291
522.7795
519.9063
521.9346
520.5106
522.6259
520.7617
524.4365
522.9994
522.6385
520.0648
517.8316
520.1401
525.1932
521.3499
520.9302
520.4133
519.5887
519.3561
521.8444
520.8271
518.4062
522.4753
522.0716
522.3633
524.6099
520.6355
521.2438