18537
35544
59082
79867
101392
119141
139678
157237
175650
198085
216096
236147
253713
276046
298087
318001
338693
360391
380633
400912
422474
445597
465357
483504
504944
526697
545765
566242
587669
603469
618260
637162
656060
677124
696210
715894
737478
756647
777980
798644
816579
835624
858562
880065
898191
916638
936756
957065
976467
999255
1019481
1039517
1060205
1080226
1100846
1120094
1141422
1162810
1183479
1202830
1223393
1240893
1256499
1274415
1291136
1312697
1332025
1352960
1375423
1393986
1412699
1432646
1456358
1474460
1492514
1510618
1529539
1548865
1569805
1588458
1607009
1623038
1640200
1660835
1682830
1702281
1719717
1738331
1756498
1780222
1800207
1818600
1835987
1855315
1875670
1894797
1914950
1933516
1955515
1976307
1997267
2017987
2036166
2059843
2075757
2097321
2116151
2136847
2157389
2176220
2195716
2214725
2233449
2251982
2272010
2290718
2307861
2327714
2347526
2367851
2387478
2404554
2426103
2446406
2467162
2489648
2511321
2528773
2550227
2572381
2592985
2614218
2634510
2657211
2678648
2700078
2722327
2740643
2759567
2778513
2797114
2815795
2835745
2851670
2872468
2892135
2909889
2930995
2952068
2973582
2992621
3011871
3034029
3052616
3073060
3095129
3115092
3134174
3156001
3178056
3197056
3214012
3230640
3250914
3268542
3287128
3308835
3326538
3346532
3369755
3389483
3410509
3430192
3449342
3469739
3488377
3506951
3528302
3549059
3570473
3590493
3609004
3630348
3652314
3671119
3690351
3707588
3727737
3749935
3768811
3786227
3807378
3826308
3848548
3867299
3884826
3902713
3921586
3941780
3962627
3984618
4002728
4023084
4040165
4061296
4082681
4102731
4125099
4145886
4164253
4184059
4201902
4220287
4239480
4261060
4284210
4306853
4327105
4348375
4369816
4391569
4409094
4429181
4446610
4465404
4485481
4504617
4524574
4542628
4566000
4584816
4605282
4623155
4641188
4661137
4679541
4701487
4721533
4740302
4762903
4781787
4798976
4819832
4840218
4861527
4880256
4899208
4922850
4941676
4961361
4979264
4996026
5019099
5037581
5058884
5081433
5101809
5124547
5145790
5166414
5183271
5203193
5221698
5239067
5261090
5278830
5297295
5319383
5340810
5360450
5383050
5402356
5422334
5442371
5462774
5480394
5499160
5514135
5534984
5555492
5578444
5596130
5614978
5632284
5650621
5670672
5692589
5714574
5732974
5752660
5772768
5794785
5816727
5838367
5858849
5880129
5899676
5919699
5938763
5961394
5980822
6003015
6020644
6038790
6061356
6081683
6100448
6120127
6137089
6158258
6179122
6199923
6220765
6241304
6260852
6278523
6298574
6320562
6341758
6360157
6380136
6402865
6424723
6444633
6462472
6482808
6502460
6522145
6539744
6560621
6580953
6600128
6624052
6643432
6665721
6686854
6708301
6727253
6747027
6768985
6788198
6806948
6826638
6847000
6868198
6885300
6905163
6927108
6944270
6963469
6982279
7003361
7021765
7038572
7054186
7078114
7096463
7112964
7131224
7156616
7178931
7198101
7219776
7238730
7259247
7276845
7296182
7315899
7336865
7352659
7373962
7395970
7415510
7435957
7454028
7474659
7497861
7517541
7536383
7557280
7574686
7594689
7615814
7634358
7655227
7673540
7693061
7708665
7728975
7749081
7770346
7790404
7808806
7827571
7846598
7869148
7890203
7910514
7930628
7952327
7973180
7992362
8014153
8033410
8049788
8068676
8087704
8106934
8125015
8147702
8167773
8188671
8212418
8233883
8254094
8275070
8293520
8312174
8329234
8349649
8371037
8390485
8408051
8428152
8448296
8469745
8488195
8509844
8528809
8548901
8566006
8584081
8604652
8625110
8643625
8665630
8686541
8706920
8725694
8743614
8765509
8785778
8803982
8824021
8846021
8865304
8886066
8907329
8927314
8948573
8968699
8987105
9009152
9028333
9048743
9066899
9085145
9102488
9122316
9143142
9163584
9184059
9201217
9220462
9240805
9261936
9283826
9306022
9326231
9348059
9367736
9390397
9412129
9432535
9450991
9472014
9490753
9510795
9530924
9547165
9564718
9585988
9604726
9623964
9639309
9657433
9677993
9698249
9716873
9735754
9755373
9774289
9794845
9814599
9835416
9853257
9872475
9893850
9912471
9932136
9953562
9972653
9993264
10015996
10037020
10057545
10076884
10098051
10118085
10136813
10152299
10173142
10192143
10211948
10235240
10254536
10276881
10298690
10317590
10337785
10358218
10378043
10400364
10421415
10442112
10462411
10481074
10502325
10522198
10543152
10564264
10585911
10607835
10626320
10642345
10664176
10684481
10707074
10723079
10745074
10766908
10789559
10810642
10832123
10852966
10871453
10891391
10911156
10933158
10952022
10972160
10993685
11014046
11036415
11059163
11077790
11095715
11115816
11136162
11155871
11176241
11193972
11215790
11235889
11259221
11280567
11298975
11321364
11342493
11361211
11382379
11401530
11422675
11441667
11458990
11477673
11494276
11513984
11532003
11556570
11578782
11601527
11619808
11640467
11660401
11680194
11700313
11719479
11739440
11758925
11780385
11799608
11815791
11832998
11854576
11870876
11889439
11910809
11929304
11947224
11968271
11985373
12005243
12026603
12045692
12065571
12089873
12108947
12130859
12148827
12169701
12191990
12214733
12232458
12247317
12270514
12288737
12311216
12328896
12350332
12366791
12385635
12405090
12426875
12448834
12466607
12484583
12504950
12524521
12543575
12562077
12581942
12603856
12624017
12643532
12660156
12678734
12698917
12720665
12740271
12761198
12779657
12802958
12820836
12842010
12864610
12884515
12903486
12920987
12939767
12957802
12977192
12997814
13017604
13036336
13055119
13076210
13093797
13115077
13136474
13153435
13174008
13191156
13212196
13235713
13255913
13277142
13296202
13314662
13336809
13356386
13375995
13397563
13418718
13441330
13463399
13482402
13503946
13524919
13544298
13564212
13584568
13603225
13625030
13647141
13665348
13685073
13705435
13726099
13744621
13763226
13786063
13811275
13831076
13850491
13869883
13889709
13910912
13930010
13955008
13976040
13994097
14012162
14034042
14056887
14077193
14098657
14117423
14135201
14154322
14170212
14189654
14210929
14229088
14249936
14268508
14288518
14305502
14324514
14344377
14363777
14383290
14401646
14419934
14438464
14456565
14478711
14502744
14527107
14545993
14563545
14584624
14603709
14627350
14645801
14664868
14685104
14703374
14722495
14740474
14759633
14775826
14795705
14813942
14832957
14855189
14874500
14890666
14914605
14934302
14954016
14978253
14996753
15017425
15035479
15053007
15069747
15087566
15108051
15130357
15147728
15166872
15187777
15208639
15227900
15248469
15267423
15287555
15307171
15327113
15348924
15367040
15386889
15404816
15426712
15446634
15466008
15487117
15507237
15526665
15544184
15563422
15581739
15600297
15620409
15639401
15660838
15680084
15700284
15721766
15737800
15756870
15776730
15798284
15818406
15839216
15858928
15880497
15898145
15914972
15933239
15947725
15965628
15985835
16011579
16033006
16052016
16071473
16093820
16114082
16134893
16155226
16175879
16193570
16213158
16235417
16255752
16277166
16295764
16315274
16334264
16355656
16374201
16392609
16412881
16434190
16455112
16476286
16496909
16516332
16535138
16553298
16574159
16594121
16612191
16632807
16653146
16675261
16695081
16716258
16735283
16755579
16774781
16796585
16819426
16838821
16860844
16883122
16904037
16922165
16941295
16964004
16980683
17000327
17022029
17045195
17065934
17084375
17104886
17124978
17145812
17168657
17187678
17209426
17229393
17246670
17264976
17283320
17306832
17328781
17349473
17369597
17387423
17407820
17429778
17449937
17473655
17493436
17515721
17534473
17557160
17579345
17600875
17620023
17638469
17663213
17683877
17703811
17722802
17742589
17764634
17781643
17802309
17824431
17842611
17862653
17886818
17908926
17931989
17952351
17969586
17992939
18017370
18039191
18062679
18084056
18103015
18122423
18142836
18159044
18179550
18197508
18217579
18239204
18258494
18278471
18299554
18319201
18337999
18358531
18379488
18402849
18422187
18442693
18465069
18487806
18509361
18527420
18546819
18568026
18589338
18608887
18625597
18646396
18666596
18684979
18704049
18725018
18747792
18765188
18788826
18807775
18829197
18850001
18868115
18887496
18907191
18925994
18946452
18967064
18987192
19005766
19025004
19046224
19066064
19087458
19105534
19125181
19147098
19165337
19184653
19203856
19223191
19242493
19262443
19282889
19304838
19328509
19348340
19366180
19384578
19404387
19425113
19443976
19460949
19479686
19500157
19520892
19538216
19558749
19580218
19599862
19620255
19638496
19658321
19676906
19700838
19720955
19744225
19764896
19784109
19803440
19825724
19844273
19862720
19882154
19899453
19918861
19938713
19958812
19973883
19991520
20013268
20034386
20054709
20074915
20094479
20111087
20130411
20146708
20165573
20186840
20207910
20228630
20244652
20261298
20282714
20303064
20321084
20341304
20361252
20376895
20397030
20418771
20436901
20456098
20473853
20495995
20515702
20533221
20554877
20575555
20594510
20615574
20635268
20654351
20673441
20687740
20708321
20729892
20750092
20769136
20788293
20808913
20830561
20850648
20873274
20892624
20912095
20936233
20958137
20980926
21001392
21022716
21040571
21061906
21084117
21102948
21118737
21137127
21154446
21176328
21198355
21219286
21241006
21260466
21280416
21300949
21323731
21343799
21360958
21380619
21402014
21419465
21438279
21460774
21478919
21497305
21518276
21537055
21557634
21575179
21594352
21616256
21635554
21656131
21677886
21696321
21712776
21734495
21753998
21774034
21793630
21815166
21831376
21852324
21873196
21894805
21913345
21931694
21951927
21974320
21994642
22013239
22032954
22053141
22071778
22091782
22111268
22130986
22152268
22175259
22196880
22217387
22238641
22259916
22284073
22305992
22327089
22348550
22368350
22389193
22411487
22431820
22449292
22471973
22491173
22511433
22535346
22553797
22572814
22592020
22613836
22633272
22652503
22672574
22694464
22714798
22734945
22754412
22773548
22795132
22815835
22837840
22859169
22878428
22897445
22915509
22935368
22957541
22978268
22999623
23018608
23039980
23059538
23077971
23100728
23120551
23141963
23159644
23178527
23197159
23214717
23237399
23259017
23278170
23296456
23319199
23340521
23358000
23377702
23400126
23421856
23441375
23462028
23479789
23500047
23522191
23542563
23563148
23579801
23601590
23620222
23637775
23661958
23684131
23704277
23723802
23744397
23763459
23783115
23800084
23818188
23838522
23856746
23874691
23892937
23913327
23930301
23950210
23972717
23993666
24012843
24031653
24049703
24071460
24091684
24109839
24131685
24151559
24167967
24190083
24210242
24229433
24249645
24270620
24292317
24311059
24330421
24351679
24372613
24390260
24408251
24427485
24448081
24471162
24492780
24510181
24528721
24548846
24570849
24591667
24610176
24630995
24650361
24669104
24686284
24704786
24724398
24743042
24761905
24782971
24803092
24822521
24841964
24862034
24880536
24904091
24924716
24944296
24965586
24988676
25008733
25029240
25047692
25065434
25086026
25105603
25126921
25149478
25173784
25194894
25215842
25233736
25250397
25271043
25290183
25310501
25332854
25352037
25369124
25388304
25406673
25426884
25443906
25460656
25478055
25496535
25515352
25535799
25556100
25578783
25601739
25623802
25642518
25661913
25679405
25700519
25721700
25743443
25763327
25782145
25802796
25821050
25840897
25860793
25876445
25895363
25916473
25936016
25954759
25968725
25987757
26007438
26028246
26048904
26069349
26089493
26109399
26127437
26149859
26170829
26191455
26211421
26232032
26255043
26278035
26296426
26317026
26334356
26357329
26378280
26396501
26419391
26440260
26457324
26475426
26493646
26514316
26536392
26556769
26577150
26598766
26619556
26641658
26663481
26682129
26699351
26715775
26734819
26754623
26776186
26796400
26814858
26835320
26852831
26872313
26892286
26914298
26936107
26955136
26974196
26995145
27012467
27033591
27052600
27069459
27087484
27109019
27130147
27147682
27168731
27190658
27209931
27230281
27248811
27263279
27280801
27304405
27321781
27342634
27361475
27383181
27406285
27427041
27448574
27468080
27484599
27503106
27523148
27539488
27560156
27581298
27602624
27624368
27646353
27667882
27686441
27705880
27723901
27745231
27766196
27787048
27810388
27829676
27847551
27870030
27891766
27910539
27926676
27943167
27964289
27985904
28006812
28027632
28049365
28071754
28093344
28113856
28133706
28154811
28173541
28192962
28216256
28236021
28255005
28273317
28292784
28314270
28331654
28352341
28369757
28390080
28410257
28431050
28451253
28472033
28491140
28510866
28530700
28548485
28569667
28590810
28609838
28629447
28648795
28670640
28689050
28711016
28730191
28752466
28771955
28792428
28814552
28834934
28853054
28872994
28894395
28913994
28932429
28954672
28976151
28995422
29014246
29035868
29056626
29078298
29100068
29119598
29140799
29165008
29185331
29206368
29227139
29245260
29268254
29285561
29307434
29325630
29347690
29366522
29385160
29407065
29429128
29451511
29468961
29489103
29507243
29526540
29544813
29563805
29582274
29601283
29622447
29638589
29658271
29677182
29698361
29720696
29741690
29762167
29782713
29801870
29822661
29841795
29861506
29879925
29897950
29921742
29942690
29961782
29981975
30002423
30022292
30039565
30059647
30078772
30098064
30118369
30139915
30157836
30182706
30201398
30221810
30241254
30259280
30278230
30301270
30324687
30343239
30361795
30380371
30399820
30421831
30442498
30460312
30481639
30499996
30516392
30536767
30557359
30578866
30598740
30619196
30638851
30658333
30675394
30697299
30716493
30732509
30754965
30776458
30796149
30815791
30835021
30854757
30875364
30894774
30912653
30935421
30955466
30971994
30988816
31010940
31029528
31050787
31072016
31094221
31117075
31139048
31157514
31177645
31197773
31217197
31238575
31260773
31281951
31302052
31323006
31343925
31363840
31382645
31402698
31422292
31442152
31464504
31483612
31502499
31522811
31543879
31561536
31581090
31601707
31626196
31647703
31665344
31687097
31710496
31729306
31752364
31773769
31793317
31812815
31832973
31851035
31869663
31886038
31907300
31926238
31946552
31968102
31989840
32008951
32030076
32053562
32073213
32094212
32115518
32137026
32154454
32174272
32192880
32213335
32234897
32256540
32275768
32294418
32315702
32336660
32356646
32375841
32394591
32416425
32433487
32452032
32471155
32490157
32512616
32533561
32550212
32572428
32594174
32614712
32635801
32653782
32674681
32695797
32715167
32735298
32754484
32774463
32795902
32815263
32836707
32855512
32875794
32895911
32917035
32938769
32960054
32979098
32995418
33015498
33034009
33054405
33072796
33090322
33110454
33130159
33150061
33172976
33193105
33213174
33232553
33252860
33269676
33286927
33307559
33328273
33352484
33375675
33395169
33412045
33432130
33449882
33469801
33489571
33507957
33531079
33550313
33566632
33583813
33603643
33623774
33640773
33662018
33680035
33699575
33722703
33742577
33764105
33785111
33803981
33824354
33844085
33863592
33885489
33904864
33925511
33944845
33966503
33988485
34011574
34033429
34051070
34072258
34092165
34112445
34132900
34154330
34175534
34196756
34213974
34235610
34255724
34279486
34299763
34320953
34342475
34361646
34383660
34400759
34421582
34441587
34459656
34478575
34499472
34517468
34535722
34556034
34572550
34591782
34612462
34638635
34660367
34678751
34699108
34720390
34741752
34760868
34782387
34800966
34821626
34840441
34860076
34877121
34897736
34916600
34938654
34960327
34981301
35001795
35022058
35044524
35066487
35087333
35105890
35127178
35145462
35165800
35186876
35208825
35225691
35244830
35264756
35283277
35302974
35322881
35344651
35362827
35381078
35401635
35422427
35444291
35463383
35481903
35499637
35519434
35541228
35562248
35582077
35601551
35618574
35639586
35659887
35680936
35700720
35716630
35736709
35757087
35778105
35796603
35818405
35842020
35859990
35884031
35901891
35923637
35943766
35964860
35982740
36003318
36025105
36048953
36070043
36088404
36111047
36133338
36154442
36175784
36194214
36215193
36236684
36257797
36277364
36295159
36311000
36330302
36348783
36369075
36390293
36407348
36423758
36443160
36464276
36487385
36508439
36525724
36545488
36565829
36587207
36610510
36629503
36651499
36671319
36689363
36710338
36731034
36750314
36770181
36790647
36814246
36836080
36855592
36873707
36894714
36914776
36938256
36959057
36978420
37000733
37023194
37043106
37061530
37079120
37100896
37123395
37144326
37162856
37184477
37207321
37229503
37251981
37272764
37293239
37312589
37334280
37354827
37372109
37391556
37410881
37431008
37453062
37472489
37490960
37507185
37528319
37551352
37574622
37592894
37613912
37633960
37653859
37674629
37695733
37715720
37734303
37753734
37772869
37787635
37807445
37825831
37845834
37865761
37885323
37908317
37929587
37949496
37970378
37990815
38011523
38030950
38048621
38069452
38089817
38113899
38134873
38153844
38173406
38192996
38216477
38238496
38259995
38279929
38299951
38320207
38340301
38360621
38375454
38397643
38415082
38432878
38455759
38476380
38493748
38516432
38538092
38558779
38576609
38596402
38615145
38635745
38655094
38674795
38693497
38710230
38728393
38752064
38771280
38790226
38806376
38825955
38845091
38863421
38884655
38902710
38922913
38945384
38965353
38983809
39005460
39020884
39042847
39062625
39082720
39103741
39122935
39146519
39169426
39189443
39210730
39231063
39253110
39276263
39296224
39313871
39330034
39348955
39366761
39387018
39403732
39423373
39445364
39467999
39488731
39512603
39531204
39552480
39569854
39591212
39608364
39630305
39650305
39670943
39694212
39709958
39730833
39753773
39775595
39796724
39815746
39836321
39851532
39869206
39886592
39906956
39928933
39948132
39965499
39984209
40004897