392.8124
344.5296
318.5282
296.3024
279.4766
267.8851
254.2869
248.1781
245.4288
238.8447
235.1009
233.9865
230.4663
225.169
221.4155
215.687
211.1075
207.3448
205.8645
201.2073
199.8522
198.5472
194.4532
191.4224
190.6229
189.2393
187.6686
185.6086
185.0527
183.9962
182.0001
181.3018
179.7227
178.1318
176.8765
175.5778
174.7123
173.9573
171.6643
172.701
172.5275
170.8436
170.1759
168.5997
167.1936
169.7796
168.3358
166.7961
165.2918
162.9351
162.2202
161.2083
162.0859
160.6271
159.7672
159.7477
158.2491
156.8764
162.4255
160.6821
160.7599
159.9346
158.282
156.8267
156.9342
156.2167
155.2173
155.6359
154.9908
153.7393
152.9979
153.3262
152.947
153.5242
153.3884
152.7784
151.7719
151.1759
150.1656
149.6213
149.2186
149.0861
148.2551
148.799
148.1645
147.5903
147.2435
146.738
146.2731
145.7605
145.6158
145.1851
144.5674
143.9451
144.2141
143.6108
142.6581
142.0634
141.6831
141.7713
141.2957
140.0826
140.0478
141.3262
141.1112
140.3657
140.1206
138.9223
139.3774
138.481
137.9624
138.1704
137.8339
137.6337
136.7123
135.6672
135.654
133.9021
135.4279
135.2812
135.5185
135.4612
135.0749
135.0304
134.2518
133.4554
133.2164
132.8708
132.5998
132.0299
131.389
130.5818
130.4384
130.4803
129.7515
128.6162
127.9935
127.8247
127.4079
127.3235
127.9866
127.7083
128.3456
128.181
128.181
127.7058
128.2588
128.7737
128.5022
128.2123
128.0948
127.9344
127.4729
127.0472
126.7161
126.5547
126.3285
125.7552
125.5919
125.0128
124.7264
124.612
124.8273
125.3025
125.3025
125.2446
124.7411
124.6807
124.1329
123.968
123.3385
123.6493
123.8904
123.845
123.8064
123.5053
123.4417
123.017
122.8863
122.2181
122.4033
122.3435
121.8746
121.9888
121.9508
121.1873
121.0997
120.399
120.9671
120.7102
120.1701
119.6442
120.1392
119.8526
119.6501
119.5524
119.3266
119.2468
119.0482
118.6097
118.9433
118.7193
118.4242
118.2153
118.8825
118.4881
117.6686
118.8914
118.659
118.4871
118.0966
118.4469
118.0387
118.0387
117.9041
117.6618
117.9081
117.8396
117.7393
117.2941
117.5367
117.4326
117.0166
117.0166
116.9092
117.1152
116.8003
116.16
116.7845
116.4118
116.5766
115.7011
115.5989
115.5989
115.6657
115.2758
115.0984
114.7523
114.7523
114.4668
114.4519
114.0643
114.822
114.6979
114.5352
114.2353
114.4863
114.2745
114.2745
114.1678
114.034
114.1678
114.0146
114.0146
113.8378
113.73
113.3295
113.0817
112.7198
112.361
112.361
112.5102
112.7456
112.8776
112.3812
112.1209
112.0674
112.0361
111.8589
111.1965
111.1965
111.1965
111.1494
111.0823
110.8866
110.7147
110.6158
110.6075
110.575
110.3236
109.6951
110.2364
109.7342
109.7262
109.4864
109.3271
109.3386
109.0409
108.9551
108.679
108.316
107.8467
107.5706
107.5706
107.288
108.1515
107.8945
107.7289
107.1548
107.1038
107.0964
107.005
107.0061
106.7036
106.4548
106.3995
106.0013
106.3995
106.6121
106.5523
106.8854
106.8528
106.7209
106.5217
106.7742
106.6439
106.5362
106.5362
106.1979
105.9388
106.0361
106.1961
106.0721
106.0621
105.8587
105.6362
105.4188
105.4142
105.1472
105.1059
104.9933
104.464
104.4177
104.147
103.9038
103.9038
103.8718
103.8109
103.8109
103.6776
103.5502
103.6406
104.1474
104.1474
104.1474
104.069
103.7406
103.4515
103.4515
103.5314
103.5314
103.5135
103.5135
103.201
103.1299
103.1715
103.104
103.0124
103.0124
102.6527
102.5356
102.4764
102.1747
102.0449
101.216
101.0401
100.9965
100.7566
100.7566
100.6087
100.5585
101.4426
101.5342
101.5214
101.4217
101.1439
101.0717
101.0148
101.1412
101.1054
101.1054
101.5226
101.5011
101.4122
101.3176
101.3176
101.3352
101.1116
101.1116
101.2488
101.3226
101.1183
101.1183
101.0526
100.9724
100.5953
100.5179
100.4538
100.4538
100.261
99.92703
99.76995
99.87465
99.56125
100.0147
100.1977
100.6254
100.6254
100.3596
100.3596
100.1783
100.3354
100.1361
99.97014
99.92847
99.61129
99.61129
99.63894
99.3969
99.48493
99.48493
99.38033
99.3197
99.22396
99.15208
99.12859
98.86452
98.87123
98.58376
98.58376
98.58376
98.54006
98.31342
98.16337
98.16337
98.16337
98.11205
98.12674
98.00184
97.90828
97.76576
97.76243
97.86949
97.75488
97.71358
97.70777
97.58193
97.47823
97.1559
97.08021
97.95356
97.92902
97.75855
97.37783
97.37783
97.52131
97.52131
97.56136
97.51173
97.35857
97.50236
97.32131
97.44738
97.43476
97.26228
97.58013
97.43298
97.07464
96.75945
96.93047
97.2327
97.04677
96.64912
96.466
96.466
96.466
96.41079
96.41079
96.30552
96.12914
96.12914
96.02228
95.60098
95.87151
96.27309
96.14881
96.00523
95.73463
95.63056
95.7584
95.68929
95.56727
95.49873
95.65107
95.64626
95.64639
95.64639
95.64639
95.95106
95.83674
95.83674
95.77798
95.57368
95.39674
95.25236
95.11453
95.11453
95.17422
95.53671
95.27116
95.41966
95.41966
95.24096
95.1124
94.95183
95.03454
95.20989
95.00392
94.96723
95.0614
94.88585
94.88585
94.5091
94.5091
94.62891
94.52497
94.51089
94.43302
94.49049
94.41193
94.27779
94.27779
94.27779
94.27779
94.25478
94.27779
94.1663
94.28895
94.12801
94.11954
93.97617
93.85032
93.94518
93.94518
93.94518
93.78638
93.7209
93.50633
93.17912
93.51218
93.51218
93.3078
93.2428
93.21758
93.17113
93.14491
93.16767
93.16767
93.16767
93.36345
93.10138
93.07829
92.96748
92.88114
92.76008
92.55708
92.52254
92.52721
92.07012
92.07012
92.07012
91.84443
91.69062
91.69062
91.68304
91.81535
91.81535
91.79916
91.79916
91.41121
91.41121
91.66464
91.62871
91.55174
91.50996
91.61331
91.48743
91.48743
91.46437
91.46437
91.39644
91.31973
91.39575
91.6087
91.6087
91.60751
91.60751
91.7544
91.64957
91.64957
91.31512
91.31512
91.31512
91.49317
91.69678
91.67641
91.49252
91.47002
91.38654
91.13434
90.88176
90.87696
90.95171
90.90971
90.85501
90.70161
90.7699
90.73904
90.74992
90.7278
90.68998
90.65463
90.47147
90.50834
90.48533
90.39872
90.48441
90.28747
90.21555
90.02847
90.02847
89.77982
89.7057
89.53482
89.53482
89.60942
89.60942
89.60942
89.58233
89.42054
89.0925
89.0925
89.0925
88.72348
89.0925
89.14254
89.07581
88.86603
89.00656
88.82576
88.82576
88.49998
88.4478
88.23775
88.90583
88.84889
88.84889
88.79841
88.67802
88.47813
88.47813
88.47813
88.47813
88.4113
88.33739
88.33739
88.33739
88.59605
88.36758
88.22388
88.46455
88.33416
88.19724
88.11847
87.96963
88.60534
88.57529
88.47501
88.41003
88.26141
88.20396
88.17097
88.12716
88.06908
88.05465
87.99928
87.99078
87.99078
87.99078
87.91306
87.84668
87.80704
87.68845
87.63976
87.63976
87.63976
87.60725
87.57177
87.51494
87.67105
87.57378
87.17385
87.16981
87.45555
87.22147
87.1871
87.17667
87.12237
86.9596
86.84373
86.84373
86.84373
86.82804
86.59041
86.81773
86.79854
86.57185
86.5465
86.74324
86.57063
86.49628
86.31618
86.31618
86.47619
86.39129
86.21297
86.21043
86.11285
85.95264
86.07356
86.07356
86.08615
86.08615
86.0597
86.02209
86.02209
85.97229
86.18901
86.31281
86.1935
86.23669
86.31281
86.11847
85.91516
85.85486
85.85486
86.0704
85.90234
86.05764
86.07311
86.02457
86.07311
85.90536
85.83466
85.83466
85.90036
85.76145
85.88786
85.8466
85.87096
85.87096
85.81596
85.79185
85.66776
85.56687
85.58333
85.58241
85.50862
85.44091
85.4007
85.48158
85.36958
85.36958
85.48158
85.45638
85.42598
85.42598
85.42598
85.37547
85.27123
85.27123
85.05079
85.00258
85.10321
85.04871
85.161
84.98027
84.94101
84.94101
84.87234
84.81937
84.72525
84.72525
84.70332
84.72393
84.55056
84.34068
84.19818
84.17812
84.55056
84.46195
84.55056
84.4529
84.53622
84.48884
84.45599
84.37585
84.147
84.34303
84.48884
84.45857
84.33595
84.25184
84.25184
84.25184
84.29733
84.29321
83.95756
83.95756
83.95756
83.95756
83.90862
83.73349
83.73349
83.77661
83.6922
83.66005
83.63492
83.66803
83.5816
83.55119
83.55119
83.54803
83.5816
83.57861
83.4845
83.40846
83.41093
83.38109
83.24062
83.28161
83.3679
83.3679
83.27612
83.27612
83.16797
82.97903
83.10515
83.0444
82.92088
82.88988
82.84757
82.57852
82.58562
82.52654
82.51939
82.35106
82.35106
82.10973
82.35106
82.68105
82.57112
82.57112
82.47669
82.47669
82.47449
82.47449
82.5695
82.32405
82.32405
82.32405
82.32405
82.31316
82.31316
82.21229
82.11678
82.27577
82.191
82.191
82.20667
82.20667
82.2329
82.15778
82.15778
82.15778
82.10551
81.89687
81.89687
81.88691
81.88988
82.05235
82.06297
82.10526
82.03732
81.97849
81.82846
81.75811
81.75811
81.86103
81.86103
81.89719
81.80465
81.63056
81.63056
81.63056
81.51606
81.51606
81.6093
81.67744
81.75385
81.56905
81.44373
81.41998
81.3372
81.4238
81.40685
81.49216
81.49216
81.42316
81.29929
81.29929
81.29597
81.12694
81.09174
80.97647
81.05863
81.05863
81.15778
81.06548
81.00696
81.06548
81.11972
81.11972
81.0646
81.09158
80.97924
80.94425
80.94425
80.82347
80.94425
80.94425
80.95757
80.95757
80.88727
80.84158
80.8537
80.8537
80.84446
80.80954
80.79982
80.62113
80.74136
80.62543
80.58743
80.58743
80.58743
80.53632
80.53632
80.43735
80.43137
80.43137
80.36615
80.51731
80.51731
80.51731
80.4928
80.43928
80.38391
80.20753
80.20753
80.16372
80.16372
80.08158
80.08158
80.08158
80.04892
79.91203
80.0064
80.08158
80.36665
80.36665
80.39905
80.19935
80.07829
80.04363
79.91528
79.98093
79.88804
79.86267
79.96979
79.96979
80.00945
79.98463
80.01524
80.01524
79.82086
79.82086
79.82086
79.82086
79.79314
79.79314
79.69417
79.65479
79.69417
79.60938
79.56543
79.74154
79.68311
79.66918
79.60114
79.64362
79.64935
79.57511
79.57511
79.57511
79.46354
79.34502
79.49995
79.34958
79.29147
79.37971
79.42858
79.53974
79.53974
79.53974
79.50937
79.40438
79.40438
79.46507
79.35277
79.37497
79.24903
79.24903
79.06812
79.06812
79.29009
79.29009
79.38139
79.27992
79.27647
79.35017
79.30338
79.30338
79.17702
79.21993
79.12048
79.21752
79.15928
79.07078
78.99503
79.09079
79.11465
79.12036
79.12036
79.12036
79.13129
79.13129
79.13129
79.03444
79.11254
79.03543
79.03543
78.90832
78.90479
79.02634
78.92889
78.92889
78.92889
78.93829
78.86506
78.86506
78.86506
78.79505
78.78904
78.78996
78.78386
78.74498
78.74498
78.74498
78.69323
78.66043
78.45558
78.45558
78.44801
78.4025
78.4025
78.4025
78.13988
78.0512
78.0512
78.00576
78.0512
78.0512
78.0512
77.67262
77.57578
78.21415
78.21415
78.21001
78.20227
78.08038
78.04156
78.02505
78.07853
78.13305
77.99265
78.09774
78.09854
77.98338
77.85162
77.73421
77.85162
77.82498
77.71184
77.65626
77.71184
77.63203
77.63203
77.71184
77.71184
77.62124
77.62124
77.62124
77.83902
77.83902
77.80354
77.79813
77.77489
77.76522
77.73606
77.69784
77.69234
77.7439
77.73011
77.69235
77.64077
77.53857
77.44028
77.48449
77.48449
77.40014
77.37803
77.4009
77.39517
77.30139
77.31047
77.31047
77.2965
77.15546
77.15418
77.12039
77.12039
77.12039
77.14816
77.14816
76.99342
76.99342
76.99342
76.95672
77.07462
76.99699
76.99699
76.99699
76.99699
76.97484
76.92547
76.91503
76.92349
76.7712
76.85551
76.85551
76.83566
76.68344
76.62599
76.62599
76.62599
76.59441
76.37318
76.37318
76.57668
76.47283
76.35972
76.35972
76.35972
76.35972
76.35972
76.25564
76.24131
76.24131
76.02263
76.22007
76.22007
76.0099
75.98097
75.98097
75.98097
75.96873
76.10827
76.09034
75.98737
75.89011
75.96896
75.89453
75.89453
75.88109
75.90295
75.90295
75.90295
75.76799
75.76799
75.70643
75.70643
75.63544
75.63544
75.5408
75.5408
75.51198
75.42197
75.35027
75.42197
75.42197
75.42197
75.46152
75.46152
75.39601
75.36727
75.36727
75.33354
75.33354
75.56444
75.65145
75.65145
75.59141
75.58235
75.4461
75.4461
75.39674
75.30956
75.30956
75.42796
75.40692
75.40692
75.19773
75.19773
75.19773
75.43799
75.34478
75.34478
75.34478
75.3021
75.3021
75.3021
75.26466
75.26466
75.25392
75.25392
75.24122
75.2374
75.2374
75.19472
75.18079
75.17751
75.17751
75.36407
75.36306
75.32546
75.32546
75.29458
75.19912
75.2933
75.27308
75.12994
75.12994
75.12994
74.98481
74.9041
74.9041
75.12994
75.02465
74.96719
74.96719
74.8863
74.84865
74.84865
74.86757
74.86628
74.8545
74.8545
74.8545
74.8545
74.8545
74.97727
74.89587
74.89587
74.89587
74.86362
74.83057
74.83607
74.80537
74.44144
74.44144
74.44144
74.44144
74.44144
74.65768
74.53922
74.68139
74.62744
74.79726
74.79726
74.79726
74.7633
74.72848
74.61772
74.70264
74.71828
74.71828
74.65179
74.57253
74.61458
74.58045
74.5657
74.47977
74.42536
74.39619
74.39619
74.37827
74.35368
74.33558
74.368
74.30618
74.32584
74.32584
74.32584
74.32584
74.53336
74.53568
74.53568
74.33839
74.23224
74.23224
74.21574
74.30164
74.30164
74.30164
74.39494
74.36845
74.37041
74.29628
74.29628
74.25092
74.25092
74.25092
74.17665
74.21145
74.26677
74.07996
74.19952
74.19852
74.19852
74.12239
74.18145
73.90027
73.86906
73.86906
73.827
73.76591
73.76591
73.76591
73.76591
73.76591
73.74383
73.74991
73.71902
73.62238
73.62238
73.6873
74.03659
74.03659
74.03659
73.99962
74.03659
74.03659
74.03299
73.96961
73.95498
73.9091
73.9091
73.9091
73.83733
73.87086
73.87086
73.64758
73.64758
73.64758
73.64758
73.64758
73.61419
73.61419
73.5702
73.50874
73.37871
73.37871
73.37871
73.37871
73.67477
73.65959
73.56547
73.55978
73.51212
73.51212
73.51212
73.40948
73.51384
73.49829
73.42933
73.02628
72.9941
72.9941
73.43549
73.17197
73.43237
73.40965
73.34096
73.34096
73.34096
73.30518
73.28304
73.30518
73.30518
73.30518
73.28417
73.23944
73.23944
73.02965
73.02965
73.00186
72.97796
72.91202
72.83376
72.91202
72.91434
72.89599
72.83585
72.83585
72.83585
72.83585
72.69321
72.69321
72.48717
72.40491
72.40491
72.40491
72.39822
72.38032
72.32462
72.32394
72.32394
72.32394
72.39346
72.35513
72.20786
72.20786
72.20786
72.17582
72.31982
72.31207
72.28051
72.28663
72.22233
72.22233
72.11065
72.11021
72.11021
72.09201
72.08041
71.93862
71.93862
71.93862
71.87444
71.87444
72.0574
72.0479
72.05009
72.01931
71.97374
71.93015
71.93015
71.85053
71.81673
71.72311
71.66979
71.72311
71.72311
71.72311
71.72311
71.50833
71.75883
71.68404
71.68404
71.59586
71.5888
71.58147
71.54152
71.54152
71.50271
71.54152
71.48536
71.4529
71.43659
71.43659
71.28473
71.20219
71.20219
71.20219
71.20219
71.20219
71.20219
71.16254
70.99941
70.99941
70.99941
70.99941
70.924
70.924
70.924
70.90206
70.90206
70.90206
70.90206
70.90055
70.90055
70.90055
70.87068
70.88206
70.88206
70.88206
70.88206
70.88206
70.88206
70.85017
70.81618
70.69777
70.67249
70.6544
70.66048
70.69777
70.66579
70.69777
70.72591
70.72591
70.81618
70.81618
70.81618
71.35902
71.35902
71.35463
71.31306
71.1781
71.25373
71.25373
71.2253
71.2253
71.23163
71.23163
71.23163
71.2105
71.2212
71.13583
70.9771
70.9771
70.96775
70.9771
71.0683
71.05995
71.05995
70.96712
70.96712
70.96712
70.96712
70.96712
70.96712
70.87923
70.82613
70.82613
70.82613
70.8366
70.83323
70.87923
70.89914
70.84418
70.87208
70.87208
70.89619
70.86988
70.78264
70.78264
70.78166
70.78166
70.78166
70.72672
70.72672
70.72672
70.72279
70.68973
70.56776
70.56776
70.54928
70.72279
70.72279
70.66616
70.66616
70.72087
70.70217
70.54176
70.51517
70.42663
70.42663
70.67555
70.71299
70.63795
70.57256
70.6937
70.59902
70.59902
70.5592
70.59902
70.60626
70.60626
70.51153
70.51153
70.55407
70.54224
70.55407
70.55407
70.55407
70.49718
70.49587
70.50366
70.50366
70.44762
70.44762
70.48374
70.31169
70.51921
70.44088
70.39134
70.37146
70.41971
70.35023
70.29905
70.35023
70.33018
70.33018
70.33018
70.33755
70.22267
70.22267
70.23804
70.1544
70.1544
70.10384
70.17108
70.10911
70.02512
70.02126
70.00403
69.99401
69.99401
69.96902
69.96175
69.96175
69.94453
69.86757
69.92028
69.8483
69.74261
69.74261
69.73189
69.73189
69.73189
69.66418
69.69587
69.69587
69.72307
69.7878
69.86662
70.04772
70.04142
69.98731
70.03675
69.76448
69.93169
69.87497
69.87497
69.87497
69.75744
69.5963
69.63853
69.72845
69.67551
69.67551
69.67551
69.63129
69.57923
69.49088
69.48913
69.44155
69.44155
69.44155
69.42918
69.61433
69.66761
69.58501
69.48337
69.48337
69.53933
69.53133
69.53933
69.41233
69.41233
69.41233
69.31173
69.41233
69.57745
69.55418
69.57745
69.56866
69.47716
69.47716
69.60901
69.60901
69.60901
69.60901
69.60901
69.60901
69.59167
69.60901
69.66821
69.66821
69.67767
69.67767
69.61259
69.38155
69.38155
69.38155
69.38155
69.50008
69.43955
69.36781
69.33662
69.34285
69.32778
69.43357
69.41512
69.45749
69.45749
69.42332
69.40779
69.35358
69.35358
69.44851
69.2981
69.2486
69.14993
69.2981
69.26104
69.18708
69.18708
69.18708
69.19667
69.19667
69.16918
69.16918
69.09751
69.09751
69.17289
69.17289
68.97648
69.07942
69.07942
69.07942
69.07942
69.06576
68.94128
69.03844
68.99358
68.99358
68.92661
69.02273
69.02273
69.0006
69.0006
68.87207
68.87207
68.93624
68.93624
68.91408
69.30001
69.01419
69.08488
69.08488
69.15379
69.05637
69.05637
68.96987
69.05637
69.04209
69.05257
68.99479
68.98539
68.98539
68.98539
69.08055
69.01831
68.86809
68.86809
68.80089
69.02938
68.97459
68.97459
68.99563
69.01274
68.93035
68.93035
68.93035
68.92484
68.88345
68.88345
68.88345
68.88345
68.8644
68.65455
68.85021
68.8644
68.91579
68.88649
68.8112
68.8112
68.85862
68.83225
68.83225
68.70724
68.70724
68.70724
68.70724
68.70724
68.62673
68.62673
68.67493
68.69983
68.69983
68.69983
68.69507
68.64498
68.64498
68.58659
68.57299
68.64498
68.61192
68.602
68.602
68.602
68.66962
68.63887
68.66962
68.6325
68.66962
68.66962
68.70438
68.66087
68.63062
68.63062
68.60344
68.57319
68.58911
68.53349
68.58855
68.60829
68.50858
68.60829
68.47402
68.47402
68.54492
68.54492
68.54492
68.54492
68.46062
68.46062
68.46062
68.43788
68.46062
68.35342
68.39397
68.46062
68.44571
68.43101
68.33212
68.33212
68.33212
68.32423
68.38016
68.38016
68.38016
68.38016
68.38016
68.38016
68.29043
68.31267
68.23135
68.23135
68.23135
68.20426
68.20426
68.20426
68.15178
68.15178
68.08599
68.08599
68.09092
68.22672
68.2264
68.20973
68.20973
68.15648
68.11931
68.11931
68.11931
68.11931
68.09164
68.09164
68.12172
68.12172
68.17025
68.17025
68.17025
67.98176
68.10287
68.08339
68.11172
68.11852
68.10831
68.10779
68.10779
68.11852
68.11852
68.11852
68.089
67.93077
67.93077
67.93077
67.84814
67.8091
68.02945
67.92912
67.99818
68.03346
68.02009
68.0499
68.04543
68.0499
68.04184
68.04184
68.11421
67.94759
67.94759
67.94759
67.89652
67.83519
67.89652
67.89652
67.89652
67.99976
67.90903
67.90903
67.83228
67.90903
67.86141
67.83126
67.83126
67.83126
67.76557
67.75238
67.72732
67.72732
67.73241
67.72674
67.72674
67.72674
67.72674
67.69366
67.65739
67.6489
67.6489
67.62703
67.56419
67.52266
67.44733
67.55259
67.51031
67.56263