521.2849
521.7393
522.3134
521.7973
522.1054
521.9745
522.4212
522.9005
522.2295
522.8784
523.2141
522.7864
521.916
521.5048
521.6849
521.8248
521.7075
522.7595
522.603
521.6091
521.374
521.6551
520.9736
520.2956
519.8958
520.2629
521.0893
520.8243
521.1707
520.9721
521.2813
521.0264
520.845
520.8442
520.1655
520.6187
520.3212
519.5301
520.0181
521.092
521.4768
521.1163
520.5808
520.8146
521.1654
520.6985
520.9245
521.079
522.0689
521.699
521.8598
521.7473
521.205
521.4769
520.6785
522.0839
522.081
521.1172
520.9944
520.6575
520.7261
520.3462
520.4106
521.046
520.6425
520.3245
520.2302
521.2213
520.8137
520.1124
520.5134
520.0643
519.7172
520.421
519.4528
520.968
520.861
521.2111
521.7486
520.8586
520.809
520.0104
520.2002
519.9434
518.366
519.3973
519.4583
519.2095
519.2908
519.9484
519.1639
518.125
515.6569
510.9023
510.2717
510.5901
510.4732
510.3487
510.5023
510.0282
510.1369
510.8741
510.5191
510.4349
510.1179
510.4975
511.0464
510.2438
510.1747
510.5692
510.1277
510.3226
510.0906
510.3175
510.1668
510.2399
510.6841
510.3813
510.2765
510.1477
510.1564
510.4714
510.3658
510.6539
510.2547
510.4253
510.2766
510.1856
510.29
510.2918
510.3696
510.3675
510.5647
510.2613
510.4636
510.026
510.4167
510.6727
510.3412
510.39
510.6031
510.486
510.7265
510.4004
510.6897
510.7571
510.3207
510.6495
510.6745
510.5573
510.2477
510.3193
510.7203
510.2581
510.265
510.0566
510.3237
510.4878
509.9852
510.4194
510.2065
510.2837
510.2389
510.5693
510.1971
510.4507
510.256
510.1955
510.6735
510.7338
510.3547
510.684
510.4272
510.1388
510.2281
510.243
510.2339
510.2043
510.209
510.3908
510.2984
510.2198
510.1173
510.3651
510.3878
510.7031
510.2343
510.3074
510.2736
510.8946
510.01
510.2043
510.4341
510.255
510.1307
510.2762
510.1034
510.4457
510.2827
510.4809
510.2425
510.3524
510.5699
510.1231
510.4515
510.1993
510.2998
510.3791
510.5432
510.434
510.2974
510.3398
510.5806
510.3026
510.2952
510.2458
510.4305
510.4175
510.2541
510.3247
510.165
509.9208
510.3695
510.9782
510.4657
510.329
510.3884
510.6498
510.851
510.3353
510.2714
510.231
510.282
510.1912
510.2503
510.1888
510.3559
510.2761
510.3304
510.2585
510.1037
510.3457
510.5749
510.201
510.5688
510.1471
510.0391
510.6498
510.8027
510.447
510.0707
510.4146
510.4979
510.5056
510.2001
510.2184
510.3887
510.2806
510.6142
510.3036
510.3903
510.8055
510.3827
510.6367
509.9954
510.6368
510.3329
510.1595
510.0278
510.4687
510.1358
510.4166
510.5607
510.1877
510.2649
510.1248
510.3207
510.3578
510.2229
510.3367
510.2629
510.2477
510.1493
510.7335
510.1676
510.7684
510.5065
510.7402
510.602
510.555
510.2035
510.2674
510.2725
510.442
509.9919
510.3715
510.4976
510.3969
510.5572
510.5956
510.5265
510.7302
510.8181
510.5825
510.0296
510.1077
510.4111
510.7532
510.1588
510.3142
510.1542
509.9505
510.249
510.6946
510.5425
510.3153
510.0059
510.2834
510.3149
510.2382
510.1239
510.3726
510.8866
510.6029
510.4268
510.7127
510.2481
510.1992
510.2119
510.1523
510.8091
510.2673
510.1251
510.2963
510.4738
510.5886
510.5789
510.3672
510.2382
510.6775
510.2311
510.3446
510.381
510.3769
510.8436
510.287
510.2839
510.4259
510.4038
510.6262
510.3367
510.369
510.153
510.2839
510.3816
510.2907
510.3695
510.1497
510.3043
510.2045
510.2821
510.2794
510.2853
510.2284
510.2223
510.1277
510.4424
510.7431
510.938
510.1359
510.1512
510.0196
510.5511
510.714
510.4743
510.4136
510.1083
510.9419
510.3722
510.1601
510.2486
510.0665
510.4744
510.3087
510.2531
510.4654
510.1423
510.3101
510.3834
510.7388
510.3144
510.0843
510.632
510.1665
510.5034
510.1943
510.0595
510.3671
510.3122
510.7692
510.0581
510.1261
510.1317
510.2107
509.9117
510.3171
510.5361
510.8594
510.5158
510.069
510.3721
510.4823
510.5205
510.1865
509.9354
510.3825
510.3538
510.109
510.373
510.3261
510.6909
510.3802
510.0904
510.3602
510.032
510.174
510.3463
510.4077
510.3908
510.153
510.4211
510.5276
510.5172
510.5048
510.2333
510.3248
510.2549
510.269
510.2689
510.0116
510.5104
510.7865
510.2269
510.0932
510.182
510.1711
510.1769
509.8761
510.0313
510.3374
510.0991
510.3172
510.2127
510.2449
510.4507
510.3011
510.3357
509.8923
511.0568
510.3126
509.9604
510.2771
510.1227
509.8153
511.2173
510.3554
510.5856
510.1351
510.1907
510.097
510.7672
510.3152
510.1866
509.9642
510.425
510.4258
510.0374
510.2137
510.3376
510.1785
509.9427
510.5636
510.1994
509.8913
509.7029
510.3079
509.9225
509.7228
509.5323
511.2675
510.7514
510.2379
509.6187
510.036
510.6953
510.0369
510.0846
510.2053
509.9685
510.2094
510.097
510.1248
509.8876
509.7037
510.2298
510.3074
509.9316
509.9425
510.0439
510.2414
510.7651
510.1726
509.9434
509.9514
510.955
510.2265
510.4666
509.9558
510.4061
510.2987
509.9801
509.7575
510.0847
510.5475
509.9097
509.96
510.3601
510.4921
510.0625
509.9698
509.8651
509.65
510.3196
510.4513
509.8542
510.2276
510.2716
510.261
510.085
509.9205
509.8581
509.9312
510.0373
510.1527
510.1049
509.9845
510.0246
510.4633
510.2024
510.4217
509.7653
510.0965
510.252
510.3854
510.3811
509.8963
509.7674
510.2477
510.3594
510.1125
510.057
510.8337
510.1272
510.5546
510.5345
510.1007
509.7849
510.0237
510.0711
510.0129
509.922
510.1722
510.0543
510.1754
510.1236
509.8529
510.04
510.3203
509.7169
510.1375
509.774
510.0651
510.2364
509.9461
510.6129
510.3098
510.675
510.3117
510.2649
510.2612
509.8583
510.0046
509.9137
509.9032
510.2941
511.2699
510.1801
510.1276
509.901
510.3322
510.6335
509.9367
510.4056
510.035
510.2161
510.0944
510.2577
510.0227
510.7225
510.164
510.613
510.0322
510.3027
510.6787
510.0748
510.0407
509.837
510.1066
510.4204
509.7238
510.1251
510.1975
510.9888
510.2452
509.9022
510.0236
510.117
510.3046
509.7416
509.7964
510.2344
510.2316
510.1574
510.4478
509.7457
510.3925
510.5898
510.5613
510.2041
510.1765
509.9202
510.2114
510.259
510.192
509.9403
510.5771
510.301
510.1339
510.097
510.0389
510.302
509.925
510.2778
509.7335
509.945
510.0154
509.9663
510.3589
510.8547
510.0633
509.9345
510.2885
510.2079
510.537
510.11
510.0424
510.2325
510.2507
509.9988
509.6439
509.7689
510.3747
510.1534
509.9516
509.6829
511.0615
510.0018
509.9681
510.1557
510.2002
510.1503
510.9092
509.8392
510.3492
510.2339
510.0404
509.8402
510.0312
509.8735
509.8484
510.0828
510.4735
510.4318
510.0513
510.1342
510.1416
510.645
510.3646
510.4937
510.3785
510.5632
509.7863
510.1371
509.7263
510.1415
510.0049
510.143
510.4874
510.3156
510.1094
510.1278
509.9611
510.3868
509.964
510.1443
510.0538
510.218
510.3673
509.7469
509.9679
510.096
510.3519
509.7953
509.9521
509.9305
510.004
510.4693
510.7711
509.9953
509.9634
509.5891
509.8475
510.2345
510.6862
510.3625
510.049
510.0266
509.9816
510.3946
509.9717
510.0638
510.1969
510.0392
509.7674
509.8681
509.5768
510.3073
510.7453
510.3571
510.0914
510.104
510.1308
509.5819
510.2475
510.3069
510.0038
509.8784
509.8247
510.2328
509.9167
510.1009
510.2221
510.277
510.949
510.8624
510.1167
510.1387
510.0374
510.3048
510.2353
510.5349
510.0011
509.7316
509.7358
510.8436
510.4706
510.1841
510.1449
510.1912
510.3773
510.358
510.537
509.849
509.9052
509.7767
511.028
510.1447
510.0418
509.9864
509.7884
509.4814
510.091
510.734
509.994
509.7382
510.4601
510.449
510.6932
510.0015
510.0128
509.8277
509.9685
510.2287
510.245
510.0489
510.009
510.0787
509.9865
510.0385
509.532
510.1203
510.7716
510.6223
510.2903
510.01
510.0148
509.8174
510.4076
510.1519
510.2249
509.8984
510.9118
510.2419
510.0677
510.31
509.9241
509.9509
509.9638
509.8463
510.1272
509.9249
510.5656
510.238
510.0855
510.2934
509.8228
510.0819
510.1388
510.0815
510.009
510.6273
510.3177
510.1191
510.2533
510.1628
510.0762
509.9471
510.165
510.2056
510.3586
510.099
509.9672
510.1633
510.1198
510.3857
510.3583
510.487
510.8547
510.106
509.9255
510.439
510.4976
509.9249
509.8914
510.0527
510.0648
509.6028
510.1499
510.0812
510.0424
509.9054
509.2964
510.7332
510.6039
510.8354
510.2229
510.1672
510.2388
510.1284
509.852
509.6893
510.0345
510.6347
509.6489
509.9559
510.485
510.1431
510.3284
510.1629
510.1539
510.5516
509.9447
509.7054
510.18
510.0691
509.9706
510.3788
509.9283
510.043
510.0883
510.3245
510.0506
510.0594
510.1531
510.186
510.1474
509.9195
509.8247
510.5892
510.5338
509.9171
509.4492
509.8029
510.1746
510.5783
510.7074
510.4356
510.1051
510.0637
510.3085
510.5529
510.4286
509.802
510.8215
510.5989
510.5623
510.0145
509.7583
509.8987
510.5145
510.1383
509.9783
509.718
510.4727
510.1129
509.6865
510.2707
509.771
509.7816
509.7786
510.1399
510.6078
510.7695
509.8889
509.7242
510.1714
510.2836
509.7262
510.316
509.6667
510.4154
510.1866
510.1712
509.81
510.2377
509.9323
510.3877
510.0858
509.8864
510.1578
510.106
510.3241
510.3367
510.1968
509.8306
509.8065
509.9013
510.3556
510.4911
510.3406
510.3675
510.008
509.7034
510.1074
510.1996
510.338
509.7448
510.5098
510.4123
510.2098
510.6795
509.9764
510.0354
509.8892
509.7624
510.1148
510.2065
510.0428
510.0286
510.7945
509.9939
510.0397
510.568
510.0556
509.9571
510.0143
509.817
510.2143
509.8392
509.8798
510.4254
510.1697
509.9806
509.7448
509.7318
510.3721
510.4947
509.985
510.0855
510.4187
509.7422
509.4247
509.8732
511.0104
509.9334
509.7625
510.1813
509.8675
510.2891
510.2222
509.9391
509.8229
509.7524
510.1084
509.3636
509.8113
510.4541
510.2832
510.0174
510.4794
510.1126
510.1244
509.7464
510.2286
510.23
509.9509
510.2578
510.2401
510.1413
510.1429
509.8522
509.6373
509.5763
510.3508
510.4818
510.0796
510.0595
509.4171
510.0219
510.1147
510.2538
510.0288
510.0042
510.566
509.9108
510.0905
509.8472
510.0952
509.6172
510.7043
510.3271
509.9801
509.611
510.0471
510.2107
510.5892
510.0122
510.6983
510.3118
509.8853
509.9376
510.0356
509.9694
509.6002
509.7342
510.1755
510.1751
509.7867
510.6289
510.731
510.1978
509.7653
509.5167
509.4765
509.6667
510.3868
509.9241
510.1513
510.1429
509.8313
510.1942
509.9278
510.0388
510.1954
510.3316
510.2834
510.1811
509.8972
510.5794
510.0445
510.0413
509.8631
510.0882
510.5205
510.0044
509.7049
510.3254
510.4735
509.6305
510.184
510.1712
509.8405
509.9237
510.2448
509.5539
510.2415
510.6297
509.7786
510.1844
509.8299
510.0688
510.3107
510.2293
509.8476
509.8829
509.9206
509.9866
509.5897
509.773
510.6437
510.3078
510.3027
510.0674
509.9525
509.7894
509.7149
509.7538
509.7959
510.4019
509.9988
510.0198
510.4453
510.063
509.8785
509.9615
509.9478
509.8122
510.1891
510.0478
510.0166
509.9526
510.0862
510.1237
509.7998
509.8652
509.5433
509.752
510.3241
510.539
510.2358
510.1508
510.0067
509.7849
510.4491
510.0366
509.8202
510.3885
509.8482
509.6399
510.3443
510.2458
509.8699
510.1542
510.1408
510.0693
510.3034
509.8421
510.1119
509.649
510.0704
510.0346
510.4243
510.1126
510.7251
509.553
509.9201
510.4806
510.184
510.1177
509.8967
510.1055
509.9776
510.3832
510.4615
509.9669
509.8455
510.3529
510.2839
510.2572
510.0211
510.3923
510.1148
510.1778
510.5324
510.2513
509.9674
510.196
510.4963
510.3668
509.8693
510.0661
510.0193
509.4948
510.817
510.2901
510.1516
509.8654
510.1166
510.0091
509.8663
510.1807
510.3405
509.9597
510.6312
510.0757
510.3261
510.1211
510.2937
510.4551
510.7139
510.1071
510.1139
509.9562
509.745
510.1284
510.2022
510.3601
509.7515
510.1023
509.9167
509.9886
510.0958
510.1661
510.1956
510.3963
510.1083
510.3403
509.98
509.9001
510.3212
510.1211
509.7682
510.1178
509.9428
510.3052
510.1177
510.0779
510.0774
510.0884
510.2997
510.1524
510.1353
510.095
509.7874
509.6828
510.3535
509.9068
510.2855
510.5034
510.166
509.7966
509.9768
509.9176
510.0595
509.9081
510.2062
510.16
509.8357
510.5258
510.0612
509.8465
510.2226
510.1095
509.8773
510.3574
510.3147
510.2213
509.7583
510.1391
509.8688
510.0981
510.2413
510.2676
509.8656
510.5067
510.3334
509.8038
509.8118
510.317
509.9552
510.0625
510.084
509.7484
509.8743
509.9047
509.8517
509.9917
510.7775
510.3138
510.1554
509.7992
510.4113
509.7912
510.0789
509.601
509.9757
510.3264
510.0611
510.0397
510.0405
509.8487
509.7649
510.4173
509.6065
510.1488
510.1577
510.0744
510.0341
509.9048
509.7638
509.9391
510.4301
509.788
509.5824
510.4175
509.9742
510.2543
510.5107
510.1138
510.3352
509.9998
509.9119
509.9803
510.4214
510.2959
509.9781
509.8718
509.8242
509.7458
511.0642
510.5849
510.3114
509.8805
509.9604
510.1717
510.058
509.991
510.0398
509.8912
510.571
510.5677
509.9469
509.9416
509.4965
510.1994
509.8265
509.9574
510.1587
510.3078
510.3118
510.0168
510.2062
510.5166
510.0755
509.9724
509.9791
509.869
509.7886
509.7391
509.9819
509.537
509.756
510.1586
509.9871
509.9461
509.9813
509.9355
509.5266
510.4744
510.1855
509.983
510.4045
510.1309
510.0879
510.4181
510.4904
510.4325
509.9992
509.8137
509.9518
509.6258
510.5598
510.7864
509.7433
510.1697
510.5194
509.7149
510.2685
510.2401
510.339
510.099
510.137
509.8406
509.6038
509.9217
510.3406
510.4432
509.6946
509.6252
510.0772
509.8832
510.0373
510.1044
510.2118
510.1257
510.2652
509.9865
509.8356
509.9413
509.7096
510.0086
510.0231
509.6649
509.9904
510.0041
510.4477
509.9463
509.8426
509.9749
509.8609
510.1867
509.8459
510.0179
509.8435
510.2789
510.6011
510.1003
510.1267
510.7141
509.8468
510.0721
509.7288
510.0281
509.9156
510.5425
509.7682
510.1464
510.1667
510.4973
510.0889
510.3495
510.4116
509.9423
509.7782
510.5737
510.4332
510.1148
510.0687
510.0707
509.9142
509.9028
509.5858
510.264
510.9596
510.7173
510.1507
510.231
509.9756
509.8849
509.7844
509.9479
510.044
509.8377
509.7818
509.7932
510.4811
510.4
509.6374
510.3013
509.8023
510.0934
509.8532
510.2743
509.5927
509.6685
510.2637
509.9198
509.8521
509.7318
510.687
510.1511
510.4596
510.2578
509.8773
510.2365
509.9609
509.7925
509.7274
510.2617
509.9064
510.0503
510.5828
509.8816
509.66
509.8844
509.8915
510.2184
510.9841
510.0449
509.6168
509.9386
510.5229
509.9387
510.0529
510.0728
510.2812
509.9919
510.2914
509.8271
510.0181
509.5984
509.8076
509.9857
509.5811
510.3485
510.2336
510.0295
509.8612
510.0069
509.9362
509.9553
509.8271
509.9923
509.5898
509.9984
509.7302
510.1472
509.9733
510.033
510.1973
510.2372
510.1194
509.9318
509.9821
509.7948
510.0667
509.9115
509.8144
509.9018
510.8308
510.3615
509.7241
509.8318
510.8479
510.7812
510.1432
510.0878
509.9889
510.4391
510.209
510.0352
510.2629
509.8477
509.8038
510.2523
509.9881
509.6912
510.1911
510.3216
509.8708
509.8221
510.0351
509.5339
510.3452
510.4539
509.9464
509.8795
510.0332
510.0181
509.8353
509.8912
510.7677
510.1458
509.9824
510.0251
509.6906
509.8899
510.241
509.883
509.7169
510.2425
510.0477
509.3549
509.6227
510.0862
510.5319
510.1001
510.3891
510.1172
510.0288
510.7508
510.232
510.2886
510.667
510.5714
509.4359
509.5374
509.8573
509.7177
510.6687
509.7696
509.7469
509.9985
510.4429
509.9047
510.008
509.4835
509.6262
510.1333
510.0758
510.0668
509.7065
510.1054
509.8048
509.809
509.715
510.1169
510.5658
510.1953
509.9667
510.4163
509.7753
509.9123
510.3774
509.9271
510.3199
510.2363
510.2985
510.1015
509.8521
509.7165
510.6996
510.2871
509.9524
510.2261
510.1908
510.107
510.2273
509.7299
509.7681
510.2652
509.8758
509.389
510.6593
510.9403
509.8069
510.1426
509.505
510.1234
509.9056
509.7498
510.0104
510.013
510.071
510.1075
509.6812
509.483
509.856
510.757
509.7779
510.0104
510.2474
510.5829
509.9592
510.3784
509.784
510.0994
509.9606
509.6539
510.1028
509.9097
509.9798
509.9073
510.0484
509.8877
510.194
510.2471
509.695
509.7932
510.0368
510.1307
510.2256
509.7983
509.686
510.2559
510.5203
510.3163
510.0041
509.6521
509.8043
510.1093
510.0541
509.7651
509.4829
510.0639
509.6496
509.8235
509.7599
510.5231
510.6876
510.2165
510.1477
510.1619
510.0367
509.9447
510.1967
510.3583
510.1011
509.3954
509.4006
510.1226
510.9128
510.0495
509.4928
510.1453
509.4773
509.7833
510.3993
510.3333
509.5663
510.008
510.5429
510.0543
510.6623
510.3825
509.5862
509.9306
509.7718
509.6567
510.3195
509.8601
510.2833
509.8774
510.6133
509.8944
510.5166
510.0261
509.8626
509.4234
509.9832
510.357
509.9125
510.1106
509.7016
509.9831
510.4741
510.2127
510.1842
510.1983
510.0464
509.7598
509.8647
509.5939
510.0883
510.0266
510.2019
510.6914
510.1531
510.5089
509.8626
509.9613
509.7682
510.1901
509.6007
509.2219
510.7149
510.203
510.1958
510.0284
510.1756
510.2833
509.9019
509.7879
509.5204
509.7168
510.2134
510.0532
510.8009
510.1011
510.002
510.0446
509.7479
510.4444
510.4923
510.3057
509.7494
509.7675
509.9388
509.6145
509.8366
510.0656
509.4959
509.2606
509.7502
510.1814
510.2302
510.2785
510.3162
510.7893
510.3777
509.6671
510.0348
509.645
510.5567
510.3466
510.1227
509.8336
509.9068
510.1477
509.8922
509.6252
510.3809
510.1386
509.8401
510.1382
510.5291
510.3418
509.6765
509.8661
509.4393
509.9973
509.9242
510.8009
510.1013
509.8463
509.9752
510.4423
510.5002
509.9176
509.8579
510.1516
509.8497
509.4042
510.1382
509.8027
509.6878
509.8722
509.8396
509.9429
510.5757
511.0062
510.1324
510.0127
509.9347
509.975
509.8629
509.8895
509.9813
510.0611
509.8559
509.8431
510.1259
509.9269
509.9012
509.8994
509.6869
510.2435
509.4744
509.8886
509.8534
510.4027
509.7875
509.6351
510.4414
509.8328
509.9065
510.1377
510.1458
509.6846
509.7746
509.7225
510.0988
510.2298
510.1107
509.916
509.9308
510.1372
509.7003
510.0663
510.4655
510.3722
510.1149
509.799
510.0725
509.3564
510.5712
510.2102
509.7112
509.8636
509.7706
509.7371
509.8644
510.8552
510.196
509.9745
510.2599
509.8521
509.576
509.7638
510.9645
509.5461
509.9161
509.8334
509.3502
509.939
510.094
510.7113
510.2695
509.5719
509.8495
509.5463
509.9527
510.1607
509.9937
509.6195
510.3383
510.0343
510.351
509.3313
509.2844
510.2768
510.1642
510.3289
509.6725
510.201
510.3111
509.4834
509.4651
510.6726
510.9399
510.7554
509.9824
509.9846
510.0121
509.9132
509.5975
510.7105
510.0152
510.4817
510.3346
509.7489
509.7038
509.9122
510.0392
509.8249
509.9861
510.5653
510.0333
509.511
509.8189
511.0898
509.8409
509.925
510.2224
509.9828
510.3266
509.8355
510.2349
510.1265
509.8077
509.6863
509.8154
510.8542
510.2909
509.7647
510.0872
510.2721
509.8656
509.8932
510.2643
509.9045
509.9488
510.0493
510.1363
510.2892
509.7079
509.9872
510.3804
509.999
509.9916
510.1257
509.8142
510.1194
509.8322
510.243
509.3131
509.8563
509.8571
510.604
510.4131
510.432
510.211
509.813
509.7856
509.9239
510.086
509.826
509.7749
509.6986
510.7061
510.0019
509.8524
509.946
509.7843
510.0472
509.5596
509.8645
509.9351
510.512
509.4643
509.7073
510.0573
510.0395
509.6473
509.3587
509.8077
509.808
509.7783
509.8318
510.1218
510.5753
509.8666
510.288
509.6892
510.3998
510.151
509.772
510.2549
509.9061
510.1734
509.8432
510.0913
510.3084
509.9319
509.9022
509.9904
509.8689
510.6498
510.6443
509.9124
509.4423
509.8396
510.616
509.7381
509.8502
509.8426
509.7474
510.2571
509.9032
509.5168
510.138
510.4281
510.1061
509.8486
510.2926
510.5256
509.902
509.9281
509.8202
510.4742
509.973
509.6496
510.1252
510.2427
510.3053
509.6921
509.7982
509.9908
509.7957
509.8417
509.982
510.3183
509.9148
509.5766
509.967
510.1985
510.3447
510.166
510.2368
509.5988
509.5052
509.8402
510.5732
510.1164
510.1706
509.9674
510.3596
510.8921
510.2015
509.9367
510.1869
509.9865
510.1721
509.8354
509.8007
510.0876
509.6633
509.8344
509.7117
509.7072
509.5719
510.098
509.7866
510.4597
510.1435
510.6391
510.1369
510.2446
510.5388
509.985
510.2437
510.0862
509.876
509.7182
509.9406
510.0736
509.7638
510.1281
509.702
509.9848
509.6133
509.7483
509.8826
509.9081
510.2417
510.0496
509.8428
510.2324
510.0425
510.3421
509.9912
510.0684
509.8911
509.7726
509.772
510.2645
510.0806
509.7489
509.7776
510.0838
509.9761
510.138
509.8597
509.8651
510.1178
509.9136
510.0897
508.887
509.8883
510.1503
509.7505
509.9456
509.8084
510.1131
510.0044
509.4709
509.7882
510.1537
509.9071
510.3766
509.9185
510.4329
510.0264
510.4607
509.8952
509.9402
510.1596
509.7088
509.8909
509.7994
510.2229
509.896
509.8532
509.8191
509.984
510.3184
510.1361
509.7781
509.9348
509.8448
509.8458
510.0305
510.9344
510.4209
509.9721
510.0002
509.9797
510.2707
509.3554
509.9099
509.9752
510.0033
510.016
509.9683
509.9031
510.1244
509.6467
509.3237
510.0569
510.2655
509.9893
509.2432
509.9156
509.6529
510.1318
510.6237
510.1929
510.0488
510.0873
509.9517
509.8522
509.9295
510.1699
510.2035
509.8885
509.9028
510.6372
509.8294
509.9129
509.7936
510.1238
510.4873
510.1574
509.2466
509.6586
510.9608
509.7613
509.9165
510.2018
509.4916
510.53
510.0148
509.6532
509.3851
510.3519
509.8216
510.5879
509.8435
510.1403
510.2558
510.411
509.9532
509.8041
509.6194
510.1512
509.8001
510.1631
509.5822
509.619
509.8935
509.9271
509.9855
509.6327
510.2999
510.4055
509.3397
509.6328
510.1007
510.0935
509.9931
509.8484
509.3431
510.6692
509.8633
509.9533
510.2019
509.8518
510.0214
509.4062
509.6074
509.9206
510.276
510.1023
510.7893
509.6816
509.5095
509.5285
509.8586
509.9254
509.7459
510.0829
509.7681
510.1173
510.2786
510.7221
510.6505
510.4206
509.8572
509.686
509.4854
509.707
509.6684
509.3408
509.9141
510.3382
510.3923
510.6764
510.5575
509.3128
509.5893
510.0302
510.3642
509.6385
509.9277
509.6294
509.8517
509.5453
509.1007
509.4314
510.2997
510.1812
510.0826
510.7982
509.5558
509.8094
509.548
509.3651
510.0782
510.6592
509.8773
509.6487
510.1617
510.0478
509.2657
509.7888
509.7303
510.0112
509.9063
510.3449
510.4758
510.271
509.6315
510.3775
510.0488
509.6966
509.5013
510.2051
509.8659
510.275
509.803
510.255
510.0446
509.9497
510.1808
510.0301
509.8264
509.629
510.1118
509.5986
509.9673
509.6602
510.163
509.6335
510.1085
510.104
510.2733
509.7313
510.6191
509.7672
509.4475
509.2361
510.4653
509.9465
510.3695
509.9825
509.5129
509.8743
510.1747
509.8956
509.7468
509.6149
510.3317
510.6865
509.9137
509.922
509.4029
509.7324
509.8831
509.4473
510.3419
509.6489
510.3994
509.7895
509.3539
510.478
510.0921
509.6708
509.3758
509.1179
509.6609
509.5631
510.5142
510.1191
509.868
510.1155
509.6613
509.717
510.2624
509.6778
510.0633
509.4106
510.0591
509.9374
509.9583
510.3496
510.8476
509.9312
510.119
509.5567
509.9461
509.9182
510.0011
509.8207
509.79
510.3977
510.4188
509.5709
509.4447
509.4775
509.4755
510.3362
509.8853
509.9363
509.7722
510.1483
509.7868
509.6679
510.3302
510.0434
510.2869
509.8279
509.925
509.8143
510.0663
510.0146
509.6646
509.8665
509.9137
510.1217
510.0212
510.403
510.2901
509.8307
509.4956
509.5479
509.7219
510.0527
510.2361
509.474
510.1339
509.4511
509.6876
510.0777
509.8841
509.6517
509.6393
510.2177
509.7408
510.4165
510.9813
509.8362
509.6276
509.7366
509.9053
509.4776
509.6792
509.7357
509.6132
510.271
510.0517
509.4377
509.9601
510.0474
509.702
510.2156
509.8955
509.8545
509.4983
509.3339
509.6708
509.9102
509.9021
510.3148
509.8615
510.2539
510.8202
509.8266
509.8889
510.1982
509.1341
509.4052
510.1968
509.7191
509.8049
510.1797
510.2508
509.9716
509.6597
510.4542
510.0611
510.7422
509.6958
509.337
509.692
510.025
509.8184
509.8725
509.9858
509.9564
510.0258
509.9931
510.0301
509.916
509.5933
509.2924
509.3821
509.777
510.4767
509.8406
509.6621
509.7636
509.9983
510.1402
510.8269
510.0538
509.8026
509.9354
509.7468
509.1185
509.1391
509.8476
509.8108
510.2579
510.844
509.4958
510.0922
510.0692
510.1347
510.1659
509.5273
509.6871
509.5574
509.8936
509.6964
510.0167
510.2022
510.0723
510.386
510.1301
510.3104
510.0051
510.2054
509.5769
510.1373
509.8065
509.4974
509.3487
509.7986
509.3401
509.6562
510.0233
509.6886
510.1196
510.1094
510.1511
510.1071
509.8439
510.0471
509.6884
509.5082
509.925
510.0418
510.2513
509.9039
509.7879
509.2699
509.2677
509.9539
510.1067
510.2772
509.6453
509.8207
509.6091
510.1094
509.9715
510.0518
510.2
510.0822
509.4769
509.7773
510.5143
509.9111
510.017
509.359
509.9505
510.1911
510.3482
511.0106
510.2697
510.4269
509.3246
509.7748
509.5169
510.1325
509.8835
510.2033
510.1657
509.9827
510.011
509.2565
510.1205
509.3863
509.906
509.5166
509.915
510.852
509.8807
509.617
509.3994
509.8943
509.5648
509.8384
509.9879
509.9799
509.6923
510.1612
509.8763
509.5499
509.7614
509.9511
509.9891
509.5572
510.1555
510.0614
509.5307
510.2187
510.48
510.4555
510.1161
510.0593
509.3496
510.3931
510.8533
510.2835
510.4966
510.6794
510.2836
509.9075
510.3048
509.8523
509.9433
509.8466
510.009
510.28
509.383
509.5597
509.6003
510.7435
510.3629
509.8795
509.9081
508.9469
509.1162
511.2231
510.4272
510.0191
509.7698
510.3911
510.6407
509.8902
510.0002
509.5143
509.8263
510.1706
509.9313
509.8144
509.2052
510.4797
509.7781
509.7712
509.8134
509.6476
510.0908
509.9243
509.9845
510.1548
509.8769
510.0314
509.8307
510.6261
509.955
510.6322
510.017
510.0936
509.4751
509.5496
509.9459
509.6488
509.7915
509.6616
510.0296
510.0401
510.226
509.8797
510.0695
510.1863
510.0646
509.6414
509.7527
510.0809
509.6839
509.4886
510.0513
509.6009
510.4941
510.0865
510.045
510.8802
509.9144
509.3793
510.0123
510.4389
510.6974
509.9826
509.4775
509.5008
509.3503
509.8327
509.7059
510.0774
510.2876
509.6188
509.7135
510.2519
509.7391
509.5005
509.6561
510.7206
509.851
510.2084
509.7493
510.1057
509.7664
509.5638
509.7835
509.9213
510.1093
510.0511
510.2679
510.6629
509.6878
509.4474
509.9179
509.9218
509.4363
509.8004
509.3236
509.5874
509.6476
510.1617
509.0832
510.0015
509.8953
509.5979
510.0836
509.6428
509.6336
510.4209
510.5197
510.1304
510.0147
509.7708
510.1136
510.5068
510.0752
509.809
509.8304
509.2652
509.5312
509.7335
509.2247
509.5641
509.5599
510.0688
509.8997
510.0794
510.2915
509.5562
510.3175
510.3754
510.3817
510.5807
509.772
509.5896
509.2592
510.0628
509.6846
509.5952
509.5546
509.8806
509.4305
510.029
510.1278
510.3106
509.2395
509.4207
509.575
509.3884
509.7458
510.1108
510.2347
510.1193
509.7247
509.5547
509.6537
510.3116
510.222
510.0092
509.8845
509.9138
509.9266
509.1459
509.4932
509.5077
510.0609
510.0985
510.9704
510.2065
509.6892
510.3227
510.261
509.7703
509.808
509.5195
509.7513
509.4637
509.6745
510.322
510.1651
510.2374
510.2758
510.1184
509.6066
509.6986
509.835
509.7043
510.5237
510.6341
509.8234
509.7773
509.562
510.0712
510.1025
510.2054
509.6799
509.951
509.9886
509.766
509.7643
509.3807
509.492
509.4445
509.788
510.4309
510.6415
510.0292
509.8929
510.0034
509.5612
509.7268
509.4146
510.2498
510.0952
509.8354
510.4183
509.8031
509.2425
509.8233
509.7961
510.0662
510.1239
509.7686
510.3965
509.9283
509.8049
510.1747
509.965
509.5657
509.8828
510.0027
509.9813
510.6519
509.7435
510.0759
510.0697
510.1512
509.9822
509.8972
509.5463
509.7451
509.7156
509.5496
509.7175
509.8452
510.3116
510.0127
510.0663
510.1097
509.9579
510.2843
509.899
509.8127
509.4641
509.3187
510.0067
509.9638
510.1027
510.045
509.3567
509.3372
509.3703
509.5058
510.1174
510.3994
510.1669
510.0618
509.7723
510.0761
510.1341
509.6629
509.4373
509.524
510.1231
510.0522
509.9318
509.6659
510.1578
510.4405
509.8788
509.9944
509.8878
509.7
509.8959
509.8315
510.023
509.9638
510.3112
510.3983
509.7861
509.7697
509.7442
509.5774
509.8615
509.3002
510.039
509.9753
510.0195
509.7644
510.0788
510.0808
509.6551
509.9921
509.3881
509.6509
509.949
510.0728
510.0164
509.9787
510.3243
509.6587
510.3271
510.3718
510.1269
510.2267
509.7393
509.7516
509.6361
509.5482
509.8766
509.4391
509.7342
510.0058
509.4859
509.8558
509.4465
509.6389
510.3934
509.1536
509.2731
509.4514
509.9727
509.4561
509.157
509.3289
509.9685
509.4323
510.6601
509.9757
509.8383
510.7802
511.3663
510.6931
510.5046
509.8695
510.0801
509.6586
510.1511
510.7905
510.553
509.7973
509.3825
509.4319
510.4277
509.835
509.6452
509.7752
509.6799
510.467
509.6452
509.7617
509.6638
510.4886
509.7223
509.3259
509.9128
509.8123
510.1779
510.2966
509.8186
510.5439
509.6886
509.8771
509.4842
509.904
509.5067
509.6949
510.5376
509.7258
509.804
509.2879
509.919
510.1852
509.6761
509.5686
509.3021
510.4558
510.4451
509.8925
510.2325
509.7142
509.4489
509.2018
509.8739
509.9288
510.0283
510.0308
508.9447
509.8112
510.4538
509.6776
509.3046
509.6562
509.6102
509.23
509.786
511.0827
510.2753
509.2892
510.265
509.665
509.3766
509.6725
509.5757
509.8891
510.2999
509.9441
510.2406
510.0467
509.4307
509.5983
510.5196
509.8661
509.7858
509.807
509.5158
510.0983
509.7741
510.9967
509.7439
510.2369
509.2267
509.8395
509.0839
509.7516
509.9385
509.969
509.8749
510.3815
510.6541
510.3818
510.1031
509.7035
510.2411
509.6132
509.2851
509.5416
509.8668
510.5792
509.8752
509.5374
509.7018
509.1823
509.8568
510.4945
510.01
510.0264
510.1622
509.7881
509.7712
509.9874
509.7387
509.9341
509.9344
509.8979
509.9913
509.6124
510.0925
509.9952
509.8849
509.5685
509.5848
509.6852
509.7543
509.7032
509.825
509.8921
510.2336
510.0857
510.4668
509.83
509.6248
509.3257
509.4406
509.5028
510.2034
510.1197
509.8365
509.5844
510.2058
508.9569
509.8186
510.241
510.1856
509.8689
509.6305
510.0623
509.9196
509.7393
509.4824
509.918
510.3302
510.1125
510.1846
510.3062
509.9432
509.4389
509.0264
510.0564
509.7378
509.6439
510.3974
510.1991
510.0056
509.1637
509.5378
509.8859
510.3587
509.8711
509.9082
509.0281
509.502
509.5807
510.1833
510.2591
509.7651
510.2322
510.2367
509.7151
509.7427
509.8731
510.342
509.4245
510.4088
510.9842
510.7263
510.2892
509.372
508.7571
510.0052
510.0383
510.2567
509.873
510.2801
509.8205
509.9387
509.9875
509.6373
509.4237
509.7844
509.8917
510.0438
510.2368
509.8807
509.1265
509.7631
509.5281
509.5867
510.0615
509.6978
510.0415
510.1053
510.0856
509.3788
509.7638
509.2181
509.1116
510.6039
510.6863
509.7897
510.0561
510.0042
510.4735
509.8894
509.6544
510.4354
510.1314
509.8541
509.1528
509.8658
509.9933
510.3335
510.1154
509.702
509.6761
509.7437
510.4664
509.6069
509.4234
509.771
509.5352
509.6215
510.2848
509.3318
510.1928
510.1066
510.0393
509.5197
509.6093
509.199
509.7762
509.5043
509.89
509.5662
510.3894
510.3343
509.7775
509.1368
510.3589
509.1646
509.2761
509.5407
509.4332
510.039
510.7023
510.6442
509.7974
509.3914
509.834
509.8323
509.1421
509.9495
509.6512
510.4277
509.7053
509.774
510.0841
509.7341
510.2707
509.7654
509.6214
510.2551
510.8012
510.2009
509.9788
509.2428
509.8002
509.9502
509.3044
508.9982
509.8565
509.8893
509.943
510.0716
510.0652
509.6917
509.533
510.2658
510.0856
509.4852
509.7516
509.8497
509.6236
510.4838
510.0525
509.8541
509.7409
509.3493
509.3089
509.9619
509.8588
509.1788
509.2512
509.9391
509.8144
510.1648
509.7594
509.514
510.0319
510.0988
510.0637
509.9595
510.1371
509.5837
509.5318
509.7213
509.6029
509.7105
509.9652
509.8493
509.8645
509.2995
510.0454
510.2455
510.2924
509.3703
509.834
510.4435
510.042
509.9293
509.8304
509.777
509.1588
509.7803
509.9449
510.3727
509.5185
509.2055
509.9293
510.219
509.9342
508.8145
509.3503
510.0404
509.9428
510.3474
509.3879
510.5171
510.1888
509.718
509.6147
510.1909
510.2572
509.4763
509.7332
509.5648
509.4622
509.5075
509.8773
510.2029
509.7582
509.3887
509.5441
509.7027
510.2897
509.5922
509.1362
509.6282
509.9877
510.6906
510.3029
509.986
509.8753
509.8032
510.0517
509.6571
509.7904
509.629
509.7025
509.1671
509.9654
509.3098
510.2194
509.8619
510.5703
510.6244
510.6658
509.592
509.9494
509.7849
509.7242
509.481
509.6022
509.3925
509.3785
510.1115
509.986
509.4178
509.9478
510.4282
509.7279
509.7198
510.3084
509.9449
509.8858
509.7589
509.5948
509.8133
509.9119
509.8755
509.148
509.1519
509.8817
510.2231
510.7741
510.3308
509.7435
509.9978
510.1892
509.8909
510.1026
509.7603
510.0195
509.7098
509.2387
509.5755
509.6639
509.699
510.7099
510.0442
509.6367
509.547
509.9228
509.7726
509.5594
509.5266
509.0798
509.3129
510.3645
510.6955
510.0262
510.3687
509.7115
510.1347
509.8538
510.1861
509.5184
509.5041
509.5579
509.9798
509.8438
509.7468
509.7159
509.5396
509.9568
510.3085
509.7204
509.6806
509.4599
509.8494
509.9986
510.041
509.8076
510.697
509.9833
509.0687
509.6615
509.4154
509.9777
509.6084
509.9031
510.0152
509.4824
508.9815
508.9634
509.6054
510.4278
510.4839
509.9551
510.0962
509.5816
509.4866
509.8921
509.4938
510.0537
511.2325
510.2268
510.2008
509.9832
509.839
509.459
508.8081
509.7652
509.7037
510.5108
509.1619
508.673
509.8714
510.3355
509.6326
510.3041
509.6958
509.3359
509.9172
509.2664
509.4576
510.3326
510.0967
509.5637
509.4319
508.6952
508.8716
508.3634
508.1782
510.1473
509.6568
509.6334
508.7964
509.7572
509.4582
507.7815
508.5953
509.2502
510.1336
509.7345
509.1162
509.1594
508.7735
509.5785
509.6551
509.3239
509.3428
508.864
509.603
509.5572
510.3281
509.6891
509.3283
509.498
509.4588
509.0628
509.1944
509.2347
509.3906
509.545
509.0366
509.5773
509.6526
509.1276
509.4991
508.8656
510.4785
509.7728
509.3077
509.3999
510.1677
509.987
509.7104
509.7712
509.1874
509.0974
509.2544
509.3647
509.5413
509.5812
508.5605
508.4338
509.4026
508.7968
509.5632
508.9096
508.776
509.2322
509.2905
509.7712
510.5359
509.9531
509.3423
508.9088
509.8034
509.4024
509.1305
508.9346
509.2942
509.3086
509.1185
509.0906
509.4211
509.6671
510.5312
509.8545
508.8848
508.7698
508.6682
510.2183
510.1161
509.6916
509.3637
509.6893
509.4983
509.5316
509.4132
509.5362
509.927
509.6562
509.3331
509.2472
509.7783
509.6025
508.9324
509.0395
509.8178
510.1449
509.1575
510.6069
509.4214
509.7556
508.8167
508.856
510.0646
510.287
509.722
509.3448
508.9924
509.5283
509.7393
509.3586
509.3279
509.3795
508.3269
509.1611
509.0073
509.2271
509.9007
509.8256
509.5449
509.3983
509.2605
509.8807
508.9544
509.0031
508.0212
508.9079
508.9494
508.1939
508.9657
510.2094
509.4185
509.2667
508.9478
509.3845
508.9714
509.8153
508.9554
509.0574
509.3378
509.6707
510.5322
509.3013
509.6291
508.5952
508.7101
509.1474
508.8529
509.2491
510.6519
510.2957
510.6172
509.7914
509.0599
508.9832
509.2627
510.3097
509.3933
509.6458
509.9177
509.0892
509.0683
509.1956
509.7525
509.3215
509.0324
508.0268
509.3648
508.786
509.3036
509.0434
509.4666
510.2533
509.6115
508.9182
509.6219
509.3955
509.807
508.295
509.9065
509.4142
510.184
509.3476
509.2505
509.0879
509.7439
509.7124
509.056
509.0494
509.5366
508.8693
510.1284
509.6317
510.1158
510.6664
510.4627
509.2711
509.5968
509.1778
508.7745
509
508.875
509.5766
509.1532
509.3461
509.3199
509.6246
509.2695
509.3339
509.1388
508.8847
509.1725
509.1925
509.5081
510.3459
509.4529
510.2167
510.4462
508.9649
509.6597
509.5678
509.7707
509.4675
509.3153
508.8022
509.1042
509.5867
509.3597
509.6253
510.3759
509.5258
508.8547
509.8429
509.4202
509.9843
509.5843
509.9529
509.2538
509.2786
509.4566
509.5027
509.1465
508.401
508.2445
508.9189
509.5383
509.6729
509.5221
509.9111
510.0228
509.1561
509.1791
508.585
508.593
508.6691
509.1299
509.8395
510.1727
509.1468
508.4463
508.4912
508.9991
508.8955
508.51
509.6787
509.2089
509.757
509.5498
509.2599
509.6921
508.3405
508.4933
508.6581
508.5932
509.4331
508.6589
508.9776
509.4239
509.9192
508.7618
507.9724
508.4987
508.8127
510.5317
509.0738
508.176
509.3515
509.703
510.3008
510.6118
510.2886
509.2942
509.5771
510.0202
510.1108
509.4785
508.7869
508.5822
508.9131
509.7669
510.4004
509.8317
509.4244
509.1926
509.9357
509.6848
510.4644
509.1338
509.011
509.0706
509.7724
509.4776
509.6511
509.5034
509.6337
509.3239
509.3599
509.1543
508.8057
508.483
508.722
510.2237
509.5555
509.4823
509.6936
509.0498
509.4958
509.2462
509.0714
509.9803
509.3697
508.849
509.6642
509.5014
508.5742
509.1362
508.6906
508.7554
508.7879
508.7951
508.4413
508.2286
508.6178
509.4422
509.9023
508.9068
509.7335
508.881
509.3315
509.7769
509.3752
508.4904
508.9808
509.5782
508.8518
509.6035
510.1942
509.1139
508.9614
508.7369
508.6636
509.1874
508.9077
508.9524
509.391
508.8583
509.0247
508.8607
508.9482
509.1444
508.9719
508.9167
508.1969
508.6452
509.1375
510.5014
509.7609
508.8277
508.0496
508.0418
508.5394
509.791
509.8438
508.9909
509.7646
508.9232
508.4937
509.3832
509.6297
509.3481
509.4391
509.651
508.904
509.1135
508.7553
508.3541
507.8385
508.6023
509.0571
508.67
507.1091
507.1056
507.7602
507.9636
508.5577
509.0388
507.9245
507.9034
508.7033
509.9161
509.8001
509.9838
509.5289
508.4899
509.5587
509.8291
509.5822
509.4588
509.7653
510.1378
509.3409
509.1008
509.2774
508.6321
508.2654
508.7056
508.8727
509.1202
509.1348
508.5872
508.2388
508.6069
510.8301
510.1378
509.3286
508.9367
509.03
508.0399
508.0254
508.1362
507.5157
507.5818
508.4081
508.3297
507.8746
508.1744
507.6714
507.4525
508.3318
508.5922
508.5041
507.3408
507.6286
507.9826
507.8052
507.5853
508.4973
507.624
507.787
507.6903
507.6213
507.5468
507.4832
506.9503
508.0397
507.994
508.2148
508.3922
508.0624
506.564
506.9711
506.772
507.916
508.7048
507.9167
507.4191
507.8354
507.2885
507.7782
507.2355
507.528
507.7007
508.0479
507.7323
508.3942
508.4638
508.3895
508.2657
508.0164
509.1614
508.2354
509.4807
510.1346
508.6311
508.3488
509.3807
509.0462
508.3778
509.0332
509.1008
508.4541
508.3161
507.4855
508.6466
509.4349
508.4094
507.6909
508.1674
507.3332
507.9433
508.0614
507.7799
507.3087
508.3786
509.0724
508.3225
509.2621
508.3592
507.1954
506.8422
508.4374
508.3441
509.0889
508.1139
507.7791
507.9269
508.4798
508.513
509.0278
508.401
507.6196
507.0802
506.618
506.9601
507.2265
507.3492
507.3737
507.174
506.5934
507.0685
506.8465
506.8482
507.7718
508.7711
508.596
508.4746
508.3
508.2212
507.5164
508.2519
507.9713
508.963
508.5855
509.1999
508.5969
508.0342
508.2117
508.2734
508.6338
508.3724
508.709
507.2359
506.7841
507.1876
508.859
509.4099
509.6903
508.5627
508.3837
508.0557
508.1191
508.6031
508.3077
508.3638
507.8168
509.0275
509.9372
509.5542
509.5281
509.2614
508.5216
508.9373
509.4586
508.481
508.3864
508.5918
508.8404
508.4102
508.7852
508.6458
507.8694
509.0158
508.7564
507.812
507.6
507.0041
507.5982
508.153
507.6523
509.4086
509.3963
509.9546
509.96
509.7237
509.0905
509.7353
508.7336
509.0131
508.5719
509.7723
510.7455
508.8083
508.5264
510.4173
509.1397
508.8036
508.9343
508.5534
509.6028
508.9162
508.6439
509.1586
508.9724
508.8981
509.2102
510.0606
509.7359
510.6455
509.2002
509.8754
509.385
508.9087
508.8149
510.2361
508.8354
509.9217
509.3416
509.1275
508.6166
509.3913
508.3789
508.5518
509.0041
509.9804
509.2788
510.4625
509.2983
509.4035
509.3513
509.3661
509.2356
508.0876
507.7787
508.3712
508.7206
510.0714
510.4595
510.3012
510.5466
509.6795
509.023
508.9483
508.3226
508.9664
508.7421
509.0685
509.4015
508.5912
508.6679
508.5454
509.0486
508.6515
508.4364
508.6519
508.4475
508.7856
508.7299
509.7798
509.1809
508.8982
509.1952
509.0381
508.8578
508.8069
509.6032
510.2766
509.0914
509.0837
508.7592
509.2379
509.9557
508.7069
508.2297
509.2752
510.2682
508.957
509.6593
509.0638
509.7917
510.3272
509.955
510.0023
509.7601
509.4031
508.8839
509.029
509.2899
509.1655
508.9113
509.5916
509.8381
508.9803
508.3011
508.5263
508.4614
509.0045
508.6564
508.8603
509.2254
509.0714
509.0326
509.1537
509.9368
509.3587
508.1866
507.6348
508.8745
509.9544
509.8025
509.2502
507.9632
508.1682
507.9458
509.1806
509.2731
508.9612
509.0377
509.6517
509.7432
508.5212
507.8884
507.6564
508.9012
509.5209
509.1241
508.7929
509.2545
508.8234
508.5553
508.3224
508.2803
509.4741
509.9518
508.1594
509.2856
509.1544
508.938
509.7677
510.2343
510.2703
510.2815
510.0782
508.7011
508.362
508.7212
509.0117
509.0923
509.1705
509.402
509.3151
508.3008
508.5467
508.8062
508.0209
508.3848
508.3747
508.6096
509.722
509.3841
509.4201
509.1541
509.3507
509.3017
509.766
509.8551
509.5603
508.5621
508.4978
507.9716
508.6899
509.9642
509.394
508.6117
508.8337
508.6512
508.9871
509.5922
508.39
508.0893
508.7547
509.4079
509.339
510.1315
509.313
509.0232
509.4241
510.592
508.8069
508.2969
507.9965
509.1611
510.3989
509.2282
508.1415
509.3356
508.683
509.4012
509.6284
510.0633
509.6776
508.5916
509.2463
509.5105
508.4279
507.2801
508.2719
508.5911
509.4212
508.8638
508.9989
509.1494
510.0622
509.7126
509.4103
509.1577
510.8644
509.5154
508.814
509.294
509.9766
510.238
509.2442
507.9588
507.4659
507.614
508.4644
509.0292
509.864
510.0179
509.9075
508.8817
508.2954
508.6248
508.3387
507.9477
508.8257
509.1847
508.7935
508.5598
508.3734
507.8395
508.2957
508.9065
509.0428
509.803
509.2641
509.0756
508.9954
507.6563
507.9225
508.9484
508.6086
509.1846
509.7944
509.9158
509.051
509.1266
508.0208
508.3365
508.6306
509.4744
509.2195
509.2499
508.6752
508.3271
509.1115
507.9894
508.8313
508.7824
508.812
508.2024
507.7131
507.8293
507.6044
507.8536
508.021
508.0771
508.0651
508.4835
507.4056
507.4104
507.5644
507.4624
507.8589
508.467
508.5934
509.8857
508.6229
508.5367
507.7572
508.3223
509.2829
508.521
508.0367
507.8452
508.7415
509.1242
509.7791
508.8862
508.6213
508.382
509.1731
508.7344
509.0191
509.7404
508.9612
508.6383
509.1259
508.2133
509.0797
509.3088
508.824
510.0476
508.8722
508.9303
508.277
507.6682
507.8142
508.2255
509.4635
508.4472
508.1391
508.4325
509.2874
508.5706
507.251
506.851
508.4025
508.6779
508.3583
509.021
509.422
509.1514
508.9838
509.8517
509.3387
508.689
508.6656
509.1046
509.8067
510.102
509.2712
509.1195
508.8808
509.5359
508.7132
508.5771
507.7875
507.5858
507.8564
508.5228
507.4691
508.4419
508.9221
509.2581
509.2831
509.1911
508.6337
507.7857
508.2025
508.4592
508.9964
508.2056
507.6887
506.7251
507.3361
508.472
509.0103
508.3152
508.3905
507.1849
508.352
507.5036
507.2708
506.4491
507.7785
507.437
507.3578
508.3297
508.181
507.5034
506.9233
505.6193
506.1733
506.1421
507.1356
507.0706
507.1528
506.9298
507.0265
506.8741
506.7774
507.5668
506.8963
506.0222
505.7815
505.7695
507.1158
507.5922
507.1102
507.8579
507.2954
506.5252
505.9085
506.1539
507.3202
507.587
508.4683
507.9446
507.4826
508.5317
509.4142
507.6839
506.9992
506.9742
506.3227
507.4232
507.3941
507.9739
507.962
507.4147
507.5519
508.3406
508.4991
508.4448
507.6901
508.2889
508.0202
507.6459
506.9535
506.7774
507.2925
506.4327
507.0929
507.4083
507.6033
507.0401
507.5892
509.322
509.0515
509.0635
508.6671
508.0479
507.8958
507.2074
507.0415
507.7067
507.2053
507.0815
507.5364
507.1955
507.6286
507.2906
506.9529
507.088
506.8373
507.6794
507.4342
506.9638
507.7795
508.0547
508.0797
507.42
507.7858
507.3759
505.7134
505.5068
505.9499
507.5978
506.8701
507.1162
506.8876
507.4951
507.1694
508.0804
507.3825
506.2347
506.7931
506.9979
506.945
507.7124
507.6086
507.433
507.2119
507.7609
507.9531
507.6041
507.5026
506.7333
507.2136
506.6823
507.4948
508.3341
508.0836
509.2903
509.1182
508.5384
508.1185
508.283
507.6287
506.6603
506.4252
506.7519
506.3347
505.0807
505.3013
505.8828
505.8051
506.1756
506.515
506.3582
506.1919
506.2849
507.6928
507.4066
506.434
505.768
505.5528
505.475
505.5724
505.5082
505.481
506.3342
506.2687
507.1274
507.6862
508.0155
508.6747
507.6289
507.9877
507.8048
507.9141
507.1292
507.6641
506.256
505.2993
506.0384
507.5979
507.7052
507.4142
507.6873
507.3338
505.915
505.9525
505.1405
505.8541
506.2694
506.1772
507.5258
506.951
505.8194
505.3125
506.7777
506.7433
506.8085
506.2864
506.7555
507.3815
506.7579
506.7956
507.0873
506.533
507.3365
508.38
507.9334
507.5598
506.8135
505.699
505.719
506.5627
507.1685
507.1094
508.6093
509.0156
507.4005
508.2581
506.0479
505.6309
506.7521
506.5208
507.1806
506.0093
506.1755
506.1986
506.8613
507.0205
507.5222
507.516
507.4638
506.7325
506.5177
505.6863
505.9944
506.5956
506.0571
506.8278
507.1351
506.6724
506.6208
506.576
506.9896
506.869
506.2618
506.757
506.5295
506.7661
506.3466
506.1927
506.8169
507.1033
506.552
507.1016
507.4323
506.8893
507.0324
506.8
507.4445
507.904
508.3721
508.2317
508.0034
507.2789
507.5753
508.2304
508.0638
507.515
507.3989
506.7424
507.0738
507.1208
507.5296
507.6209
506.9338
507.1095
506.7254
507.0194
506.9909
506.9288
506.0069
506.9383
507.134
506.989
506.3852
505.7015
505.6837
506.2381
506.2491
506.8056
507.085
506.9261
507.4109
507.7597
506.5443
506.7479
507.5039
507.1378
507.2326
507.842
507.5207
506.8118
506.7387
505.6976
505.5446
504.8865
505.0082
506.369
506.0567
506.7276
507.0017
506.6036
506.5236
507.1837
506.9722
507.1812
506.5588
506.1333
505.7979
505.6138
505.8583
505.6678
505.1184
505.8563
505.4187
505.3776
505.2939
505.2951
506.1936
506.9203
507.1862
507.2508
505.7413
505.0494
506.5906
507.687
507.9321
508.7507
507.6955
508.0591
507.5574
505.1272
505.6078
504.5365
504.9703
505.7687
506.0003
506.3749
507.9805
508.5932
507.7267
507.4234
507.6104
508.1048
508.5551
509.4678
508.9295
507.3754
508.6339
507.7687
508.3569
508.0765
507.6779
507.5222
507.2393
508.2047
508.471
508.6703
508.7905
509.2627
509.7504
509.5724
507.7798
507.5037
507.6966
507.0018
507.1779
506.8126
507.5756
507.9146
508.3766
507.4859
506.8377
507.5394
507.7582
508.2201
509.2819
508.3382
508.9886
508.0297
507.435
507.0927
507.6805
508.1927
508.5093
508.4942
508.4934
509.7013
509.6816
509.4156
508.0679
507.1993
507.3083
508.4183
507.644
507.3852
508.6554
507.3099
507.2791
507.371
505.6901
506.0277
508.5188
508.8286
509.0964
509.0334
508.1656
508.0817