517.3248
513.663
513.186
510.3297
509.0511
509.6221
507.6183
506.6693
504.8211
505.8215
501.5031
503.4185
502.9497
502.8197
502.8995
503.1077
502.9904
502.1287
503.3167
502.5201
501.0269
500.0653
499.5327
499.4299
497.6629
495.9069
495.8269
496.4693
497.4165
496.2376
494.0466
492.5074
492.9009
493.4951
493.1161
491.7966
492.1693
491.9659
491.5573
491.9241
491.2191
493.5612
491.1095
491.8699
491.1853
490.9191
488.9889
488.0144
488.8087
490.724
489.3936
486.6111
487.2328
487.9554
486.7269
487.5486
488.4943
487.5089
485.5009
486.3351
486.8514
486.6254
484.7126
484.0145
486.2191
483.6548
482.8318
484.7063
481.8048
482.5595
481.6443
482.5756
482.5729
481.0209
484.016
481.7109
481.1737
483.674
482.3029
481.9962
482.6452
483.9151
481.3662
482.731
483.5669
482.2093
483.2288
483.1455
484.6108
482.6491
482.4299
483.2697
481.746
483.1381
482.4518
483.1802
480.2309
481.0757
481.9474
481.2164
482.1677
482.7839
481.4597
480.6076
482.3093
480.9622
481.1778
483.0335
483.3761
483.1293
482.1299
481.9063
482.403
482.3962
482.1202
482.3267
480.9137
481.5069
481.3322
480.1926
479.4813
481.1265
481.3351
480.6822
481.0208
480.9492
481.3043
479.3528
480.1915
479.7366
476.9783
478.0242
478.0479
478.4602
477.7735
475.7172
476.6689
477.8485
477.6718
476.2862
474.8893
476.8262
476.5229
477.5061
477.2661
476.827
476.4501
474.5073
474.1517
474.9045
474.8058
475.381
474.079
474.6183
473.9744
475.3822
473.5085
474.9053
475.5874
475.8458
475.0696
473.302
474.4168
474.3286
474.4113
472.4263
475.3308
475.0833
473.7043
473.7297
473.7157
474.3029
475.1224
472.6768
474.868
471.8693
474.2124
471.7916
472.2268
472.9814
472.3679
471.9126
471.7673
472.8161
471.6154
472.1027
469.6278
473.7625
474.2617
472.8051
471.6959
470.342
471.7194
472.8145
470.2342
470.9563
470.7238
470.7433
469.61
475.1627
469.8431
468.7032
467.7599
470.3516
469.3343
470.3051
469.5739
470.409
468.6225
469.3572
467.6877
468.3758
469.2092
467.0936
468.4037
467.7645
468.0795
467.0945
466.2383
469.1735
467.0342
467.0999
469.055
472.454
471.2349
465.8742
465.405
465.4879
466.2894
466.4536
466.2494
465.2312
464.2001
466.0732
466.3904
466.0565
471.8332
468.7256
465.0688
465.8752
469.0893
470.6631
468.3776
466.4749
465.8746
467.5783
467.8725
465.52
466.8126
465.967
463.3776
464.902
464.8743
462.1531
463.0867
463.6244
463.4789
463.1972
463.3866
461.5216
465.7364
464.1129
460.3054
460.2611
458.2744
462.2487
462.395
459.9525
463.3282
460.7365
459.9808
460.5155
458.7549
459.1482
459.3697
458.6831
461.1417
460.9006
460.2652
459.0959
459.2172
457.8804
459.9766
462.7409
458.5445
458.2523
461.0568
460.0512
459.8401
458.3813
458.6738
457.7361
457.9286
459.6118
457.33
458.0149
457.9728
461.3948
460.8796
460.6165
458.6258
458.8022
458.3216
455.9664
458.2504
455.8809
458.3729
455.7422
456.2429
457.4985
456.6298
456.9223
456.358
456.6869
461.7812
455.2568
455.9333
456.2019
455.7271
457.3825
454.3435
457.0443
455.4475
454.6743
455.3555
454.2693
452.6934
454.4499
453.1109
453.5153
455.0063
454.2025
453.9518
458.2603
457.6836
453.7439
453.329
455.0854
453.5301
458.2295
453.2323
453.0278
454.2377
453.8702
451.8304
451.7901
451.911
450.6329
451.1704
451.6346
452.49
453.4576
451.6816
454.6318
451.943
452.5847
452.3494
450.2838
450.9721
452.2775
450.0823
450.575
450.6901
449.8451
449.7543
451.385
450.6056
450.2352
451.2808
452.2286
450.5986
452.7941
450.6784
450.601
449.2708
450.3193
449.3396
450.6073
449.6586
450.2533
450.0305
449.3678
449.1067
450.1465
450.1509
450.3763
450.5888
451.7016
449.3991
449.5846
448.6079
449.9994
449.5479
448.8692
449.4614
448.7059
449.3664
448.0665
453.2792
451.7122
452.4741
452.1075
448.7785
447.155
452.3812
451.0079
453.9078
451.6717
449.02
450.9494
449.3476
450.1562
446.316
447.8619
446.8773
447.5385
447.9564
448.0714
449.2258
445.5378
446.7373
449.3486
447.565
449.2724
446.3885
449.9214
451.043
451.6378
445.5196
451.3453
451.2085
450.4406
448.6334
450.2262
449.3009
450.1961
449.6215
448.943
449.6318
451.4385
450.4813
451.0092
450.7988
448.5418
450.2908
448.6206
447.1503
449.549
447.7372
446.3851
450.5035
449.1621
448.1622
449.8808
446.8015
450.065
447.1642
447.3023
445.0588
446.7397
448.7253
446.9922
449.8468
445.9338
447.2093
444.3268
445.8409
444.4306
446.5036
448.7569
447.0035
444.2637
447.9773
447.5783
442.1235
442.8579
444.2894
447.2361
447.2787
448.9031
448.5546
445.837
447.1616
449.1839
448.8597
446.7098
447.8227
446.3636
447.3423
445.5995
447.3096
448.0765
446.3442
446.5327
448.3631
444.9708
444.3967
447.3922
448.5559
446.6357
443.9429
445.4739
445.9137
447.2021
442.1547
441.864
441.2872
442.3347
443.9743
440.3977
441.7989
444.2539
441.7849
441.7776
440.4861
440.5111
446.9874
445.3712
445.1567
446.0819
445.7732
446.3038
445.0842
445.9975
445.3411
446.0341
442.699
442.2332
444.5765
449.2435
445.6815
440.9658
440.6446
439.7444
441.3064
441.934
441.0178
445.9093
443.683
446.9025
443.8822
443.9247
442.5175
442.7245
445.7252
443.9683
441.6623
442.359
444.1103
442.5327
443.665
443.4621
443.6556
443.3103
442.226
442.4574
442.402
441.7974
442.9376
443.251
443.3602
443.0019
443.0804
442.5247
441.4899
443.2675
443.2901
443.4433
441.9513
440.9757
440.1843
442.2614
444.3553
443.5837
441.9202
444.6737
441.5949
441.6023
440.4214
440.6704
441.1647
441.925
442.7304
440.6004
441.9317
442.2682
441.9017
442.5296
438.2807
439.9733
438.4687
441.4925
441.4994
442.2707
441.49
441.1589
441.2881
440.2905
439.7018
440.6591
439.0952
440.9951
438.7997
441.0088
440.9096
439.842
441.464
440.8167
439.4046
441.2711
440.374
445.4234
440.6801
442.8563
442.3035
441.0425
442.8668
442.7831
444.9299
439.8586
442.7009
441.7007
441.4606
443.3412
442.3723
442.6996
441.4544
444.0895
443.3969
442.3433
442.4087
443.3642
441.6031
441.402
442.8344
443.4751
440.3283
438.5708
439.1045
439.6565
438.1344
440.6957
439.8649
441.7126
437.9504
440.5429
440.353
440.3018
437.6078
438.3832
438.7529
440.0029
439.9666
438.598
442.5665
440.3669
439.5024
439.8297
441.4991
441.0345
441.3429
441.1921
441.6292
440.3612
438.9119
442.276
440.9568
438.9965
441.2492
441.8457
440.036
441.2112
441.5373
438.067
441.317
442.4237
437.2439
439.3446
440.31
436.6449
441.425
438.8836
439.0613
439.6538
439.134
438.6443
439.0887
440.0684
437.3572
436.2054
439.8325
439.9778
437.646
439.3105
437.4394
439.2163
438.9539
440.2492
436.8988
439.7679
439.013
438.7946
438.5062
437.4167
440.0085
436.7378
435.8704
436.5104
439.016
438.0598
437.963
438.9918
437.8918
438.3427
439.2292
435.8474
440.0795
437.4877
437.6399
437.7868
437.7431
435.7842
436.0573
436.7701
436.2565
435.9674
437.2074
437.3568
437.1806
437.6644
436.4445
436.6316
438.4454
436.6426
435.4729
435.595
437.8669
436.8715
435.5045
435.2301
433.4968
434.0437
434.4283
436.3952
437.1655
435.0377
434.5419
434.2947
437.6929
435.0245
433.8307
434.831
436.4075
434.3218
437.0576
435.5386
434.6446
433.6709
434.4433
436.7875
435.6909
436.9503
434.2867
434.7066
434.442
435.5102
434.2289
433.6287
434.2743
434.0492
434.6524
434.5143
432.5485
435.0861
434.3405
433.4052
434.5877
436.1222
434.5354
434.9057
433.8436
434.1175
434.4254
433.6743
435.3189
435.073
436.3929
435.2575
433.4383
434.2481
435.4575
433.9188
435.695
433.4921
435.0966
433.3154
432.9497
435.2737
434.0409
432.9474
431.5125
433.8842
432.2129
435.9647
433.4476
434.9754
436.087
435.405
432.6993
432.1124
432.48
434.5447
434.0153
433.5088
432.1136
432.2436
435.5309
434.8784
434.4594
434.2508
434.951
432.0892
434.1205
432.9024
433.0953
431.8992
433.29
434.0775
433.6835
434.9816
432.6012
432.3625
433.2145
432.899
433.2057
431.5433
431.2905
434.086
432.3249
431.9841
431.6162
433.4572
432.3349
434.0994
431.0298
434.686
431.6987
433.8731
432.6186
430.711
433.3024
433.774
431.2539
432.5859
432.1293
433.6605
431.9256
435.0135
433.1992
431.7809
431.2506
433.7919
432.2141
431.9092
432.0986
432.6995
434.0787
432.0013
434.3891
430.5696
431.2776
433.7353
430.7946
435.3487
432.8959
431.6385
433.9677
432.6518
433.4306
432.9797
431.2249
432.8744
433.9893
432.9779
431.8696
431.646
433.1924
432.5861
431.1658
431.5641
432.6953
430.9814
431.9734
430.7259
433.7691
430.2615
431.1566
430.6059
431.3648
432.9726
431.8169
430.1384
429.4475
430.8563
430.421
430.7893
431.0932
430.3182
432.154
431.7866
431.2522
431.4178
432.2788
431.0997
431.8372
431.7333
430.5655
431.8217
430.1284
432.3791
430.2542
431.9082
430.153
431.0839
430.3332
431.6716
430.0471
430.3765
430.1056
433.3041
432.8745
430.6543
429.8541
432.2086
430.4474
431.0011
430.2494
430.4064
431.3825
429.8646
431.167
430.7448
431.3471
430.1823
431.4861
429.3972
432.0152
431.0581
431.4229
429.4886
430.3211
429.6717
431.7563
429.7027
429.5628
429.0637
430.672
431.317
430.205
429.2118
429.7065
429.4067
431.806
430.4374
429.8454
431.4207
429.0157
430.8064
429.9289
431.5213
431.6584
429.6076
430.8537
429.5286
430.4316
430.5936
432.1023
430.3227
432.9553
428.4263
431.1048
430.5298
428.2024
430.5916
430.1975
428.8107
430.4635
430.3664
428.3072
429.7832
429.0212
430.2344
429.1958
429.9737
428.8198
429.8047
430.2219
430.2256
431.2099
432.2741
429.4656
429.8985
430.223
430.3498
428.4475
431.055
430.3516
427.754
429.9012
430.983
430.9889
431.1359
429.2667
429.9238
429.7672
428.7737
428.2628
431.7965
429.8858
430.4925
428.3083
430.0008
430.6716
429.7931
431.1787
430.8918
429.7089
430.5797
427.9485
428.3589
428.5215
431.0035
428.4508
429.0527
430.5086
428.9441
429.8325
428.0623
429.7426
429.5483
429.2166
428.2819
428.289
430.8117
429.7615
429.5523
428.7893
428.8898
430.3122
429.6472
428.6127
430.5619
429.6063
429.2018
430.0406
428.5354
431.294
427.853
432.2447
428.3888
429.0838
431.8876
431.35
430.6653
429.2011
432.8284
427.8463
431.1736
428.4639
430.7414
429.7727
427.8604
427.7689
427.5114
428.0096
430.1157
429.3889
429.8616
432.001
428.2263
427.9044
429.177
429.3011
428.4419
428.8502
428.1322
427.6707
427.2602
428.1548
430.0391
426.8051
428.9685
428.9015
428.7741
429.6925
427.574
429.8578
427.1732
427.3004
428.4769
427.1492
428.7993
428.7802
430.2155
428.6314
430.0518
428.3991
428.5457
430.7893
427.9547
428.6759
427.6069
428.5323
427.8758
429.3679
428.003
428.7783
427.9274
428.6606
428.5077
427.808
428.6566
427.4305
426.9279
428.3342
428.075
427.7187
428.0344
430.1172
429.0469
427.1184
427.4698
428.6223
428.2105
428.8535
428.2754
430.0583
429.3316
427.3487
428.4718
427.769
427.1186
429.505
428.8317
428.3916
428.6697
427.5941
427.056
427.9215
428.1488
426.2579
428.0798
428.2087
426.9597
428.7238
428.8244
428.4414
428.355
427.9583
428.532
428.0806
429.2791
428.8743
430.1306
430.0973
427.1822
429.1824
426.6971
429.5538
429.1206
428.8661
429.3106
427.949
427.7372
428.1113
428.616
427.8389
428.4661
428.9398
427.7465
427.2541
425.9293
427.169
427.2258
427.7316
429.0989
427.761
427.1113
427.386
429.183
429.3011
428.164
428.8937
427.419
427.3761
427.0621
427.8674
427.4939
429.3541
427.5189
428.5594
429.4234
429.7161
428.816
427.6811
427.9521
427.4163
426.5856
427.4071
427.6169
427.9624
427.0581
429.7116
429.7598
426.6373
427.9638
426.7027
427.0353
427.5258
428.3455
428.4698
428.6766
427.9124
428.4548
427.5439
427.2899
428.6436
425.8246
427.6467
428.1024
428.1458
427.0394
426.2667
426.1315
427.0579
426.9672
426.1611
426.714
427.4105
428.2049
428.2746
427.1323
427.0186
427.7902
427.6636
426.3618
427.1169
426.9191
426.9954
425.9707
426.6667
426.2164
426.5291
427.6879
426.9587
426.1776
428.0342
426.4352
427.0698
427.1485
425.8192
427.8736
427.2156
427.2163
427.1954
427.8615
426.4496
426.3536
426.49
428.4815
427.1128
427.5004
428.311
426.1259
427.3774
427.3615
427.8693
427.7846
426.4547
426.5793
426.6248
428.4734
426.1749
427.4128
428.1181
426.1973
428.1854
427.352
427.0121
426.7772
428.2874
426.4548
425.9593
426.2872
425.8563
426.2171
428.6796
428.679
426.6584
426.8803
425.8341
427.3719
428.3331
426.492
427.3208
426.9222
426.2922
426.6351
427.774
426.4529
426.7384
426.9195
426.427
426.8215
427.621
427.1445
427.0482
425.0599
426.7322
425.43
426.3604
428.5457
427.7337
428.2035
425.8751
426.466
425.6418
427.0028
425.7573
427.5951
427.4042
425.7758
426.7751
425.5963
425.8269
427.1688
426.4554
427.0716
426.047
427.0055
426.6378
428.5769
425.5671
425.3143
425.64
426.0459
427.6515
425.9469
427.3535
426.9756
426.9789
426.4028
426.7573
425.6742
426.4657
426.984
426.4669
427.0056
426.9623
426.4608
426.4514
426.5682
427.0396
424.8101
425.8502
426.4524
425.1028
425.6533
426.3498
424.5973
428.4764
426.9119
425.5516
425.8313
425.4671
425.3004
427.8676
426.6504
426.3266
427.6875
428.0594
425.8707
425.7236
427.3951
426.1215
426.7083
425.598
425.7646
426.2214
426.2932
425.7159
426.4468
425.2531
427.1621
425.7126
425.7321
425.9641
427.0662
425.7784
426.5338
426.3394
425.7487
425.7863
425.981
424.8783
424.6266
425.6519
426.1786
425.0481
426.1638
425.0174
426.4835
425.6491
425.4046
425.0651
425.7831
425.011
425.3253
426.9323
425.5335
425.4253
425.2307
426.4576
426.6162
425.4976
425.4774
426.4051
425.9279
426.4982
424.7995
426.2467
425.8439
425.8754
427.7136
425.3748
425.6794
424.946
425.9046
425.7173
426.2021
426.0149
425.9575
426.7712
427.5479
426.166
425.9641
425.8585
425.0981
425.8991
426.6145
426.0225
425.9668
426.2674
425.2193
425.4878
425.1337
424.5779
426.149
426.962
426.0934
426.2467
425.3313
425.513
425.5747
424.9934
425.833
425.5718
428.3701
426.2317
426.0096
425.7183
424.9675
426.2135
426.6858
425.6807
425.6216
425.1277
425.5766
425.9673
425.5486
425.0857
425.194
424.8367
425.3065
425.5348
425.13
424.9049
427.1941
427.8442
425.4171
426.1296
426.0352
426.2816
425.5134
425.719
426.2585
425.1972
425.802
425.8898
424.3014
427.0589
425.6207
425.8416
424.5207
425.5584
426.3609
426.0501
425.5401
425.9464
425.9978
425.4377
425.7339
426.6679
425.5823
426.7436
425.5687
424.6897
424.9399
424.4924
424.863
425.675
424.2917
426.3093
424.7231
425.8815
427.2779
426.7271
425.202
425.0092
424.6585
426.3339
425.595
425.9765
426.4846
424.2396
425.1642
425.6121
426.1052
426.563
425.8343
426.0689
425.9664
425.5529
426.0284
425.6418
424.9507
425.3552
425.4739
424.5633
425.7257
425.1799
425.7197
424.8804
424.6128
426.0092
424.9481
426.3619
425.7239
427.0409
425.7467
424.8179
425.0936
425.5804
424.562
424.9325
425.6819
425.0403
425.4209
424.893
424.8338
425.8979
424.8351
425.5008
425.4241
424.9388
426.2927
424.4254
425.5315
427.2564
425.0112
424.8169
424.4308
424.8941
424.8337
424.8073
424.752
425.3717
425.0721
424.8167
425.6757
425.7606
425.8185
425.6307
424.9417
424.7696
425.9253
424.7393
425.628
425.0118
425.4681
424.9515
424.2097
425.0367
425.2728
424.7871
424.3974
425.7601
425.8986
424.5861
424.4274
423.625
424.1963
423.8347
424.368
424.2159
423.9544
424.0392
423.7727
425.8943
426.0605
423.3665
424.5374
423.676
423.9437
424.1163
424.0408
423.573
423.4269
424.6926
424.0747
423.6987
423.7037
423.7535
423.6944
424.0612
425.4073
424.5099
424.5562
425.0284
423.7293
423.5717
423.7324
425.0072
423.6429
424.7603
424.1348
424.4369
424.4575
424.0864
424.0363
424.5786
424.5034
423.6819
423.8085
424.9813
424.4496
424.1249
423.2737
426.2169
424.7769
423.4016
423.3676
424.377
424.0029
423.2787
423.5662
425.0768
424.4024
424.4175
424.7803
423.5349
424.0086
424.0069
423.3995
424.8796
423.9669
424.3312
423.205
423.8025
424.468
423.8191
424.0622
423.2571
423.9917
424.3633
423.9644
423.3273
423.843
423.4303
425.8305
423.6967
424.664
424.3688
425.2344
424.4609
424.6389
423.5487
423.7903
423.1982
425.0193
424.0425
423.9793
425.4755
423.9591
423.4274
423.114
424.0134
423.1852
423.3292
423.6272
423.5839
423.7235
423.5618
424.5866
424.0479
423.0999
423.6579
423.5323
423.0366
423.561
423.7924
422.9855
422.895
423.1841
423.2186
422.6924
423.2596
424.0311
423.7089
423.4515
423.7211
423.2336
423.6161
423.9325
422.8004
423.0865
423.7372
423.3214
423.6999
422.9223
422.6898
423.1114
424.179
422.6028
422.4041
422.82
422.7867
422.8807
423.5136
422.4913
422.9297
422.3789
424.0213
422.2765
422.995
422.6118
422.651
422.8495
422.9006
422.7291
423.0653
423.4957
422.3646
422.4557
422.9478
422.6521
422.5391
422.4042
422.7454
423.1887
423.4596
423.4568
422.7231
422.6237
422.7951
423.5523
422.9666
422.5163
422.8416
422.5146
422.3942
422.7041
422.5929
422.7561
422.5637
422.6922
423.171
423.4168
422.5139
422.3504
422.9369
423.1894
422.6654
422.4358
422.9181
422.853
422.6922
422.8487
422.3091
423.0863
423.1378
422.3591
422.4069
422.9373
423.6489
422.7978
422.3699
422.9054
422.5296
422.7322
423.06
422.3909
422.9882
422.7063
422.525
422.4
422.3372
422.4908
422.2614
422.2968
423.0919
422.2527
423.705
422.4352
423.1071
423.4154
423.6097
422.671
422.5947
422.5966
422.4777
423.2926
422.322
422.6031
423.6425
422.3398
422.6402
422.5621
422.7167
422.6654
422.4667
422.44
423.7445
422.4232
422.81
422.3372
422.3543
422.3456
422.7397
422.4612
422.9397
422.7987
422.3984
422.625
422.5058
422.7641
422.7771
423.0079
422.3528
422.7234
422.6453
423.382
422.4535
422.327
422.8168
422.809
422.3456
422.4467
422.3958
422.3506
422.3081
422.7764
422.5415
422.699
422.3777
423.1725
422.6845
422.3579
422.4549
422.9643
422.5117
422.6729
422.3372
422.8497
422.7069
422.3602
422.6617
422.3603
422.3894
423.7216
423.2251
422.7322
422.3947
422.7873
422.3569
422.3473
422.3708
422.3069
423.0041
422.3245
422.8655
422.2486
422.4515
422.8237
422.5451
422.7943
422.7361
423.2374
422.7793
422.4967
422.2927
422.3474
422.3148
422.9821
422.332
422.8059
422.3321
422.3578
422.6327
422.3077
422.3348
422.3856
422.279
422.2776
422.3617
422.2765
422.3599
422.504
422.344
422.3069
422.4668
422.475
422.6376
422.3396
422.6775
422.541
422.3386
422.6433
422.6618
422.3232
422.3523
422.5058
422.3457
422.3182
422.9486
422.5857
422.3382
422.4946
422.3185
422.3333
422.4435
422.3417
422.3079
422.3523
422.5441
422.678
422.4222
423.301
422.3943
422.2917
422.3334
422.4218
422.4911
422.3904
422.5053
422.3499
422.3651
422.2896
422.3372
422.3052
422.3093
422.4968
422.4263
422.3183
422.3125
422.3655
422.3747
422.657
422.858
422.3259
422.3417
422.6474
422.4019
422.3474
422.7283
422.3859
422.3547
422.5558
422.349
422.3426
422.6407
422.3398
422.3102
422.4646
422.2602
422.5859
422.3312
421.7088
421.5612
422.263
422.4098
422.312
422.4799
422.5376
422.1474
422.4264
422.4443
422.5751
422.0721
422.1056
422.1142
422.1783
422.3607
422.6006
422.1046
422.0936
422.292
422.0789
422.0696
422.0623
422.0435
421.886
421.2806
421.2797
421.8391
421.6593
421.8342
422.0714
421.7519
423.0948
421.6099
421.56
421.6461
421.8538
421.5529
421.8814
421.5331
421.5974
421.49
421.4945
421.7488
421.4902
421.5046
421.5092
421.4831
421.4711
421.3854
421.4115
421.442
421.5008
421.4252
421.4022
421.5052
421.4705
421.4563
421.4173
421.4598
421.4207
421.4272
421.4561
421.41
421.9085
421.2919
421.2442
421.2538
421.3439
421.8581
421.2782
421.2385
421.2657
421.2086
421.2853
421.2544
421.2827
421.2864
421.2827
421.4705
421.3634
421.2549
421.2599
421.2523
421.2703
421.2254
421.6315
421.2765
421.3748
421.3407
421.3109
421.3111
421.3999
421.5588
421.2675
421.3066
421.3514
421.2409
421.2834
421.235
421.2569
421.193
421.2553
421.3563
421.2916
421.2736
421.2675
421.2331
421.2878
421.6579
421.3582
421.2799
421.2199
421.2799
421.3611
421.2729
421.286
421.2807
421.2011
421.3058
421.2616
421.2571
421.2016
421.2442
421.2676
421.2802
421.2347
421.2526
421.2797
421.2743
421.2787
421.2607
421.2499
421.3692
421.2486
421.2622
421.2948
421.3008
421.2968
421.2376
421.7339
421.3969
421.2947
421.2025
421.2603
421.5323
421.2738
421.161
421.2357
421.267
421.2007
421.2619
421.3941
421.2481
421.2595
421.4272
421.2767
421.2783
421.2639
421.3272
421.2494
421.1971
421.2939
421.2596
421.2927
421.2117
421.226
421.2466
421.2791
421.2896
421.2767
421.2385
421.2105
421.0199
421.1861
420.9588
420.9961
421.0343
421.1159
421.0299
420.9825
421.2112
421.0827
421.0941
421.1534
421.1409
421.11
421.1248
421.208
421.1342
421.1366
421.1199
421.058
421.1314
421.1252
421.1267
421.1032
421.2446
421.0877
421.0277
421.0068
420.9001
420.9063
420.8335
420.9667
420.8832
420.8954
420.9156
420.8947
420.8963
420.895
420.9576
420.8675
420.9917
420.9215
420.9527
420.8953
420.9431
420.9263
420.9905
421.0089
422.2693
422.3409
422.271
420.9352
420.82
420.894
420.8289
420.8737
420.8595
420.8304
420.814
420.8754
420.8888
420.905
420.8937
420.934
420.9378
420.8696
420.8696
420.8239
420.8287
420.894
420.8491
420.8304
420.8476
420.8453
420.8555
420.9247
420.7979
420.8868
420.8434
420.8428
420.8162
420.8542
420.8862
420.8562
420.8702
420.8681
420.796
420.8115
420.7805
420.8275
420.7864
420.8574
420.7855
420.8618
420.7735
420.782
420.7557
420.7852
420.8315
420.8011
420.7849
420.9281
420.8454
420.8143
421.3269
421.8626
421.8941
421.9079
421.8972
421.1824
421.1982
421.2139
421.034
420.4396
420.3185
420.2922
420.281
420.3055
420.2961
420.2518
420.317
420.2773
420.2487
420.2904
420.2597
420.2871
420.2719
420.272
420.3221
420.2429
420.2531
420.3059
420.2614
420.3009
420.2745
420.2484
420.3028
420.2487
420.2401
420.2917
420.2782
420.307
420.279
420.2309
420.2419
420.2909
420.2937
420.2487
420.2881
420.2638
420.2612
420.306
420.259
420.291
420.2886
420.2913
420.2774
420.3041
420.2735
420.2457
420.2764
420.2696
420.2448
420.4954
420.3066
420.2766
420.2316
420.2924
420.279
420.3038
420.2892
420.3057
420.2401
420.265
420.3001
420.2865
420.165
420.2831
420.2859
420.2156
420.2982
420.3044
420.291
420.2975
420.3029
420.179
420.2293
420.2221
420.2196
420.2656
420.2328
420.2647
420.2194
420.2277
420.2177
420.2183
420.2307
420.2327
420.1378
420.1119
420.1876
420.2354
420.1714
420.2025
420.2427
420.2273
420.226
420.2156
420.2431
420.1803
420.1981
420.2552
420.2248
420.1825
420.2061
420.2251
420.242
420.2422
420.2573
420.1942
420.1789
420.1793
420.2401
420.2256
420.2066
420.2118
420.2275
420.1687
420.1811
420.204
420.1929
420.1967
420.195
420.1799
420.1705
420.1762
420.219
420.2486
420.2099
420.2382
420.152
420.2131
420.2097
420.221
420.1764
420.1919
420.179
420.2074
420.2156
420.1227
421.4631
420.8457
420.7122
421.2292
421.2863
421.2779
421.2391
421.0323
420.9789
421.026
421.0051
421.0323
421.025
421.0045
420.9814
421.025
420.9602
420.9967
420.9233
420.9831
421.0157
420.9373
420.9971
420.9975
420.9795
420.9999
421.0407
420.9654
420.9737
420.9187
420.9146
420.9866
421.0203
421.0038
421.0023
421.0259
420.9795
420.9977
420.9995
420.9998
420.9588
420.9165
420.9771
421.0203
420.9761
420.9265
420.9644
420.9061
420.9749
421.0016
420.9984
420.9999
421.0256
420.8958
420.9185
421.0167
420.9574
420.978
420.971
420.9309
420.9965
421.0148
420.9442
421.0084
420.9592
420.958
420.9676
420.9837
420.9991
420.994
420.9346
420.9737
421.0178
420.9757
420.9736
421.0349
420.978
421.0303
421.0146
420.9492
420.9387
421.0178
420.9586
421.0357
420.9567
420.9754
421.0122
421.0117
421.0157
420.9795
420.9974
421.0178
420.912
420.9814
421.0352
420.9779
420.9747
420.9939
420.933
420.9715
420.9586
421.0333
420.9742
420.9305
420.971
420.9464
420.8324
420.8228
420.8102
420.7731
420.7483
420.7856
420.7645
420.7013
420.7376
420.7637
420.6553
420.726
420.7136
420.717
420.7188
420.6699
420.6736
420.6598
420.7104
420.7552
420.6508
420.7318
420.7366
420.7302
420.7108
420.7738
420.7138
420.7878
420.7339
420.7363
420.7363
420.7118
420.6777
420.7947
420.74
420.6836
420.7592
420.774
420.7941
420.74
420.736
420.7732
420.695
420.7307
420.7499
420.7831
420.6902
420.7295
420.7493
420.7106
420.7106
420.727
420.6511
420.5572
419.8815
419.8618
419.849
419.9172
419.864
419.898
419.8386
419.8234
419.8781
419.8959
419.8975
419.8581
419.8612
419.861
419.8569
419.8598
419.6904
420.0459
419.9909
419.9499
420.0254
420.0551
420.0456
420.0481
420.0228
420.0667
420.0427
420.0463
420.05
420.0868
420.0665
420.0224
419.7115
419.7838
419.877
419.8198
419.6984
419.7758
419.7941
419.7312
419.8334
419.8272
419.7768
419.7347
419.7208
419.7793
419.8531
419.8301
419.7361
419.8181
419.8536
419.8408
419.8141
419.7584
419.7891
419.7386
419.8128
419.7036
419.7459
419.8202
419.7278
419.8448
419.8039
419.8071
419.7747
419.8149
419.8358
419.795
419.813
419.813
419.7535
419.8489
419.8182
419.8521
419.7874
419.7806
419.7498
419.834
419.7924
419.8119
419.7822
419.8334
419.7356
419.7814
419.6877
419.7112
419.7117
419.7524
419.8373
419.7886
419.7905
419.8324
419.8265
419.7911
419.7722
419.7698
419.8518
419.7926
419.8326
419.749
419.7863
419.7687
419.7408
419.7764
419.7106
419.7718
419.7881
419.7333
419.7715
419.8125
419.8115
419.8306
419.7921
419.7897
419.8125
419.8108
419.8284
419.8139
419.7564
419.8168
419.8123
419.7721
419.8139
419.7868
419.7473
419.8006
419.7905
419.8066
419.7639
419.731
419.8329
419.8123
419.7921
419.7499
419.8125
419.8329
419.8088
419.7919
419.71
419.7615
419.8478
419.8377
419.7514
419.8125
419.7711
419.7727
419.714
419.7531
419.7921
419.8113
419.7711
419.7718
419.7407
419.827
419.6797
419.7715
419.8504
419.7715
419.7742
419.7482
419.7902
419.8533
419.8096
419.7863
419.7742
419.731
419.8237
419.6939
419.7528
419.8326
419.8069
419.7469
419.8288
419.7715
419.7321
419.736
419.785
419.8076
419.7859
419.7871
419.7956
419.799
419.8366
419.7086
419.7446
419.844
419.7679
419.7917
419.7941
419.7522
419.7484
419.813
419.7904
419.7401
419.6765
419.8084
419.8318
419.7544
419.7666
419.7908
419.8096
419.8168
419.7532
419.8317
419.7444
419.7148
419.7037
419.8415
419.7509
419.7713
419.8325
419.8325
419.8314
419.8028
419.7809
419.8305
419.8282
419.7582
419.7827
419.779
419.7221
419.7689
419.7456
419.6853
419.6868
419.7678
419.7654
419.8107
419.8322
419.7268
419.8102
419.8292
419.8134
419.7698
419.787
419.7472
419.7898
419.7711
419.7916
419.8512
419.7498
419.7748
419.811
419.811
419.8325
419.7376
419.7853
419.7907
419.7684
419.7396
419.83
419.8092
419.7713
419.7557
419.7905
419.8118
419.776
419.6718
419.6888
419.8314
419.7738
419.8518
419.8263
419.788
419.7852
419.8295
419.8299
419.769
419.7758
419.8499
419.7491
419.852
419.7932
419.8105
419.7693
419.7955
419.7668
419.8083
419.8078
419.7509
419.7703
419.8305
419.8112
419.7524
419.8301
419.8315
419.6853
419.7703
419.75
419.753
419.744
419.8406
419.7908
419.7955
419.829
419.851
419.8484
419.7067
419.7444
419.7682
419.7092
419.7047
419.7758
419.7665
419.8184
419.8112
419.6871
419.6982
419.7498
419.815
419.7889
419.8004
419.8152
419.8298
419.8145
419.834
419.8492
419.8315
419.77
419.8315
419.7751
419.8059
419.7477
419.7873
419.7296
419.7887
419.8468
419.7713
419.7932
419.7878
419.7473
419.8514
419.7724
419.8281
419.8238
419.8078
419.7534
419.8108
419.8231
419.7915
419.7462
419.8291
419.8109
419.7076
419.7675
419.8313
419.7737
419.6827
419.7717
419.7534
419.7293
419.7906
419.8101
419.8112
419.7283
419.7822
419.7863
419.8289
419.8199
419.8305
419.7289
419.7102
419.7183
419.8466
419.8311
419.7672
419.7657
419.7516
419.7745
419.8311
419.7285
419.8515
419.7708
419.7837
419.8311
419.8098
419.8053
419.8506
419.7474
419.769
419.7508
419.7846
419.7679
419.8071
419.7555
419.7533
419.7276
419.7894
419.7466
419.809
419.7715
419.808
419.7736
419.8069
419.8075
419.6907
419.7689
419.8098
419.787
419.8062
419.8446
419.7663
419.8178
419.7249
419.8445
419.7936
419.7922
419.7278
419.8214
419.7917
419.8231
419.8456
419.8059
419.849
419.7894
419.806
419.7672
419.7517
419.7925
419.825
419.8019
419.7264
419.7468
419.8245
419.8252
419.825
419.8255
419.7831
419.7871
419.8276
419.7011
419.6225
419.765
419.7461
419.7607
419.7275
419.6718
419.7827
419.7575
419.8328
419.8082
419.8259
419.8234
419.6865
419.5737
419.6355
419.6508
419.6717
419.6131
419.6304
419.6914
419.6925
419.6509
419.67
419.5861
419.7099
419.6883
419.6069
419.6086
419.6636
419.6009
419.6338
419.5898
419.6868
419.6701
419.6583
419.653
419.6711
419.6961
419.6304
419.5868
419.6794
419.7
419.6482
419.6911
419.5893
419.6554
419.6034
419.6965
419.6511
419.65
419.6871
419.6306
419.65
419.6902
419.633
419.6888
419.6881
419.6286
419.6489
419.6089
419.6313
419.5883
419.5708
419.6109
419.4924
419.5096
419.5353
419.585
419.5798
419.5704
419.6202
419.6041
419.5005
419.5514
419.5671
419.5312
419.5796
419.5195
419.5645
419.5838
419.612
419.6191
419.5105
419.6053
419.5623
419.6177
419.5443
419.5172
419.5626
419.6168
419.6
419.5714
419.5639
419.5815
419.5138
419.5418
419.4523
419.5297
419.62
419.5796
419.5613
419.5203
419.5808
419.5828
419.4952
419.5426
419.5015
419.5451
419.6191
419.4814
419.5987
419.5039
419.5801
419.6006
419.6202
419.5809
419.5801
419.5308
419.4802
419.4861
419.5043
419.4995
419.5401
419.5391
419.5414
419.5035
419.5213
419.5439
419.5009
419.4983
419.5511
419.4771
419.5369
419.4368
419.4242
419.0995
419.05
419.0605
419.4158
419.4091
419.4722
419.4478
419.392
419.4063
419.3522
419.4549
419.369
419.3884
419.3645
419.3775
419.3027
419.3519
418.6495
418.6266
418.5544
418.5674
418.5241
418.485
418.5378
418.5559
418.503
418.4994
418.4988
418.5308
418.5188
418.537
418.5018
418.5194
418.576
418.4817
418.5585
418.5369
418.5624
418.5345
418.4486
418.4548
418.477
418.4923
418.5361
418.5152
418.8118
418.3999
418.3591
418.3354
418.3342
418.3889
418.6723
418.5396
418.5952
418.3822
418.4032
418.3624
418.3323
418.2693
418.3845
418.3487
418.3691
418.3678
418.2769
418.3685
418.3832
418.3452
418.3248
418.3638
418.3024
418.2774
418.3542
418.2746
418.3841
418.3316
418.3666
418.3607
418.3237
418.3426
418.3194
418.3398
418.3421
418.3472
418.3205
418.3618
418.3756
418.282
418.3605
418.3622
418.3837
418.3402
418.3367
418.2371
418.2614
418.3429
418.4041
418.3814
418.2825
418.3631
418.3605
418.3827
418.3629
418.3206
418.3837
418.2992
418.2993
418.3823
418.3498
418.3624
418.3578
418.2771
418.3185
418.3607
418.3159
418.3977
418.2994
418.199
418.3193
418.3202
418.3242
418.4018
418.3799
418.3406
418.3578
418.3211
418.3712
418.3641
418.3452
418.3055
418.3725
418.3578
418.3332
418.2631
418.3203
418.3331
418.4006
418.2557
418.2566
418.2907
418.3779
418.3534
418.2816
418.3163
418.3434
418.3999
418.3348
418.2958
418.3554
418.3369
418.398
418.3319
418.338
418.2811
418.3766
418.3374
418.3578
418.36
418.3333
418.3652
418.3385
418.3173
418.276
418.3759
418.3815
418.3163
418.3538
418.2812
418.2598
418.3132
418.3149
418.3411
418.3575
418.2744
418.3715
418.308
418.3725
418.3472
418.2844
418.257
418.3365
418.2718
418.3412
418.3211
418.3612
418.3144
418.3827
418.3621
418.3214
418.3836
418.2516
418.2531
418.3174
418.3181
418.3172
418.2699
418.3189
418.3621
418.316
418.2788
418.2569
418.3289
418.2517
418.3396
418.3621
418.3825
418.3393
418.3215
418.3387
418.3811
418.3829
418.3645
418.3405
418.3374
418.3424
418.339
418.3828
418.3403
418.2794
418.333
418.3156
418.3021
418.2552
418.2543
418.3611
418.2732
418.3444
418.3286
418.2954
418.3152
418.3596
418.3188
418.3621
418.274
418.2327
418.302
418.3204
418.3039
418.2592
418.2801
418.3617
418.2946
418.2163
418.3138
418.3069
418.2582
418.2963
418.3419
418.297
418.3632
418.3405
418.2974
418.2586
418.3547
418.3159
418.3189
418.3621
418.3552
418.3351
418.3529
418.3621
418.3642
418.3136
418.3176
418.3383
418.3443
418.3338
418.3176
418.3171
418.241
418.2974
418.3187
418.2807
418.2933
418.3146
418.2998
418.299
418.3398
418.3621
418.2931
418.2186
418.2834
418.2801
418.3378
418.3608
418.269
418.2433
418.2974
418.2742
418.382
418.3024
418.3405
418.3456
418.2778
418.3591
418.3441
418.3802
418.3598
418.3573
418.2817
418.3134
418.3404
418.2953
418.3525
418.3161
418.3644
418.2941
418.2754
418.3146
418.3616
418.3147
418.2949
418.3405
418.3579
418.3161
418.3782
418.3836
418.3836
418.2783
418.2112
418.3189
418.2783
418.3445
418.3836
418.3832
418.338
418.2974
418.2949
418.3278
418.3546
418.3452
418.2987
418.3042
418.281
418.3615
418.3178
418.3537
418.3608
418.3214
418.3257
418.3836
418.3448
418.3405
418.3145
418.3331
418.361
418.3621
418.343
418.3389
418.2758
418.2308
418.2543
418.3152
418.2724
418.3384
418.2973
418.361
418.3396
418.3355
418.2758
418.3577
418.3621
418.3836
418.318
418.3181
418.3112
418.3175
418.2998
418.3392
418.3627
418.2974
418.3364
418.2943
418.357
418.3621
418.297
418.3649
418.3401
418.3178
418.2805
418.2931
418.2807
418.2415
418.283
418.2699
418.3376
418.3831
418.3594
418.2256
418.3364
418.3387
418.2934
418.3391
418.3069
418.2744
418.34
418.2452
418.2827
418.3191
418.2969
418.3398
418.3595
418.3212
418.2557
418.3165
418.2742
418.3181
418.2993
418.3209
418.293
418.3387
418.3831
418.3584
418.3607
418.3434
418.2281
418.2918
418.2941
418.3606
418.3603
418.3286
418.3803
418.3178
418.3176
418.2383
418.334
418.3367
418.3394
418.3595
418.2918
418.2993
418.2735
418.2751
418.3391
418.3146
418.3576
418.338
418.3184
418.2925
418.3424
418.2744
418.3577
418.3226
418.2501
418.3311
418.315
418.3831
418.2937
418.2811
418.3433
418.3525
418.3574
418.3615
418.3647
418.3379
418.2991
418.338
418.3044
418.34
418.3019
418.3424
418.2562
418.3244
418.3209
418.3202
418.2736
418.2879
418.3826
418.3343
418.356
418.296
418.3418
418.2918
418.3351
418.3593
418.3099
418.3411
418.3462
418.3355
418.2848
418.3357
418.2946
418.3378
418.3781
418.358
418.3165
418.2529
418.318
418.318
418.3204
418.3163
418.3115
418.3165
418.3635
418.3374
418.3202
418.3632
418.3609
418.312
418.3361
418.2798
418.3611
418.3609
418.3395
418.2989
418.3377
418.377
418.3397
418.356
418.3395
418.3582
418.2968
418.2699
418.2497
418.2935
418.278
418.3799
418.3611
418.2522
418.2828
418.2488
418.3082
418.3458
418.3148
418.2697
418.3168
418.34
418.32
418.2786
418.2316
418.3158
418.3354
418.3581
418.3146
418.318
418.3391
418.3806
418.3176
418.3174
418.3691
418.3161
418.3428
418.3152
418.3391
418.337
418.3377
418.3176
418.2529
418.3171
418.3391
418.3382
418.2522
418.3151
418.3822
418.2742
418.3603
418.3796
418.3044
418.3631
418.3577
418.2913
418.2975
418.27
418.2523
418.2363
418.3189
418.3282
418.3597
418.3176
418.3439
418.3366
418.3351
418.2338
418.2495
418.2458
418.3327
418.3777
418.3366
418.3331
418.3144
418.3607
418.3152
418.3153
418.3807
418.3121
418.3347
418.2951
418.3367
418.3391
418.3139
418.3418
418.3445
418.2661
418.3366
418.2504
418.3361
418.3774
418.3112
418.3607
418.3072
418.2865
418.3176
418.3346
418.3154
418.3355
418.3391
418.3607
418.2956
418.3402
418.3057
418.3559
418.2745
418.295
418.3031
418.3567
418.3176
418.3756
418.2595
418.305
418.2733
418.2338
418.2796
418.338
418.288
418.2528
418.2463
418.3058
418.35
418.3158
418.2942
418.2314
418.1856
418.2244
418.3191
418.3126
418.3135
418.2609
418.2914
418.3361
418.3607
418.3396
418.3162
418.2188
418.338
417.9308
418.2358
418.2829
418.3801
418.3337
418.249
418.1906
418.286
418.3242
418.359
418.3359
418.3391
418.3822
418.3006
418.3521
418.3149
418.363
418.3607
418.2898
418.3391
418.3565
418.2722
418.3526
418.2727
418.3523
418.2703
418.3147
418.3061
418.3251
418.3147
418.3366
418.3801
418.3822
418.3107
418.3458
418.3589
418.2554
418.3592
418.3588
418.3176
418.3815
418.326
418.2247
418.3558
418.296
418.3219
418.3577
418.3154
418.3043
418.3271
418.337
418.3162
418.3822
418.2507
418.2763
418.3717
418.2913
418.1869
418.164
418.2854
418.2565
418.3368
418.3193
418.3333
418.3127
418.3344
418.2506
418.296
418.3136
418.3726
418.2246
418.136
418.1579
418.2892
418.2278
418.2584
418.3319
418.2986
418.3301
418.2964
418.3152
418.3344
418.3555
418.3523
418.3307
418.283
418.285
418.3184
418.2926
418.3256
418.3559
418.3247
418.3307
418.292
418.2481
418.2902
418.3533
418.2937
418.3756
418.2886
418.3101
418.2897
418.3774
418.2448
418.3513
418.3685
418.3219
418.2906
418.2946
418.346
418.337
418.3535
418.3344
418.3128
418.2856
418.3559
418.2907
418.2859
418.3068
418.3013
418.2872
418.2836
418.2764
418.2862
418.2879
418.3319
418.3209
418.3334
418.3362
418.3339
418.3128
418.3344
418.3109
418.3537
418.3011
418.3184
418.3143
418.3128
418.3356
418.2259
418.3109
418.3603
418.352
418.3188
418.2868
418.2882
418.3161
418.3359
418.3286
418.3322
418.3354
418.2779
418.3044
418.2682
418.3092
418.3142
418.3086
418.2882
418.3498
418.3372
418.3064
418.2915
418.295
418.1842
418.3343
418.2509
418.3088
418.3312
418.2879
418.285
418.2882
418.3744
418.3311
418.3048
418.3245
418.3258
418.3097
418.3512
418.2666
418.3442
418.2866
418.327
418.3734
418.2499
418.2862
418.2702
418.2929
418.3666
418.2084
418.298
418.296
418.3191
418.3738
418.3493
418.328
418.3228
418.328
418.2569
418.3301
418.2821
418.33
418.3277
418.3252
418.2568
418.2271
418.3266
418.2619
418.2779
418.303
418.2592
418.3476
418.3489
418.3282
418.317
418.3048
418.3038
418.3254
418.3077
418.2497
418.319
418.368
418.2815
418.2812
418.1985
418.2296
418.3007
418.3131
418.3261
418.3253
418.3261
418.321
418.2762
418.3674
418.2597
418.3071
418.3448
418.3643
418.3325
418.2505
418.3234
418.3097
418.3055
418.314
418.3199
418.3236
418.346
418.3285
418.325
418.3692
418.2183
418.3467
418.3427
418.2635
418.304
418.2439
418.3451
418.3261
418.2377
418.1295
418.237
418.2991
418.3155
418.273
418.34
418.3415
418.3029
418.2757
418.3611
418.2776
418.2772
418.2775
418.2763
418.3622
418.2966
418.3377
418.2666
418.3336
418.2972
418.3208
418.2581
418.2339
418.3608
418.3177
418.2101
418.3295
418.3372
418.2883
418.2561
418.2713
418.2256
418.2806
418.299
418.3155
418.2704
418.4936
417.3846
417.408
418.0774
418.1438
418.1097
418.127
418.5418
418.1261
418.0437
417.9392
418.1042
418.0645
418.1064
418.1057
418.1049
418.0824
418.0627
418.0585
418.0086
418.0318
417.8853
418.1799
417.7902
417.8047
417.8393
417.8122
417.842
417.8431
417.7792
417.837
417.861
417.7935
417.8307
417.7858
417.7665
417.788
417.2266
418.0129
417.9421
417.9743
418.0253
417.9965
417.9704
418.0392
418.0179
417.9976
418.0018
418.0271
417.9586
417.9594
418.0252
417.9307
417.8901
417.9938
417.9745
417.9723
417.9557
417.0435
416.9616
417.0408
416.9625
417.0021
416.9348
416.9796
417.6698
417.664
417.6758
417.823
417.7315
417.7767
417.7571
417.7308
417.6902
417.7523
417.7649
417.7514
417.704
417.7955
417.6588
417.7432
417.7302
417.7308
417.7287
417.7018
417.7838
417.769
417.7807
417.7726
417.7759
417.7306
417.7354
417.777
417.8211
417.7787
417.7448
417.7726
417.7718
417.7928
417.7506
417.6824
417.7457
417.8132
417.7474
417.7589
417.7446
417.727
417.7685
417.7477
417.7303
417.7163
417.6303
417.6049
417.6331
417.7615
417.6748
417.7208
417.7486
417.7675
417.0357
417.0355
417.0083
417.0111
417.0337
417.0332
417.0479
417.0307
416.9946
417.0201
417.0073
416.966
416.9456
416.9465
416.9599
417.0157
417.0629
416.9868
416.9644
416.9993
417.0444
417.0597
416.9505
417.0026
417.0369
417.0252
416.9026
416.9566
417.0384
417.0366
416.9821
416.9879
416.9378
416.9004
416.9692
416.987
416.9374
416.9659
417.0067
416.9704
417.0265
417.0405
417.0079
417.023
416.923
416.9012
417.2618
417.3118
417.0316
417.0544
416.9813
417.0385
417.062
417.0481
417.074
417.0705
417.0295
417.0316
417.011
417.0977
417.0409
417.0476
416.9644
417.069
416.9623
416.9729
417.038
417.0023
417.046
417.0934
417.0522
417.0466
417.0277
417.0684
417.0135
416.9911
416.9493
416.9979
417.0272
417.0099
416.9926
417.011
416.9889
417.0101
416.9871
417.0397
416.2601
416.2696
416.2187
416.2798
416.2779
416.2405
416.2145
416.2165
416.2762
416.2173
416.2716
416.2335
416.2746
416.2799
416.1972
416.2137
416.1955
416.1622
416.1714
416.2121
416.2783
416.1736
416.2315
416.2791
416.2548
416.2151
416.2506
416.2133
416.1934
416.238
416.2789
416.2174
416.2032
416.2784
416.2591
416.2347
416.2166
416.1534
416.1936
416.2657
416.1905
416.2705
416.2364
416.2535
416.2347
416.2729
416.2283
416.2538
416.2335
416.207
416.2078
416.2528
416.2738
416.171
416.2743
416.2491
416.2229
416.213
416.2294
416.2615
416.2544
416.2796
416.1848
416.203
416.6787
416.776
416.7835
416.8491
416.798
416.7775
416.838
416.7715
416.7986
415.9962
416.0136
415.9924
416.0761
416.0156
416.0112
416.0088
415.9918
416.0138
415.9921
416.0462
416.0641
416.0251
415.987
416.0709
416.029
416.0466
416.0468
416.0047
416.0014
416.0266
415.989
415.9705
415.9921
416.0279
415.9645
415.9858
415.9704
416.0718
416.029
416.0341
415.9255
416.0297
416.0487
416.0002
415.8948
416.0236
415.9719
415.9408
415.942
416.0277
416.028
416.0013
415.8232
415.9671
415.9538
416.0252
415.9657
415.9921
416.0033
415.9657
416.0016
416.0622
416.045
416.0133
416.0273
416.0453
416.0461
415.9821
416.001
416.0323
415.942
415.9007
416.0293
416.0039
416.0008
416.0681
415.9892
415.9628
416.0366
416.024
415.9822
415.9821
416.0262
416.0254
415.9852
415.9811
415.9214
415.9874
416.0434
416.0118
416.0032
415.985
415.9232
415.9683
416.0047
415.9677
415.9411
416.002
416.0194
416.0448
415.9823
416.0226
416.0585
416.0034
416.0445
416.0217
416.0424
416.0396
415.9538
415.9944
416.0244
415.9005
415.9113
415.8829
416.0155
416.007
416.0692
416.0732
416.002
416.018
415.9843
415.6211
415.9701
415.9981
416.0108
415.2665
415.2648
415.2628
415.163
415.1584
415.2144
415.2141
415.2609
415.1763
415.252
415.2581
415.2193
415.1373
415.1772
415.2185
415.233
415.1991
415.2336
415.257
415.2599
415.1823
415.2478
415.2399
415.24
415.1991
415.2197
415.2609
415.1981
415.2248
415.2603
415.216
415.1982
415.2153
415.2609
415.2003
415.1946
415.2363
415.237
415.1454
415.1428
415.2307
415.2372
415.2196
415.1725
415.1968
415.2147
415.2176
415.1963
415.2588
415.2588
415.2749
415.1098
415.2081
415.2018
415.2475
415.2341
415.174
415.2564
415.2585
415.256
415.2134
415.1893
415.2564
415.2148
415.1482
415.193
415.2752
415.1946
415.1905
415.2299
415.2228
415.1847
415.2297
415.2254
415.2459
415.2282
415.2315
415.2272
415.2064
415.2126
415.1428
415.2101
415.1108
415.2064
415.0251
415.1287
415.1251
415.1553
415.1525
415.182
415.2106
415.2095
415.1812
415.188
415.2071
415.2261
415.2002
415.1832
415.1947
415.2204
415.2179
415.2353
415.2108
415.1792
415.2005
415.2018
415.2077
415.1638
415.1493
415.1341
415.1826
415.1996
415.2336
415.2059
415.0901
415.1774
415.197
415.1585
415.2114
415.1997
415.2151
415.1778
415.2109
415.2364
415.2569
415.2368
415.2119
415.2149
415.2569
415.2389
415.1793
415.135
415.1524
415.1763
415.2349
415.1541
415.1882
415.2152
415.1936
415.1673
415.1832
415.1379
415.2419
414.8543
414.2396
415.4341
415.3875
415.399
415.4022
415.4662
415.4696
415.3999
415.2779
414.3646
414.0819
414.0099
414.1003
413.9373
414.0277
414.0543
414.0635
414.0662
414.0266
414.0531
414.0922
414.028
413.9881
414.197
414.2248
414.1691
414.1472
414.1474
415.109
415.11
414.4617
414.5068
414.5187
414.528
414.4816
414.4322
414.4717
414.4205
414.4073
414.4332
414.407
414.3599
414.4248
414.4481
414.4495
414.4708
414.4027
414.425
414.4714
414.4919
414.42
414.4651
414.4223
414.3529
414.4413
414.4453
414.407
414.1743
414.1742
414.1707
414.136
414.1626
414.0923
414.1096
414.1606
414.1314
414.1088
413.1511
414.0428
414.1082
414.1935
414.1556
414.0614
414.1347
414.1029
414.0597
414.1277
414.0739
414.0536
414.1442
414.148
414.1719
414.1952
414.0522
414.1202
414.1253
414.0558
414.1512
414.148
414.151
414.1253
414.0785
414.1638
414.1863
414.0338
414.0799
414.1043
414.1516
414.196
414.1072
414.1725
414.0787
414.0552
414.0675
414.1263
414.1708
414.1406
414.0964
414.1
414.1
414.1456
414.0991
414.169
414.1866
414.1273
414.1458
414.1235
414.1358
414.056
414.0971
414.0495
414.1636
414.0948
414.0755
414.1683
414.1178
414.164
414.1134
414.0924
414.0985
414.1911
414.1154
414.0778
414.0424
413.5847
413.6202
413.6872
413.6585
413.6131
413.6568
413.61
413.6446
413.6266
413.6424
413.6674
413.6682
413.6476
413.6955
413.6295
413.6458
413.6649
413.6061
413.6265
413.6725
413.6632
413.6059
413.6047
413.623
413.6674
413.644
413.6465
413.6206
413.6409
413.6378
413.624
413.5147
413.6883
413.5978
413.6455
413.6662
413.6196
413.5951
413.6426
413.644
413.6631
413.626
413.6111
413.6432
413.595
413.6449
413.5677
413.6784
413.4981
413.5981
413.5717
413.6532
413.6436
413.5191
413.4503
413.3856
413.3563
413.291
413.3459
413.4449
413.3691
413.4391
413.3443
413.4467
413.4079
413.3665
413.4429
413.4346
413.4814
413.3908
413.3908
413.4586
413.3425
413.3386
413.454
413.3817
413.472
413.387
413.4102
413.4075
413.4762
413.4385
413.4342
413.4303
413.3559
413.426
413.4595
413.4342
413.3664
413.3612
413.3808
413.1189
413.1099
413.1586
413.1798
413.1377
413.1058
413.1109
413.1232
413.146
413.1461
413.038
412.8839
412.9389
412.8945
412.9355
412.9302
412.8428
412.9741
412.9571
412.9079
412.9762
412.9252
412.8637
412.9319
412.9586
412.9044
412.8174
412.9307
412.8864
412.8607
412.9088
412.8791
412.9046
412.9208
412.881
412.9268
412.912
412.923
412.9061
412.9057
412.8323
412.8579
412.6614
412.5699
412.6035
412.6503
412.6647
412.6035
412.6454
412.5317
412.6477
412.6014
412.612
412.5394
412.5798
412.6924
412.6467
412.6705
412.6004
412.6029
412.6265
412.6472
412.653
412.6631
412.5778
412.6335
412.6249
412.6499
412.5769
412.5783
412.5735
412.5542
412.6728
412.6028
412.6022
412.6656
412.5534
412.5243
412.6109
412.6396
412.5804
412.6722
412.6499
412.5988
412.649
412.6299
412.6393
412.5863
412.533
412.6204
412.5752
412.5783
412.688
412.5995
412.6576
412.5923
412.5958
412.6403
412.6458
412.6181
412.6618
412.6189
412.6105
412.6045
412.6695
412.6699
412.5977
412.6183
412.643
412.6042
412.5954
412.5946
412.5959
412.693
412.5988
412.6467
412.605
412.6659
412.6109
412.6434
412.6642
412.5338
412.5476
412.6292
412.6679
412.693
412.6219
412.5839
412.645
412.5975
412.5976
412.5985
412.5985
412.639
412.6176
412.6725
412.5741
412.6174
412.5748
412.6629
412.641
412.6217
412.5793
412.5967
412.642
412.6348
412.66
412.6235
412.6535
412.6466
412.5702
412.651
412.5995
412.6487
412.6056
412.6519
412.6235
412.6458
412.6661
412.6565
412.6227
412.6675
412.6221
412.6235
412.6227
412.6453
412.5891
412.5591
412.6159
412.5769
412.6844
412.6203
412.6435
412.6674
412.6222
412.6211
412.5723
412.5966
412.6906
412.6661
412.6638
412.5727
412.5739
412.5052
412.6883
412.6587
412.5283
412.62
412.6013
412.6903
412.618
412.6373
412.5256
412.5284
412.6893
412.6665
412.5616
412.6173
412.6902
412.643
412.621
412.5747
412.6399
412.5916
412.6674
412.5951
412.6174
412.5747
412.5886
412.5243
412.6178
412.6343
412.6351
412.5662
412.5888
412.5208
412.4998
412.5667
412.6365
412.4979
412.565
412.588
412.5886
412.6523
412.5609
412.5714
412.6582
412.5962
412.6459
412.6088
412.5616
412.6274
412.4938
412.6763
412.6554
412.6288
412.6064
412.5831
412.5624
412.5233
412.6025
412.5518
412.5921
412.5974
412.6444
412.6696
412.5986
412.5946
412.5267
412.6671
412.6458
412.4786
412.572
412.6621
412.6385
412.6378
412.621
412.6254
412.573
412.6207
412.5923
412.6148
412.5681
412.5984
412.6183
412.6401
412.6218
412.5715
412.6203
412.461
412.5722
412.6396
412.5444
412.5916
412.6093
412.6449
412.5492
412.5976
412.5979
412.6197
412.5463
412.6421
412.5957
412.4554
412.4751
412.5877
412.6641
412.5221
412.4773
412.6407
412.586
412.5934
412.5935
412.6354
412.5182
412.3339
412.3302
412.343
412.306
412.2907
412.3826
412.4485
412.4456
412.4233
412.3729
412.3957
412.4236
412.3367
412.3056
412.738
412.1286
412.1722
412.1906
412.1434
412.1879
412.0943
412.1573
412.0751
411.8961
411.9365
412.1317
412.098
412.2996
412.0378
411.5075
411.5353
411.4677
411.47
411.4241
411.482
411.4811
411.5232
411.4803
411.4104
411.4987
411.4719
411.4557
411.4549
411.4348
411.4787
411.4772
411.5015
411.4291
411.4522
411.4176
411.5254
411.4519
411.4783
411.476
411.4311
411.4311
411.1735
411.2828
411.2848
411.3234
411.2719
411.3041
411.2084
411.2794
411.2038
411.2742
411.2321
411.3237
411.2773
411.2312
411.3123
411.233
411.3026
411.2531
411.3026
411.2946
411.2054
411.2992
411.2396
411.3258
411.2965
411.2779
411.2069
411.2002
411.2252
411.2318
411.2771
411.2858
411.2773
411.2878
411.2387
411.2128
411.2419
411.2249
411.2078
411.2294
411.2251
411.1817
411.2002
411.2763
411.263
411.2465
411.2058
411.2152
411.2628
411.2534
411.2526
411.2542
411.2291
411.2722
411.236
411.2503
411.1676
411.2986
411.2292
411.2523
411.2405
411.2737
411.2467
411.1753
411.225
411.2692
411.1285
411.2711
411.2244
411.2475
411.2145
411.2702
411.2456
411.3145
411.2478
411.2934
411.3121
411.2718
411.2234
411.2438
411.2505
411.2699
411.2459
411.226
411.317
411.2503
411.1132
411.2217
411.9986
411.1535
411.1702
411.9515
411.0604
411.0418
411.2397
411.1042
411.7794
411.6872
411.6905
411.641
411.6259
411.541
411.5751
411.6971
411.6761
411.6018
411.6065
411.5503
411.6355
411.6577
411.5705
411.5798
411.6042
411.596
411.9011
411.583
411.5581
411.5245
411.4006
411.4276
411.4228
411.3913
411.4145
411.4391
411.3629
411.4731
411.5488
411.5431
411.4789
411.5009
411.5697
411.5469
411.6255
411.5735
411.5908
411.5676
411.5756
411.4711
411.5748
411.6084
411.4498
411.5168
411.5815
411.5241
411.4961
411.5892
411.5474
411.5694
411.4644
411.5167
411.57
411.4154
411.5428
411.5333
411.3197
411.4959
411.5719
411.5206
411.5685
411.5966
411.5739
411.4936
411.5819
411.4456
411.4297
411.9444
411.8079
411.1201
411.4938
411.129
411.1494
411.2575
410.3792
410.3235
410.4227
410.3882
410.3845
410.3853
410.302
410.3623
410.4056
410.4005
410.4048
410.3899
410.1789
410.9916
411.1016
410.7251
410.2664
410.3578
410.2472
410.3136
410.2641
410.208
410.1894
410.1452
410.1248
410.0287
410.081
410.1064
410.1796
410.1589
410.1857
410.1327
410.183
410.1272
410.0952
409.9449
410.0717
410.14
410.1945
410.1667
410.1134
410.0567
410.2031
410.0922
409.731
409.7551
409.7761
409.7449
409.7616
409.8275
409.8005
409.7992
409.7939
409.8222
409.7265
409.6922
409.851
409.678
409.7335
409.7396
409.8222
409.8504
409.8225
409.8234
409.7487
409.7717
409.7947
409.8416
409.769
409.7391
409.8138
409.8137
409.8102
409.7025
409.6853
409.7493
409.6411
409.7364
409.758
409.7544
409.7544
409.7589
409.7703
409.7584
409.8062
409.7853
409.7859
409.7072
409.7595
409.7985
409.7859
409.8092
409.7792
409.6885
409.8021
409.8383
409.746
409.8041
409.7574
409.7657
409.7972
409.7534
409.7873
409.8065
409.7161
409.7859
409.7813
409.7596
409.681
409.5216
409.7487
409.8375
409.8253
409.7332
409.7726
409.7774
409.7479
409.7516
409.7539
409.763
409.7055
409.7899
409.769
409.733
409.8094
409.7816
409.6786
409.7484
409.7484
409.7539
409.8132
409.7224
409.8039
409.7451
409.7327
409.7592
409.8271
409.7083
409.7539
409.81
409.7584
409.783
409.7594
409.8117
409.7319
409.7788
409.7587
409.801
409.8077
409.8075
409.772
409.8116
409.6863
409.7332
409.7827
409.7277
409.7506
409.6807
409.746
409.7953
409.7423
409.5961
409.8043
409.7581
409.7581
409.6779
409.7827
409.7545
409.729
409.6493
409.7556
409.7069
409.7724
409.7259
409.7439
409.7729
409.7343
409.8297
409.7312
409.7605
409.7321
409.8072
409.779
409.7461
409.735
409.7759
409.7794
409.6722
409.7388
409.711
409.7686
409.6949
409.7492
409.8016
409.8027
409.5901
409.7491
409.6947
409.6639
409.6976
409.7076
409.7451
409.8246
409.748
409.6967
409.5856
409.5948
409.6414
409.694
409.7209
409.7184
409.7163
409.6276
409.6067
409.6989
409.7014
410.583
409.3703
409.3908
409.2861
409.3223
409.2566
409.3925
409.3885
409.4136
409.3121
409.413
409.3868
409.309
410.0538
409.9616
409.3353
409.2605
409.2708
409.2808
409.4089
409.3647
409.3259
409.3526
409.2842
409.2841
409.3946
409.3812
409.5563
409.537
409.4689
409.5352
409.515
409.5232
409.5165
409.5896
409.5083
409.6746
409.7276
409.7063
409.7337
409.7005
409.7113
409.6847
409.7046
409.5749
409.5042
409.6143
409.6039
409.6432
409.5793
409.577
409.5833
409.502
409.6031
409.581
409.6539
409.6246
409.6044
409.5757
409.5383
409.5742
409.5742
409.5611
409.4697
409.3856
409.4028
409.4639
409.4763
408.7051
410.2411
410.3004
410.3284
410.123
410.0816
409.0419
409.071
409.0817
409.0595
409.1036
409.0118
408.9246
408.9197
408.3887
408.4838
408.4474
408.461
408.4278
408.3046
408.3292
408.4022
408.8439
408.7082
408.6088
408.5862
408.6539
408.6009
408.5723
408.6348
408.6869
408.7135
408.6385
408.5767
408.4914
408.579
408.4725
408.5272
408.3575
408.2487
408.3626
408.3716
408.3262
408.3317
408.369
408.3944
408.4251
408.3669
408.365
408.3965
408.3385
408.3235
408.0218
408.0061
408.032
408.012
408.0275
407.9388
408.0188
407.8735
407.9832
407.9515
407.9831
407.9754
407.9621
408.0344
408.037
407.8429
407.9143
408.0324
407.9508
407.9767
407.9768
407.955
407.9345
407.9237
407.9463
407.9631
407.9872
408.0109
407.9829
408.0357
408.0083
407.8903
407.9633
408.0024
408.0024
407.9499
407.9546
408.0109
407.9822
407.9541
407.8849
407.9593
407.9547
407.9783
407.9229
407.8381
407.9509
407.8961
407.9139
408.0359
407.9727
407.9482
407.8331
407.9738
407.9654
407.9426
407.938
407.9469
408.0303
408.0027
407.9171
407.9346
407.9288
407.8752
407.847
407.9751
407.8667
407.9158
407.9753
407.9743
407.9338
407.8781
407.944
407.8686
407.8215
407.8832
407.9474
407.8627
407.8944
407.7792
407.9297
407.889
407.8886
407.862
407.8572
407.8981
407.885
407.8961
407.8414
407.8917
407.7992
407.8533
407.9201
407.7778
407.8897
407.9104
407.8838
407.8245
407.8701
407.8427
407.7981
407.9038
407.872
407.8896
407.8214
407.8201
407.8509
407.7914
407.9056
407.9369
407.9355
407.8539
407.882
407.882
407.8338
407.8399
407.8622
407.8804
407.9012
407.8238
407.8232
407.8463
407.8238
407.8386
407.8025
407.8462
407.6499
407.7408
407.8062
407.7285
407.7354
407.7964
407.7816
407.704
407.7369
407.7294
407.8422
407.7984
407.7549
407.7254
407.6679
407.413
407.5736
407.6013
407.5804
407.6229
407.3922
407.5096
407.6031
407.547
407.5602
407.5384
407.5415
407.547
407.5496
407.509
407.5469
407.4735
407.4746
407.4621
407.5497
407.5981
407.5662
407.4337
407.5447
407.4376
407.5112
407.5846
407.5858
407.5669
407.6248
407.6299
407.631
407.5449
407.5418
407.5718
407.5594
407.596
407.4985
407.513
407.5339
407.5984
407.575
407.5497
407.4868
407.4974
407.5179
407.519
407.547
407.5455
407.4196
407.4706
407.6228
407.4628
407.505
407.5161
407.559
407.603
407.5749
407.5919
407.6251
407.5921
407.5955
407.5688
407.659
407.5426
407.5614
407.5468
407.5854
407.5468
407.571
407.5396
407.4933
407.5122
407.5386
407.5148
407.5361
407.5945
407.4288
407.5149
407.5617
407.6229
407.5989
407.5112
407.5617
407.5847
407.4854
407.5366
407.625
407.599
407.6157
407.619
407.5116
407.5533
407.5769
407.5374
407.5691
407.6193
407.5804
407.5956
407.4811
407.5189
407.5869
407.532
407.5281
407.5162
407.621
407.5652
407.5234
407.4914
407.4946
407.507
407.4974
407.5013
407.5074
407.3478
407.4035
407.4099
407.4096
407.4267
407.408
407.3901
407.2684
407.3269
407.4002
407.3085
407.4041
407.3626
407.3667
407.3074
407.2506
408.9583
409.0179
409.0021
409.0163
409.066
409.1411
409.0691
409.1409
409.0096
409.0704
408.9569
409.0649
409.0359
408.9651
409.0338
409.0685
409.0327
408.9962
408.9453
408.939
408.9382
409.02
408.8734
408.8376
408.7668
406.8327
406.812
406.8863
406.8036
406.8432
406.8857
406.9391
406.8053
406.7495
408.2654
408.0543
406.7794
406.7138
406.6483
406.6426
406.6414
406.7275
406.6663
406.7274
406.6692
406.7358
406.6013
406.7144
406.711
406.4947
406.4587
406.5219
406.4543
406.2403
406.3845
406.5155
406.405
406.3535
406.3976
406.5157
406.4424
406.4786
406.5063
406.4138
406.332
406.5162
406.4376
406.389
406.3433
406.3683
406.3781
406.4104
406.2822
406.2895
406.2988
406.1228
406.1545
406.1011
405.9894
405.9887
406.0317
405.8863
405.9082
405.9146
405.9705
406.0622
406.0177
406.0873
405.8311
405.7859
405.8463
405.6481
405.4778
405.5426
405.5036
405.6065
405.3598
405.5116
405.482
405.4457
405.2911
405.4161
405.4616
405.5245
405.5258
405.5063
405.5586
405.455
405.4821
405.5355
405.534
405.5556
405.5347
405.4785
405.3913
405.4102
405.4775
405.3034
405.4334
405.245
405.25
405.3373
405.375
405.3732
405.2008
405.2677
405.2975
405.3429
405.3451
405.3677
405.2948
405.2666
405.3401
405.401
405.2997
405.3695
405.2661
405.2867
405.2259
405.1611
405.2739
405.2953
405.3345
405.2971
405.3976
405.4015
405.3333
405.3666
405.3647
405.1605
405.2321
405.2691
405.3299
405.3336
405.2602
405.2563
405.3323
405.3334
405.3689
405.3101
405.2878
405.2511
405.3243
405.3101
405.4014
405.3664
405.3423
405.3326
405.299
405.2752
405.3341
405.282
405.3007
405.2692
405.2697
405.3285
405.2645
405.2751
405.3772
405.3733
405.3759
405.334
405.2448
405.2992
405.3687
405.4015
405.2606
405.1834
405.2602
405.2923
405.3232
405.1416
405.3393
405.2294
404.9247
404.7547
404.874
404.8631
404.8923
404.7873
404.7422
404.7799
404.8811
404.9222
404.7844
404.8899
404.8168
404.7937
404.6615
404.6903
404.4348
404.4474
404.5207
404.4239
404.4778
404.241
404.3228
404.4036
404.375
404.3598
404.4522
404.4088
404.4484
404.4668
404.4468
404.4123
404.4349
404.4066
404.4848
404.4461
404.451
404.3786
404.3831
404.3426
404.4129
404.4725
404.447
404.478
404.3793
404.4809
404.4106
404.4073
404.4104
404.3858
404.44
404.4789
404.4436
404.4793
404.4092
404.3712
404.3789
404.3797
404.4074
404.341
404.3553
404.3293
404.3755
404.1653
404.3029
404.3935
404.3058
404.401
404.3026
404.3743
404.271
404.4397
404.3057
404.4453
404.3407
404.3058
404.2939
404.4427
404.3832
404.4084
404.4453
404.2868
404.2909
404.2592
404.3137
404.3068
404.2928
404.3869
404.3997
404.3978
404.3651
404.4064
404.401
404.4737
404.4039
404.1947
404.3419
404.2865
404.3265
404.2615
404.3942
404.4696
404.329
404.3516
404.3295
404.328
404.4356
404.2716
404.3933
404.3413
404.3658
404.331
404.4107
404.3656
404.2255
404.331
404.3412
404.3145
404.2557
404.1516
404.2231
404.3078
404.325
404.3181
404.4109
404.4295
404.467
404.3626
404.3767
404.4421
404.4323
404.4651
404.3532
404.2903
404.4605
404.3929
404.4667
404.4321
404.3257
404.4323
404.4323
404.4413
404.3903
404.3966
404.362
404.2551
404.3629
404.4388
404.4304
404.348
404.3589
404.2949
404.2605
404.3028
404.391
404.3714
404.277
404.2006
404.3358
404.2423
404.3037
404.3459
404.3988
404.4582
404.3241
404.3806
404.117
403.9304
404.047
404.0829
404.1187
404.0376
404.1134
403.9448
404.011
404.1145
403.978
404.0123
404.0733
403.9405
403.8983
404.0864
404.0065
404.0123
403.9678
404.0039
403.9987
403.9227
404.0769
404.0067
404.0547
404.0742
404.0753
403.8681
404.047
404.0793
403.9682
404.0342
404.0753
403.8705
403.891
403.9828
404.0378
403.9414
404.0702
403.9775
403.9929
403.9234
404.0032
403.9851
403.7831
403.9016
404.0774
404.0612
403.9962
403.9242
403.9533
403.9908
404.058
404.0907
403.9451
403.9553
404.019
404.0004
403.9467
403.4633
403.4366
403.2457
403.2346
403.2515
403.3663
403.4406
403.4129
403.3616
403.456
403.4335
403.3635
403.3764
403.3633
403.33
403.3174
403.3651
403.3631
403.367
403.3681
403.4022
403.3681
403.4326
403.3666
403.2402
403.331
403.3616
403.3489
403.3617
403.3319
403.286
403.3401
403.4342
403.4347
403.2621
403.2228
403.3769
403.3701
403.395
403.4216
403.1907
403.0355
402.9448
403.1256
402.9992
403.0889
403.0788
403.0193
403.0583
402.9849
403.0232
403.0583
403.0905
403.0517
403.0884
402.989
403.1156
403.0027
403.0356
402.9289
403.0374
403.0027
403.0583
402.9545
403.0135
402.9966
402.9713
403.086
402.9615
403.0574
402.9545
403.0153
403.0354
402.9173
403.0027
402.9879
402.9561
403.0024
402.9798
402.9576
403.0193
403.0566
403.0482
402.9876
402.9874
402.9515
403.023
403.0695
402.9861
403.086
402.9199
403.0515
403.0382
403.0567
402.9195
402.9807
403.1232
403.0374
403.1276
403.0691
402.7451
402.9545
403.0756
403.0916
402.9545
403.0374
403.0718
403.0569
403.0236
403.0162
403.0603
403.0229
403.0354
402.9327
402.9792
403.0768
403.0156
403.058
403.0237
402.9879
402.9796
403.0813
402.9891
403.0865
402.7926
402.8618
403.0148
402.9192
403.0081
403.0864
402.9811
402.8989
402.9328
403.076
403.0558
402.9891
402.9929
402.9526
402.942
402.9549
403.093
403.093
403.0237
403.093
402.8822
402.9509
403.0845
403.0886
403.0215
403.0211
403.056
402.9529
403.0514
403.0201
403.0741
402.9633
402.9511
402.9215
403.0116
403.0883
403.0233
402.9787
403.0221
403.0203
403.0869
403.0913
402.9524
402.979
402.9777
403.0174
403.0565
403.1254
402.941
403.0218
403.1118
402.9857
402.9409
402.9429
403.0465
402.9847
402.8822
403.0185
403.0131
402.9652
403.0114
403.0493
403.0896
403.0197
402.9106
402.9849
403.0364
403.0488
403.0132
402.9651
403.0204
402.9498
403.0259
403.0086
402.9978
403.0829
402.9117
402.97
403.0076
403.0112
403.0429
403.0165
403.124
403.1235
402.9858
403.0204
403.0191
403.0892
403.0529
402.9821
402.9722
403.0493
402.989
403.0155
403.0841
403.0168
402.9243
403.002
402.9122
403.1064
403.0527
402.9842
403.0872
403.0677
403.0202
402.9847
403.0167
403.0506
402.976
402.8428
402.9854
402.9133
403.0812
402.9858
402.9895
403.1226
402.9408
403.055
402.9217
403.0145
403.0663
403.0871
403.0894
402.9269
402.8474
402.9858
402.9712
403.0016
403.0788
403.1237
403.0204
402.9688
403.0526
402.9405
402.9579
402.9864
402.9765
402.983
402.9269
402.9769
402.9166
402.9345
403.0656
402.8766
403.1125
403.0325
403.0156
403.0583
402.9633
403.0558
402.9211
402.8996
403.0103
402.915
403.0888
403.0156
403.002
403.1068
403.0168
403.0109
402.9477
402.9488
403.0487
403.0159
403.0896
402.9512
403.016
403.1008
403.0504
402.9845
402.9731
402.9394
403.058
402.9748
403.0887
402.9631
402.9502
403.0436
403.0441
402.9157
402.9485
402.9934
403.0379
402.855
402.8762
403.0062
403.0448
402.984
403.0077
402.9726
402.9721
402.8764
402.9339
403.0701
403.0432
403.0829
403.0433
402.9079
403.0149
402.9803
402.8078
402.9806
402.966
402.8551
403.0287
402.8761
402.9452
402.8483
402.8141
402.8906
402.9788
403.0147
402.9767
402.9125
402.9806
402.9791
402.9444
403.0484
402.9104
402.9804
402.9786
402.9114
402.8944
402.8978
403.0152
402.9406
402.9763
402.8747
402.8758
402.7688
402.8761
402.9375
402.946
402.9672
402.9081
402.8398
402.9486
402.817
402.7217
403.0442
402.9761
402.8747
402.963
402.9436
402.9767
403.0135
403.0097
402.9079
402.8339
402.8475
402.9691
402.8399
402.8515
402.7972
402.858
402.9754
402.8283
403.0203
402.9067
402.9403
402.9424
402.9044
403.0132
402.9765
402.9076
402.7606
402.975
402.8742
402.8097
402.923
402.942
402.9761
403.0417
402.9781
402.9406
402.9402
402.9049
403.0123
403.018
403.0409
402.9409
402.9413
402.939
402.905
402.9565
403.0114
403.0124
402.9724
402.9432
402.9432
402.9086
402.9421
402.8955
402.786
402.9264
402.916
402.8595
402.9234
402.8521
402.9122
403.0033
402.9265
402.8958
402.908
402.8888
402.9541
402.93
402.9667
403.0029
402.969
402.9201
402.9936
402.9949
402.859
402.9625
402.8091
402.8013
402.8646
402.5901
402.8867
402.932
402.9684
402.8425
402.8292
402.854
402.9222
402.8425
402.7576
402.7606
402.8821
402.9316
402.8298
402.9684
402.8298
402.899
402.958
402.7157
402.9965
402.7896
402.9005
402.7032
402.7452
402.8761
402.8389
402.8684
402.8605
402.8263
402.8506
402.8644
402.7939
402.7899
402.7415
402.8904
402.7847
402.7607
402.7197
402.7712
402.8286
402.8404
402.762
402.7941
402.8322
402.9356
402.8289
402.8913
402.7794
402.864
402.8344
402.8983
402.763
402.72
402.7512
402.8614
402.7361
402.8781
402.845
402.7374
402.8434
402.863
402.7561
402.7874
402.7859
402.8708
402.9063
402.7738
402.8633
402.8121
402.7573
402.8982
402.7722
402.8464
402.9228
402.9177
402.7869
402.7898
402.8327
402.8813
402.7878
402.8121
402.8137
402.7934
402.7175
402.7289
402.8444
402.7497
402.7346
402.7522
402.8785
402.7226
402.8284
402.8553
402.8275
402.7103
402.6557
402.7577
402.7595
402.8324
402.8904
402.7014
402.7918
402.8633
402.8287
402.8571
402.804
402.817
402.8972
402.9307
402.8502
402.7931
402.9112
402.8309
402.8929
402.8561
402.8622
402.6814
402.7379
402.8814
402.8127
402.8185
402.8466
402.8478
402.7786
402.8096
402.8414
402.7418
402.8
402.7039
402.8188
402.8767
402.9084
402.8426
402.8362
403.8886
403.855
402.6484
402.4775
402.5001
402.6664
402.6691
402.6351
402.6336
402.5577
402.1686
402.1089
402.0748
402.1026
402.0724
402.1345
402.0406
402.0992
402.0512
402.0453
402.0828
402.2507
402.2607
402.333
402.1675
401.5802
401.6389
401.4775
401.5678
401.6579
401.6335
401.5938
401.5847
401.5942
401.6231
401.4943
401.5963
401.6074
401.5881
402.9762
402.9505
402.8864
401.5895
401.7227
401.7136
401.6186
401.7436
401.6258
401.6473
401.6218
401.7405
401.7638
401.6452
401.6692
401.6819
401.6757
401.7111
401.713
401.6471
401.741
401.5729
402.5603
402.6853
402.7847
402.7572
402.7182
402.6249
402.6942
402.7048
402.6624
402.5373
402.5959
402.6584
401.4124
401.5473
401.6008
401.5487
401.5163
401.4833
401.5209
401.4565
401.5794
401.5819
401.5777
402.5203
402.6647
402.5553
402.6309
402.5175
402.4625
402.4563
402.5229
402.3131
402.2789
402.3656
402.2489
402.2803
402.1824
402.2982
402.2263
402.3157
402.2821
402.2014
401.1489
401.1836
401.1606
402.2182
402.0258
402.1239
402.1703
402.1724
402.0815
402.1221
402.0825
402.1156
402.0468
401.918
402.0899
401.9049
401.627
401.6222
401.4949
401.4405
401.545
401.5482
401.5463
401.5862
401.4773
401.4983
401.5867
401.5504
401.4299
401.5833
401.6222
401.5818
401.5096
401.4712
401.4209
401.4218
401.4756
401.646
401.6216
401.5768
401.471
401.5369
401.4673
401.4851
401.51
401.5482
401.611
401.5829
401.6648
401.5639
401.4696
401.572
401.5052
401.5027
401.5815
401.6201
401.5225
401.6261
401.3897
401.3956
401.4622
401.3872
401.3889
401.3889
401.5308
401.611
401.5822
401.4777
401.4655
401.5692
401.433
401.5016
401.4766
401.4849
401.5863
401.5185
401.456
401.5322
401.4918
401.2986
401.2328
401.2292
401.3048
401.2377
401.303
401.2393
401.262
401.3793
401.3023
401.1796
401.259
401.2986
401.2961
401.3714
401.1709
401.2001
401.2398
401.3789
401.2237
401.252
401.2497
401.3789
401.2562
401.3005
401.2215
401.2304
401.2419
401.3787
401.2623
401.3399
401.368
401.3773
401.3011
401.1575
401.2581
401.2543
401.2673
401.3008
401.2111
401.131
401.2101
401.1331
401.0756
401.0928
401.0609
401.0884
401.0308
401.0521
400.9895
401.0141
400.9994
400.8986
400.9333
400.9518
400.8861
401.0839
400.8725
401.0778
401.0229
400.9845
400.8255
400.9386
400.9052
400.9463
401.0268
401.0804
401.0268
401.0226
400.9492
401.0217
400.9469
401.0936
400.9105
400.8998
401.0831
400.988
401.0254
400.9876
401.0257
400.9789
400.8713
401.0248
401.0988
401.0656
400.8717
400.9668
400.928
400.9668
400.9042
400.9149
400.9845
400.9855
400.9438
400.9178
400.9467
401.0617
400.907
401.0208
400.9062
400.926
400.9959
401.0161
401.0956
401.0227
400.9852
400.984
400.9418
401.1019
401.0132
400.9855
400.9051
400.9432
400.9098
401.0128
400.9126
400.8932
401.0893
400.9926
401.0584
401.0598
400.9828
401.0606
400.9097
400.8206
400.9405
401.0945
400.9805
401.0573
400.9406
400.9601
400.9421
400.9803
400.8959
400.8556
400.8914
400.8923
400.9406
400.8941
401.0203
400.8884
400.7421
400.6606
400.6545
400.7064
400.7105
400.6135
400.649
400.531
400.6392
400.7166
400.7271
400.6502
400.6636
400.6791
400.6004
400.7232
400.7265
400.8404
400.7637
400.8025
400.8016
400.7247
400.8022
400.8
400.8356
400.7628
400.66
400.8364
400.7611
400.605
400.7215
400.6761
400.6654
400.7388
400.7862
400.6095
400.7253
400.4459
400.5569
400.6019
400.7543
400.6844
400.8354
400.7603
400.7224
400.7991
400.6707
400.7595
400.5307
400.5313
400.6833
400.7585
400.7816
400.7611
400.6779
400.6288
400.6613
400.6417
400.6582
400.6396
400.6997
400.6328
400.5538
400.4012
400.1329
400.3326
400.3644
400.2876
400.2324
400.316
400.2056
400.2017
400.1984
400.314
400.1616
400.1307
400.2461
400.3133
400.1738
400.1975
400.2056
400.2299
400.2671
400.3414
400.163
400.1986
400.2296
400.1242
400.163
400.3181
400.2758
400.312
400.2774
400.1975
400.0948
400.1238
400.1701
400.2784
400.1743
400.1212
399.9997
400.1991
400.2404
400.3155
400.312
400.1914
400.0927
400.2617
400.1986
400.3179
400.2002
400.1522
400.1309
400.1172
400.1255
400.1871
400.1977
400.3414
400.1966
400.1681
400.1591
400.1586
400.1515
400.1534
400.0908
400.0868
400.0405
400.1974
400.1931
400.14
400.192
400.2751
400.2791
400.2356
400.3339
400.3526
400.2009
400.3076
400.1984
400.1909
400.279
400.2789
400.2773
400.2
400.219
400.2859
400.1892
400.2053
400.1992
400.1954
400.2673
400.3111
400.1985
400.1628
400.2448
400.1799
400.2762
400.3477
400.3137
400.0968
400.2432
400.2847
400.2741
400.1945
400.0808
400.3047
400.3563
400.3563
400.2768
400.3278
400.2645
400.2778
400.2273
400.1881
400.0838
400.0443
399.9857
400.3545
400.1979
400.1409
400.2315
400.172
400.1726
400.1201
400.1449
400.3153
400.2893
400.2843
400.2274
400.1465
400.2181
400.2165
400.2223
400.1618
400.2006
400.1725
400.1877
400.2254
400.1993
400.235
400.2389
400.3106
400.1999
400.2676
400.2402
400.274
400.3531
400.2635
400.0762
400.1603
400.1833
400.2562
400.295
400.2337
400.2331
400.1219
400.0895
400.2656
400.1611
400.0833
400.2278
400.1103
400.2754
400.1342
400.0425
400.0385
400.0223
400.1183
400.0491
400.1744
400.2462
400.2916
400.2591
400.1448
400.0815
400.1612
400.1692
400.3437
399.9955
400.3062
400.2304
400.3047
400.2289
400.1512
400.0362
400.0123
400.2151
400.1938
400.1825
400.1059
400.2512
400.0664
399.99
399.9911
400.0275
400.1401
400.0987
400.1982
400.1747
400.2179
400.1027
400.0475
400.2096
400.1054
400.1559
400.082
400.0465
399.9462
400.0929
400.1896
400.136
400.0964
400.1231
400.0466
399.6014
399.5992
399.565
400.071
400.0583
400.0796
400.0568
400.0829
400.1201
400.1417
400.1176
400.0729
400.0813
400.0696
399.9253
400.0039
400.002
399.9552
400.0684
399.8447
400.042
400.0732
400.1523
400.1148
400.0762
399.9598
399.8465
399.922
399.9237
400.0402
399.9211
400.0339
400.1537
399.8611
400.0141
400.0748
400.0356
400.0376
400.0759
400.0838
400.1132
399.97
400.0161
400.0489
400.056
400.0036
399.9967
400.0707
400.1496
400.0724
399.9971
400.1512
400.0464
400.0298
400.0705
399.881
400.0032
399.8862
399.9922
400.0612
399.9578
399.9075
399.9191
400.0104
399.8955
399.9173
399.9574
399.9965
400.0698
399.9753
399.9816
399.9758
400.0704
399.9964
399.9521
399.9475
399.8021
399.956
399.9897
400.0951
399.8801
400.1141
400.1129
400.0071
399.96
399.9515
400.0252
399.9996
400.0957
399.9965
399.8694
399.9759
399.8271
399.7624
399.9174
400.0645
400.0851
400.1129
400.1134
400.1126
400.0652
400.1129
400.1141
400.1531
399.9967
400.0729
400.109
399.9492
400.0252
400.1497
400.074
399.9184
399.9209
400.0642
399.8806
399.8365
399.8564
399.9565
400.1013
399.9561
400.1138
399.9554
399.8926
400.1416
400.0124
400.03
399.9005
399.8548
400.0036
400.1225
400.1138
400.1132
400.1526
400.0417
400.0885
400.1119
399.9826
400.062
400.1128
400.0903
400.0312
400.0867
400.1126
400.1081
400.1028
400.0323
400.036
400.1525
400.0732
400.0354
400.0697
400.0873
400.0257
400.142
400.0727
400.1121
399.9301
399.8388
399.9171
400.0347
400.0904
399.996
400.1091
400.0712
400.0474
400.114
400.0297
399.958
399.9158
400.0277
400.0607
400.0719
399.9413
400.0448
400.0233
400.0224
400.0278
400.0351
400.0355
399.7971
400.0644
400.0237
400.0338
400.0732
399.9978
399.9283
399.8915
400.0515
399.9518
399.9702
400.1027
400.1081
400.0092
400.114
399.9439
400.0117
400.075
399.9957
399.9368
399.9163
399.8833
400.0042
400.0723
400.1113
400.1458
400.1513
400.114
400.0324
399.9523
400.1127
399.87
399.9564
399.9075
400.0722
399.9939
399.9514
400.0209
400.0103
399.9328
399.9957
400.0256
400.0343
400.0503
400.0453
399.9722
399.9323
400.0908
399.9616
399.8377
399.9316
399.9559
399.934
400.0509
400.1506
399.9553
399.951
400.1039
399.7604
399.8957
400.0136
400.0612
400.0296
399.9923
400.1509
400.1
399.9524
400.0264
400.0727
400.0329
399.9521
400.0291
399.7984
399.741
399.891
400.0105
400.0353
399.9126
400.0941
399.9513
400.11
400.0722
399.951
400.0339
399.9005
400.0303
400.0713
400.0103
400.0325
399.9559
400.0545
400.0829
400.1441
399.9859
399.9252
399.9069
399.8537
399.8189
399.8076
399.8362
399.8648
399.937
399.7715
399.5437
399.8865
399.7298
399.6919
399.8083
399.886
399.7681
399.8078
399.8463
399.8071
399.7213
399.7631
399.6785
399.8124
399.8457
399.7286
399.6116
399.8846
399.7273
399.7898
399.8032
399.7923
399.7603
399.8055
399.7649
399.6896
399.8039
399.7228
399.7308
399.753
399.8307
399.8083
399.8053
399.6881
399.8141
399.8187
399.8155
399.7359
399.57
399.6883
399.7061
399.7932
399.7033
399.8443
399.6646
399.6493
399.7929
399.6883
399.7892
399.8053
399.768
399.7203
399.5765
399.6184
399.7273
399.7088
399.6803
399.6859
399.7439
399.7874
399.7382
399.6073
399.6747
399.8006
399.7508
399.7947
399.7551
399.6883
399.8303
399.769
399.8396
399.7336
399.8418
399.7581
399.8442
399.6548
399.7582
399.7816
399.6862
399.8443
399.7246
399.817
399.8011
399.7818
399.7042
399.8298
399.8416
399.6083
399.5694
399.7259
399.7032
399.8306
399.7192
399.6454
399.6935
399.7584
399.7923
399.6724
399.7701
399.7441
399.7655
399.7991
399.8781
399.7234
399.7936
399.7234
399.7145
399.7955
399.8036
399.8407
399.8426
399.7778
399.8803
399.7648
399.8785
399.8423
399.5648
399.7334
399.8466
399.7602
399.7643
399.8419
399.7232
399.8333
399.7269
399.7655
399.7601
399.8326
399.7144
399.7137
399.8435
399.8814
399.762
399.798
399.6599
399.641
399.602
399.6828
399.8303
399.757
399.7854
399.7871
399.7006
399.7552
399.6996
399.7238
399.7389
399.6806
399.7449
399.6123
399.5721
399.6433
399.7235
399.6841
399.6069
399.6458
399.6871
399.6067
399.6467
399.6464
399.7256
399.6488
399.7227
399.5261
399.4881
399.7236
399.6014
399.7589
399.7243
399.6147
399.644
399.6878
399.5081
399.6547
399.7261
399.6472
399.5074
399.412
399.532
399.4697
399.4733
399.6445
399.7147
399.6457
399.7242
399.6943
399.6882
399.5683
399.5666
399.6385
399.6102
399.7259
399.6599
399.5422
399.536
399.6256
399.5255
399.5597
399.6825
399.7242
399.6647
399.6751
399.6882
399.7245
399.6469
399.6875
399.6606
399.6101
399.589
399.6767
399.6077
399.7651
399.6471
399.7272
399.6065
399.6279
399.6777
399.6417
399.6501
399.6881
399.6091
399.6581
399.7114
399.5711
399.5321
399.5774
399.5217
399.7271
399.6414
399.554
399.6977
399.5328
399.6613
399.6562
399.7393
399.6878
399.7271
399.6463
399.6342
399.6
399.6355
399.6372
399.6531
399.6605
399.5863
399.6465
399.5298
399.764
399.7191
399.555
399.6771
399.7421
399.6935
399.5321
399.6834
399.5847
399.6881
399.5686
399.6749
399.6881
399.5278
399.5747
399.6452
399.6432
399.5759
399.6764
399.6849
399.6348
399.6565
399.561
399.4797
399.4691
399.4602
399.6112
399.7321
399.5984
399.6422
399.6411
399.7181
399.6016
399.718
399.6136
399.7163
399.5974
399.7514
399.6543
399.6751
399.6374
399.6748
399.6717
399.5944
399.5896
399.9839
399.6974
399.6647
399.6229
399.5074
399.5818
399.6586
399.6102
399.5263
399.6958
399.6886
399.5749
399.4796
399.5327
400.274
399.8212
399.9256
399.8039
399.7193
399.9185
399.7978
399.7976
399.8748
399.6323
399.6212
399.7174
399.8008
399.6671
399.8678
399.386
399.6616
399.7203
399.7978
399.84
399.8789
399.5495
399.5923
399.6334
399.6745
399.7528
399.8544
399.9194
399.8365
399.7889
399.8109
399.739
399.5616
399.7297
399.78
399.8258
399.8734
399.7505
399.8587
399.7548
399.6294
399.6473
399.6967
399.7996
399.6742
399.8835
399.5825
399.5595
399.7379
399.7043
399.787
399.8692
399.8781
399.7024
399.8338
399.5977
399.7502
399.6387
399.5042
399.9408
399.907
400.0015
399.8602
399.8801
400.075
400.1609
400.1519
400.0951
400.0259
400.0663
400.048
400.2014
400.1292
400.0471
400.0297
400.2094
400.0261
400.0855
400.1355
400.1817
399.9242
400.0724
400.1148
400.1816
400.0104
400.1316
400.1861
400.1653
400.0074
400.0494
400.1374
399.952
400.1291
400.0605
400.1382
400.1816
400.0965
400.0501
400.1158
400.0922
400.0849
400.2164
400.1527
400.1368
400.0538
400.2025
400.1254
399.9511
399.9445
400.005
399.953
400.0436
400.0383
400.1267
399.9721
400.1693
400.1781
400.179
400.0894
400.0929
400.1936
400.028
400.222
400.1391
400.2209
400.1394
400.0074
400.114
399.9977
400.0272
399.9923
400.1759
400.137
400.0095
400.2124
400.1035
400.0064
400.0894
400.1285
400.0863
399.9631
400.0063
400.0277
400.0851
400.0676
400.174
400.0243
400.2081
400.0921
400.1104
400.0494
400.1618
399.9639
400.0854
399.9592
400.1289
400.0485
400.1083
400.1748
400.133
400.0228
400.1082
400.1303
399.9998
400.0477
400.1473
400.1309
400.1906
400.0887
400.1714
400.0012
399.872
399.6237
399.582
399.5401
399.5244
399.5326
399.5669
399.497
399.6037
399.4148
399.6203
399.536
399.5374
399.5854
399.6973
399.55
399.6614
399.4547
399.4438
399.4848
399.6018
399.6081
399.5867
399.4909
399.6178
399.5729
399.5753
399.6175
399.5783
399.3725
399.4821
399.619
399.4967
399.5789
399.6521
399.4489
399.524
399.615
399.5256
399.5928
399.6431
399.5671
399.5615
399.6297
399.7021
399.4935
399.6245
399.6155
399.4503
399.4431
399.6489
399.5331
399.6544
399.533
399.5829
399.5368
399.6611
399.6567
399.6343
399.5951
399.6176
399.6496
399.6982
399.6186
399.5344
399.6375
399.5873
399.4886
399.6554
399.4517
399.6175
399.6576
399.5353
399.5729
399.5425
399.5016
399.4476
399.3739
399.402
399.5263
399.6207
399.6243
399.4498
399.5726
399.6564
399.6132
399.567
399.6933
399.6286
399.439
399.5278
399.5735
399.5314
399.5424
399.4493
399.6119
399.6237
399.4857
400.1675
400.1075
400.1981
399.9468
400.0876
399.9785
400.1131
399.983
400.0363
399.9444
400.0247
400.0283
400.1464
400.1606
400.027
400.0067
400.2032
400.1176
400.1528
400.1538
399.7272
399.9012
400.0219
400.1954
400.0297
400.0438
400.2036
399.9878
400.1282
400.0823
399.9878
400.1172
400.174
400.1366
400.0743
399.9872
400.0229
400.0436
399.9459
400.0131
399.8738
400.0932
400.1238
400.0726
400.0669
400.1926
400.0963
399.9874
399.9474
399.9799
400.0651
400.0311
400.077
400.0684
399.9915
399.9929
400.074
400.1738
400.0262
400.0637
400.0822
400.0964
400.0292
400.0744
400.1176
400.0311
400.2041
400.1582
400.1163
400.0254
399.9327
399.9992
399.9772
400.0518
399.9738
400.0099
400.1177
400.0305
400.0744
400.16
400.0744
400.1998
400.0311
400.0476
399.9353
400.0818
400.1803
399.9428
400.0053
400.0199
399.981
400.0269
400.1071
399.9879
399.8856
400.072
400.0719
400.0231
399.961
400.0637
399.961
399.9483
400.0103
400.0806
400.0783
400.0696
400.1456
400.0712
400.1121
399.9867
400.2011
400.1144
399.9802
400.0165
400.0491
400.0473
400.0842
400.1141
400.093
400.1288
400.071
400.0208
400.0475
399.9853
400.0623
399.976
400.0729
400.0208
400.1448
400.2024
400.0799
400.1596
400.0822
400.0738
399.9833
400.0405
400.1997
399.8336
399.9223
399.9824
400.0599
400.0175
399.9337
399.94
400.0338
400.0647
400.1055
400.0602
400.0712
400.0163
400.0194
399.8531
399.8549
399.8977
400.0527
399.8975
400.1198
400.073
400.0883
399.8116
400.0444
399.9985
400.1877
400.0883
399.9973
400.0156
399.9071
400.0939
400.0714
400.0269
400.0852
399.9144
400.2005
400.1119
400.109
399.9818
400.0931
400.0714
400.1141
400.0379
399.9742
399.9415
400.0714
400.1123
399.9557
400.0744
400.0721
400.0803
399.9293
399.978
400.1451
399.9362
400.1616
399.9755
400.0238
400.0251
400.1147
400.0594
400.0711
399.9366
399.9298
400.049
399.8812
400.0607
400.0704
400.0607
400.0402
400.0174
400.0714
400.0272
400.1096
399.9327
399.9776
399.936
399.9294
400.0459
400.0685
399.8536
400.0131
400.0997
400.0681
400.0706
400.0281
400.1748
400.082
399.9803
400.1208
400.0388
400.1035
399.9865
400.1635
400.1106
400.045
400.1141
399.9823
400.0158
400.1103
400.026
399.9848
399.9709
400.0601
400.0063
400.0607
400.036
400.0628
400.0543
400.0053
399.9345
399.8116
399.9683
400.1638
400.0651
400.0714
400.2012
400.0714
399.9415
400.15
400.1075
400.0239
400.065
400.1142
400.1531
399.8483
399.9142
400.0257
400.0621
400.0272
399.993
400.1147
400.0607
400.1037
400.1464
400.08
400.1086
400.0678
400.2012
400.1969
400.025
400.0016
400.0359
400.135
399.9375
399.9369
400.1087
400.0638
400.1284
400.1564
400.114
399.9415
400.0147
400.0622
400.1392
400.11
400.0686
400.0672
400.1147
400.1019
400.1481
400.1326
400.097
400.0703
400.0714
399.7667
399.9392
400.1515
399.9415
400.1462
400.1124
400.0179
400.1693
399.9803
400.0763
400.0012
400.0877
400.0694
400.0588
400.1147
400.045
399.7001
400.0415
400.078
400.1512
400.1048
400.1399
400.1119
399.8109
400.1555
400.1553
399.9832
400.158
400.0272
400.071
400.0991
399.9391
399.9766
400.0905
400.1128
400.0836
400.0504
399.9567
400.0177
400.0409
400.0273
400.0585
400.1027
400.1495
400.0793
400.1024
399.9847
400.1114
400.1561
400.0213
400.0692
400.0229
400.1039
400.155
400.1064
400.1488
400.0278
400.102
400.129
400.1342
400.0662
400.1144
400.0271
400.0042
400.1658
400.0234
400.0165
399.9266
400.0698
399.897
399.9198
399.8513
399.9727
399.9408
399.8925
399.9845
400.0064
399.9905
399.9552
400.1564
400.1145
399.9414
399.9741
400.0525
400.0933
399.9691
400.1245
400.0704
400.0272
400.0259
400.0461
400.0154
400.1009
400.1135
400.1051
400.0266
400.0317
400.0849
400.1541
399.987
400.0232
399.9313
399.9834
400.0267
400.0884
400.035
400.1932
400.1518
399.996
399.9826
400.0602
400.045
399.9421
399.9308
400.1102
399.7816
400.0183
400.1042
400.0449
400.0678
399.9368
400.067
399.9821
399.968
400.1046
399.9841
400.08
400.0666
399.9402
400.1007
400.0279
400.0279
400.136
400.1143
400.0173
399.965
400.1127
400.1133
400.041
400.0685
400.1116
400.0594
400.0193
400.1982
400.1991
400.1134
400.201
400.0681
400.1159
400.1144
400.1569
400.0712
400.0268
400.08
400.183
399.9347
400.0446
400.0446
400.0712
399.9583
400.071
400.0706
400.1118
400.104
400.1185
400.1253
400.0277
400.0288
400.0123
399.9477
400.0103
400.0987
400.0556
400.1243
400.1762
399.9701
400.0359
400.0462
400.1544
400.1141
400.0826
400.0471
400.0187
400.0006
400.0867
400.0205
399.9338
400.0692
400.0707
400.0181
400.111
400.0709
400.1481
400.0557
400.122
399.9832
399.9254
400.0443
399.953
399.9616
399.8668
400.0187
400.1017
400.0333
400.1909
400.0611
400.0178
400.0386
399.9735
400.1067
400.0038
400.0571
400.0554
400.0736
400.0202
400.2184
400.0891
400.1408
400.1428
399.99
399.9838
399.8729
400.0033
400.087
400.0606
400.0965
399.9581
399.8798
399.9731
399.9274
399.7077
399.4549
399.6011
399.632
399.6977
399.5503
399.5572
399.6746
399.6261
399.7028
399.628
399.5429
399.5283
399.4546
399.6184
399.3748
399.5777
399.5261
399.3189
399.3251
399.3307
399.0399
399.0161
398.9685
399.0531
399.14
399.0578
398.9694
398.9639
399.0392
399.0516
398.965
399.0429
399.0345
398.8786
399.0032
398.9914
399.0461
399.0064
398.9592
398.9577
398.8257
398.963
399.0501
399.0585
398.8671
398.432
398.383
398.4516
398.4821
398.5052
398.4751
398.6054
398.5793
398.6486
398.6048
398.562
398.52
398.4335
398.4795
398.5729
398.4746
398.3023
398.4632
398.511
398.5911
398.6466
398.5499
398.5292
398.3759
398.492
398.476
398.4568
398.5069
398.548
398.5151
398.5445
398.3718
398.5419
398.4695
398.4994
398.4725
398.5763
398.4084
398.3324
398.571
398.5321
398.2432
398.1153
398.0369
398.1531
398.0904
398.0516
398.252
398.1293
398.0718
398.0328
398.2046
398.1051
398.1795
398.1008
398.2252
398.1822
398.1709
398.1221
398.0451
398.1571
398.0477
398.0731
398.0104
397.989
397.9587
397.7455
397.3624
397.2045
397.455
397.583
397.4156
397.3819
397.6255
397.5048
397.5515
397.488
397.4547
397.5097
397.3021
397.467
397.3679
397.3819
397.5264
397.4792
397.3522
397.518
397.4766
397.5732
397.518
397.4767
397.2777
397.4864
397.4815
397.4594
397.5242
397.5114
397.5237
397.6057
397.4239
397.0524
397.1266
397.1952
397.1371
397.0222
397.1147
397.2301
397.2458
397.2594
397.2565
397.3255
397.239
397.1548
397.0212
397.071
397.2326
397.2029
397.1936
397.2679
397.2821
397.2414
397.1262
397.265
397.3102
397.1111
397.3258
397.3062
397.1864
397.2698
397.1434
396.9944
397.0956
397.0572
397.1808
397.2768
397.2303
397.2316
397.0114
397.0215
396.9376
396.6834
396.6504
396.7953
396.6857
396.7658
396.55
396.5898
396.5465
396.6149
396.6586
396.5996
396.6755
396.6665
396.6367
396.6393
396.381
396.414
396.497
396.6696
396.7327
396.455
396.6524
396.6111
396.637
396.6387
396.7399
396.5494
396.5479
396.5233
396.5905
396.579
396.7134
396.6714
396.6387
396.5922
396.5521
396.5678
396.7579
396.5079
396.503
396.6954
396.677
396.7658
396.5916
396.6789
396.5904
396.499
396.5212
396.6889
396.5876
396.4249
396.413
396.4996
396.6018
396.5449
396.7048
396.5788
396.757
396.5442
396.4529
396.6537
396.5446
396.6664
396.7142
396.541
396.5017
396.7055
396.585
396.6985
396.5771
396.6716
396.68
396.6423
396.4871
396.6342
396.6515
396.7012
396.7068
396.687
396.6237
396.6235
396.4971
396.5611
396.5614
396.6979
396.6256
396.3563
396.5172
396.6583
396.5774
396.2762
396.519
396.703
396.5101
396.6274
396.5673
396.3637
396.1472
395.7922
396.1395
396.2046
396.2558
396.3899
396.2171
396.2593
396.2581
396.3221
396.2595
396.3457
396.2142
396.347
396.228
396.3007
396.1728
396.2487
396.2161
396.1684
396.2103
396.1448
396.3356
396.3026
396.2577
396.3379
396.2292
396.2575
396.1652
396.1334
396.2689
396.3182
396.124
396.1625
396.2318
396.2845
396.2822
396.2498
396.1886
395.598
395.5341
395.5938
395.6737
395.5756
395.7709
395.5576
395.6883
395.4334
395.5367
395.5426
395.682
395.6556
395.6536
395.7603
395.6965
395.7845
395.6095
395.7345
395.6502
395.6829
395.7367
395.7843
395.5825
395.5105
395.6547
395.725
395.6617
395.5721
395.6021
395.616
395.7435
395.787
395.6751
395.7418
395.4826
395.6148
395.554
395.5634
395.6586
395.5742
395.624
395.267
395.5614
395.5738
395.6494
395.6058
395.6791
395.7487
395.5687
395.5214
395.56
395.7453
395.6159
395.7806
395.6158
395.6608
395.4738
395.5276
395.5735
395.6176
395.7035
395.7559
395.4863
395.7335
395.746
395.615
395.5862
395.7319
395.7021
395.7021
395.7453
395.7582
395.6581
395.6967
395.6998
395.5976
395.6171
395.5334
395.6091
395.5262
395.7067
395.7121
395.6034
395.6387
395.3718
395.3257
395.322
395.4123
395.37
395.446
395.4134
395.4102
395.1247
395.3639
395.4989
395.325
395.4017
395.3269
395.4036
395.3708
395.501
395.1275
395.3711
395.3651
395.3672
395.4091
395.4096
395.4021
395.3613
395.4105
395.4517
395.3344
395.3163
395.4458
395.4233
395.4467
395.3181
395.3329
395.396
395.2297
395.3457
395.3764
395.2651
395.3973
395.3972
395.2313
395.3901
395.4004
395.2719
395.3189
394.7988
394.6622
394.8035
394.8342
394.8446
394.9138
394.7776
394.8713
394.7376
394.8234
394.7302
394.9569
394.8253
394.9442
394.9147
394.8281
394.8457
394.7787
394.7714
394.8455
394.7817
394.9024
394.6911
394.8281
394.8701
394.9112
394.8036
394.7597
394.7415
394.7384
394.758
394.8705
394.7707
394.8266
394.7909
394.7149
394.8244
394.7811
394.8069
394.8956
394.8673
394.884
394.8709
394.6544
394.8072
394.7834
394.7475
394.8271
394.8224
394.8258
394.7388
394.8485
394.7733
394.7914
394.5748
394.78
394.6913
394.6825
394.8023
394.799
394.8132
394.904
394.8104
394.8817
394.9201
394.7969
394.7472
394.5241
394.6266
394.7238
394.6662
394.7283
394.7672
394.8343
394.7466
394.7471
394.7635
394.6714
394.7484
394.7996
394.658
394.6608
394.8244
394.7768
394.7645
394.918
394.896
394.7238
394.7703
394.9074
394.8319
394.9212
394.767
394.7483
394.7672
394.8318
394.7916
394.705
394.8242
394.8341
394.832
394.8339
394.8769
394.7453
394.8322
394.8348
394.8537
394.586
394.8383
394.7998
394.7965
394.8362
394.7447
394.7788
394.7881
394.8316
394.791
394.8126
394.9185
394.8735
394.8243
394.8471
394.8343
394.7044
394.8266
394.8343
394.6608
394.8664
394.7893
394.7881
394.5924
394.9209
394.7469
394.704
394.7603
394.865
394.8287
394.5807
394.8089
394.6563
394.5892
394.8205
394.7882
394.7445
394.7892
394.6917
394.8776
394.7477
394.8131
394.8343
394.8331
394.8776
394.8343
394.7881
394.8733
394.6547
394.7028
394.8115
394.779
394.7352
394.7457
394.9186
394.9171
394.8313
394.6489
394.8888
394.8721
394.7396
394.7785
394.6549
394.8283
394.9136
394.7203
394.7023
394.8355
394.699
394.815
394.7878
394.786
394.7442
394.7196
394.9158
394.6968
394.8746
394.7432
394.7193
394.7942
394.698
394.7769
394.8173
394.7396
394.8593
394.8257
394.8644
394.7426
394.8385
394.7875
394.6974
394.7828
394.6994
394.7641
394.7625
394.9156
394.8232
394.7383
394.8302
394.8279
394.6971
394.782
394.8292
394.6848
394.9039
394.8741
394.7399
394.8487
394.5688
394.7364
394.787
394.8271
394.8303
394.8053
394.7784
394.7391
394.8106
394.6455
394.7239
394.8124
394.8523
394.4157
394.729
394.7852
394.8481
394.6997
394.7716
394.7013
394.6642
394.7652
394.5248
394.7325
394.737
394.6715
394.7352
394.7346
394.8256
394.7808
394.8193
394.7755
394.8289
394.7852
394.6918
394.7379
394.9127
394.9096
394.8702
394.8004
394.7993
394.7402
394.8695
394.9133
394.8857
394.7928
394.8602
394.7765
394.7753
394.5677
394.6221
394.7747
394.7414
394.6988
394.8284
394.7384
394.8397
394.8276
394.7421
394.7476
394.6369
394.832
394.774
394.7155
394.8163
394.6925
394.3931
394.619
394.688
394.624
394.5618
394.6302
394.7835
394.8245
394.6596
394.7581
394.8028
394.6543
394.6998
394.8116
394.7395
394.8028
394.6763
394.6551
394.7023
394.7863
394.8629
394.7338
394.8598
394.7816
394.5638
394.604
394.6186
394.6891
394.7065
394.7211
394.8947
394.6612
394.813
394.6513
394.7266
394.8143
393.829
394.4876
394.8247
394.9109
394.7537
394.7832
394.87
394.7813
394.8158
394.7546
394.8658
394.7776
394.781
394.697
394.8169
394.8244
394.74
394.7983
394.7926
394.781
394.8268
394.7776
394.7826
394.737
394.8442
394.6431
394.6962
394.8268
394.7383
394.7563
394.6949
394.7899
394.7324
394.7681
394.7311
394.9122
394.7819
394.87
394.6105
394.7832
394.7833
394.8256
394.8243
394.7573
394.8254
394.5976
394.718
394.7786
394.7051
394.8663
394.7834
394.8699
394.795
394.6698
394.7368
394.6526
394.7388
394.7039
394.8891
394.8261
394.739
394.7357
394.6505
394.7391
394.7704
394.8693
394.8841
394.8261
394.6531
394.8261
394.738
394.8245
394.649
394.7365
394.8677
394.7757
394.8177
394.8626
394.776
394.8183
394.7811
394.738
394.8241
394.8175
394.9111
394.7981
394.7118
394.6511
394.7664
394.7369
394.816
394.7762
394.775
394.7984
394.8003
394.7777
394.759
394.813
394.6743
394.6935
394.7794
394.8841
394.8223
394.6515
394.7033
394.7505
394.6506
394.8235
394.647
394.7263
394.6687
394.7696
394.8268
394.7429
394.784
394.8281
394.7836
394.8236
394.6611
394.8148
394.4828
394.74
394.7501
394.7826
394.8198
394.7825
394.7844
394.6707
394.8056
394.7838
394.6969
394.6237
394.4555
394.5571
394.6361
394.5689
394.6604
394.6132
394.4705
394.4468
394.4188
394.4042
394.6161
394.6522
394.6148
394.6791
394.5617
394.6205
394.706
394.7032
394.6414
394.7088
394.4034
394.5359
394.6414
394.5355
394.6841
394.6216
394.4821
394.5674
394.5115
394.5098
394.5107
394.6834
394.707
394.6214
394.666
394.5805
394.465
394.4672
394.579
394.6234
394.5919
394.6423
394.7463
394.6609
394.5509
394.618
394.5716
394.6935
394.6998
394.6593
394.6193
394.7053
394.6542
394.7024
394.576
394.5737
394.5058
394.579
394.4857
394.6135
394.6467
394.6192
394.5728
394.5161
394.4928
394.5406
394.6089
394.5289
394.4633
394.4387
394.5228
394.5722
394.6601
394.6556
394.569
394.6969
394.529
394.5717
394.6574
394.5429
394.4407
394.484
394.5887
394.4735
394.5822
394.5309
394.4297
394.5675
394.5222
394.5732
394.4121
394.4427
394.5798
394.4506
394.4104
394.495
394.5467
394.2762
394.442
394.3626
394.4193
394.3251
394.5811
394.4945
394.4706
394.4388
394.5241
394.433
394.5251
394.4845
394.4433
394.4848
394.3644
394.3478
393.8892
394.0094
393.9948
394.0135
394.952
394.8539
394.489
394.3113
394.4278
394.6773
394.7182
394.5151
394.5392
394.6481
394.619
394.5634
394.564
394.5652
394.5222
395.9375
394.7083
394.4319
394.6356
394.6803
394.6516
394.6073
394.6402