1199
2099
2997
3897
4796
5695
6594
7494
8394
9294
10194
11093
11992
12892
13792
14692
15591
16490
17389
18288
19188
20088
20988
21888
22788
23688
24588
25487
26386
27286
28185
29085
29984
30883
31782
32682
33582
34482
35382
36282
37182
38081
38980
39879
40779
41679
42579
43479
44377
45276
46174
47074
47973
48872
49772
50672
51572
52471
53370
54270
55170
56070
56969
57869
58769
59668
60567
61466
62366
63266
64165
65065
65963
66862
67762
68662
69562
70462
71360
72260
73160
74060
74959
75858
76758
77657
78556
79455
80355
81255
82154
83053
83953
84853
85753
86652
87550
88450
89349
90248
91147
92045
92944
93843
94741
95641
96541
97441
98340
99240
100139
101039
101938
102837
103737
104637
105537
106437
107336
108235
109135
110035
110933
111833
112733
113633
114533
115430
116328
117227
118126
119026
119925
120825
121725
122625
123523
124422
125321
126220
127118
128017
128916
129815
130714
131613
132512
133412
134312
135212
136111
137011
137911
138811
139710
140609
141507
142407
143306
144206
145106
146006
146906
147805
148705
149605
150505
151404
152303
153203
154103
155001
155901
156798
157698
158597
159497
160394
161291
162191
163090
163988
164888
165787
166686
167584
168484
169384
170283
171182
172081
172981
173881
174780
175679
176578
177477
178376
179276
180175
181075
181974
182874
183774
184674
185572
186472
187370
188269
189166
190065
190965
191864
192764
193662
194562
195462
196362
197262
198162
199062
199962
200862
201759
202658
203558
204458
205357
206257
207157
208056
208956
209855
210754
211653
212553
213452
214352
215252
216152
217052
217952
218851
219751
220650
221550
222450
223350
224250
225150
226049
226949
227848
228747
229647
230546
231446
232346
233246
234144
235043
235942
236842
237741
238641
239541
240441
241341
242240
243140
244040
244940
245839
246737
247634
248532
249432
250331
251231
252130
253030
253930
254830
255728
256627
257527
258426
259326
260223
261120
262020
262920
263819
264719
265619
266518
267418
268318
269217
270115
271013
271913
272813
273713
274612
275511
276410
277309
278208
279108
280008
280907
281805
282705
283605
284505
285404
286304
287204
288104
289004
289904
290802
291702
292602
293501
294401
295300
296200
297100
298000
298900
299799
300698
301597
302496
303396
304296
305196
306095
306995
307895
308794
309694
310594
311494
312394
313292
314191
315091
315991
316891
317791
318691
319591
320490
321389
322287
323186
324086
324984
325884
326783
327682
328581
329479
330379
331279
332178
333078
333978
334878
335776
336676
337574
338474
339374
340272
341171
342071
342970
343870
344770
345670
346570
347470
348370
349269
350168
351068
351965
352864
353764
354663
355562
356462
357360
358259
359158
360057
360956
361855
362755
363653
364552
365452
366350
367250
368150
369049
369949
370849
371749
372649
373549
374448
375347
376247
377147
378045
378944
379844
380743
381643
382543
383443
384342
385242
386141
387041
387941
388841
389740
390640
391540
392440
393340
394240
395138
396035
396935
397834
398732
399631
400531
401431
402330
403230
404127
405026
405924
406824
407724
408624
409522
410421
411320
412220
413119
414018
414916
415815
416712
417610
418509
419409
420308
421208
422107
423006
423904
424804
425703
426601
427500
428398
429298
430197
431097
431997
432897
433797
434697
435597
436497
437397
438297
439196
440095
440994
441894
442792
443692
444592
445492
446392
447291
448190
449089
449989
450889
451789
452689
453589
454488
455388
456288
457186
458085
458984
459884
460783
461683
462583
463483
464382
465281
466181
467080
467980
468879
469779
470678
471578
472477
473375
474274
475173
476071
476971
477870
478770
479670
480569
481469
482369
483267
484166
485065
485965
486864
487763
488661
489558
490458
491358
492257
493157
494057
494957
495856
496755
497654
498553
499452
500352
501252
502151
503050
503950
504849
505747
506646
507544
508444
509343
510243
511143
512043
512943
513841
514740
515640
516540
517440
518340
519240
520139
521039
521938
522837
523736
524636
525536
526434
527334
528234
529133
530031
530931
531830
532729
533629
534529
535429
536329
537229
538127
539026
539926
540825
541722
542622
543522
544422
545322
546221
547121
548021
548921
549821
550719
551619
552519
553418
554318
555217
556117
557017
557916
558816
559715
560615
561514
562414
563314
564214
565114
566013
566912
567810
568710
569609
570506
571406
572305
573205
574102
575002
575901
576801
577701
578601
579500
580400
581299
582198
583098
583998
584898
585798
586698
587598
588498
589398
590296
591196
592096
592996
593895
594794
595693
596592
597491
598390
599289
600189
601089
601989
602889
603788
604688
605588
606488
607387
608287
609187
610087
610984
611884
612784
613684
614584
615483
616383
617283
618183
619083
619982
620882
621782
622681
623581
624481
625379
626279
627178
628078
628977
629877
630777
631677
632576
633475
634372
635272
636172
637071
637971
638869
639768
640668
641568
642467
643366
644265
645165
646063
646962
647862
648762
649661
650561
651461
652361
653260
654160
655059
655955
656855
657755
658654
659554
660454
661354
662254
663154
664053
664953
665852
666751
667651
668550
669449
670349
671247
672146
673046
673945
674845
675743
676642
677541
678441
679340
680239
681139
682037
682937
683837
684737
685636
686533
687432
688331
689231
690131
691028
691927
692826
693726
694625
695525
696424
697322
698222
699122
700021
700920
701820
702720
703619
704518
705418
706316
707214
708114
709014
709913
710812
711710
712610
713508
714408
715308
716207
717106
718006
718906
719806
720706
721603
722503
723403
724303
725202
726100
727000
727898
728798
729698
730598
731498
732397
733296
734196
735095
735995
736895
737794
738694
739594
740494
741394
742294
743193
744092
744992
745891
746790
747690
748588
749487
750386
751285
752185
753083
753982
754880
755778
756677
757577
758477
759377
760277
761177
762077
762976
763875
764774
765674
766574
767473
768373
769273
770172
771068
771968
772867
773767
774667
775566
776466
777365
778265
779165
780065
780964
781864
782763
783663
784561
785459
786356
787256
788156
789056
789956
790853
791753
792652
793550
794450
795349
796249
797149
798047
798947
799846
800745
801643
802542
803442
804342
805242
806142
807042
807942
808840
809740
810640
811540
812440
813339
814239
815139
816039
816939
817839
818739
819637
820535
821434
822331
823231
824131
825031
825931
826831
827731
828631
829529
830428
831328
832227
833126
834026
834926
835826
836726
837626
838526
839424
840324
841224
842123
843023
843923
844823
845723
846623
847522
848422
849322
850222
851121
852021
852921
853821
854720
855620
856519
857418
858318
859215
860115
861014
861913
862813
863711
864611
865511
866411
867311
868211
869111
870010
870909
871808
872708
873608
874508
875407
876307
877207
878105
879004
879902
880801
881701
882601
883498
884398
885297
886197
887092
887992
888892
889791
890691
891591
892489
893387
894286
895186
896086
896984
897883
898783
899681
900581
901481
902380
903279
904178
905077
905976
906874
907773
908673
909573
910473
911372
912272
913172
914071
914968
915866
916763
917662
918562
919462
920362
921262
922161
923060
923960
924860
925760
926660
927559
928459
929359
930259
931158
932056
932956
933856
934756
935655
936554
937454
938354
939254
940152
941052
941951
942851
943750
944648
945547
946445
947344
948244
949142
950038
950938
951837
952737
953636
954535
955434
956334
957233
958133
959033
959933
960833
961733
962632
963531
964429
965329
966229
967129
968029
968928
969828
970728
971627
972527
973427
974327
975227
976127
977027
977926
978826
979726
980624
981524
982423
983323
984223
985123
986022
986922
987822
988722
989622
990521
991420
992319
993219
994117
995013
995912
996812
997712
998611
999511
1000409
1001308
1002207
1003106
1004006
1004905
1005805
1006705
1007604
1008504
1009402
1010301
1011201
1012101
1013001
1013899
1014799
1015698
1016598
1017497
1018396
1019296
1020195
1021095
1021990
1022888
1023787
1024686
1025586
1026485
1027384
1028284
1029183
1030081
1030980
1031879
1032776
1033676
1034573
1035472
1036372
1037270
1038170
1039069
1039969
1040868
1041767
1042666
1043565
1044465
1045365
1046265
1047164
1048064
1048964
1049863
1050762
1051661
1052560
1053459
1054357
1055255
1056153
1057053
1057952
1058852
1059750
1060650
1061550
1062448
1063348
1064246
1065145
1066045
1066945
1067844
1068743
1069643
1070543
1071441
1072341
1073240
1074140
1075040
1075940
1076840
1077740
1078640
1079539
1080439
1081339
1082239
1083139
1084039
1084939
1085839
1086736
1087633
1088531
1089429
1090327
1091227
1092127
1093027
1093926
1094826
1095725
1096625
1097525
1098424
1099323
1100222
1101122
1102022
1102922
1103822
1104721
1105621
1106519
1107419
1108317
1109217
1110116
1111016
1111915
1112813
1113713
1114612
1115512
1116410
1117309
1118207
1119107
1120007
1120907
1121805
1122705
1123605
1124503
1125402
1126301
1127200
1128100
1129000
1129897
1130797
1131697
1132597
1133493
1134393
1135293
1136193
1137092
1137991
1138890
1139788
1140687
1141584
1142484
1143384
1144283
1145182
1146080
1146980
1147878
1148778
1149678
1150576
1151475
1152374
1153274
1154172
1155072
1155972
1156870
1157770
1158669
1159569
1160468
1161368
1162268
1163167
1164067
1164967
1165865
1166764
1167663
1168562
1169461
1170360
1171259
1172156
1173056
1173956
1174855
1175755
1176655
1177555
1178453
1179353
1180252
1181152
1182052
1182952
1183851
1184750
1185650
1186550
1187449
1188349
1189248
1190148
1191048
1191948
1192847
1193746
1194646
1195545
1196445
1197345
1198242
1199142
1200041
1200941
1201838
1202737
1203636
1204535
1205435
1206334
1207233
1208133
1209031
1209929
1210829
1211729
1212628
1213527
1214427
1215327
1216227
1217127
1218026
1218926
1219825
1220725
1221623
1222522
1223422
1224322
1225221
1226120
1227019
1227917
1228817
1229716
1230615
1231514
1232412
1233312
1234211
1235111
1236010
1236910
1237807
1238706
1239606
1240506
1241406
1242306
1243206
1244105
1245002
1245900
1246798
1247698
1248597
1249495
1250393
1251292
1252192
1253091
1253991
1254889
1255788
1256687
1257586
1258486
1259385
1260284
1261184
1262084
1262980
1263880
1264780
1265679
1266578
1267477
1268376
1269274
1270173
1271072
1271971
1272869
1273768
1274667
1275564
1276462
1277362
1278260
1279160
1280060
1280958
1281858
1282756
1283656
1284556
1285456
1286355
1287252
1288150
1289050
1289950
1290850
1291750
1292648
1293547
1294447
1295345
1296244
1297143
1298043
1298943
1299841
1300738
1301638
1302538
1303437
1304336
1305236
1306134
1307033
1307933
1308833
1309733
1310632
1311532
1312431
1313329
1314229
1315128
1316027
1316926
1317824
1318723
1319623
1320522
1321422
1322321
1323220
1324117
1325016
1325915
1326815
1327715
1328615
1329513
1330412
1331312
1332210
1333109
1334009
1334909
1335807
1336705
1337603
1338503
1339403
1340303
1341201
1342100
1342999
1343897
1344797
1345697
1346596
1347496
1348396
1349296
1350196
1351095
1351993
1352892
1353791
1354690
1355587
1356487
1357387
1358286
1359184
1360084
1360983
1361881
1362781
1363681
1364580
1365480
1366379
1367278
1368177
1369076
1369976
1370875
1371775
1372675
1373574
1374473
1375373
1376272
1377172
1378072
1378970
1379869
1380768
1381668
1382568
1383466
1384365
1385265
1386164
1387064
1387962
1388862
1389762
1390662
1391561
1392459
1393358
1394257
1395156
1396055
1396951
1397851
1398749
1399648
1400547
1401447
1402345
1403243
1404140
1405040
1405940
1406839
1407738
1408638
1409536
1410436
1411335
1412234
1413134
1414034
1414934
1415834
1416734
1417633
1418533
1419432
1420332
1421230
1422130
1423029
1423927
1424826
1425725
1426625
1427525
1428424
1429324
1430224
1431124
1432022
1432922
1433819
1434718
1435616
1436516
1437415
1438315
1439214
1440114
1441013
1441910
1442809
1443708
1444607
1445507
1446407
1447307
1448207
1449107
1450007
1450905
1451805
1452705
1453605
1454503
1455403
1456303
1457202
1458102
1459000
1459899
1460799
1461699
1462599
1463499
1464399
1465299
1466199
1467099
1467999
1468899
1469799
1470696
1471596
1472495
1473394
1474294
1475191
1476089
1476989
1477887
1478785
1479685
1480583
1481482
1482382
1483281
1484180
1485079
1485977
1486877
1487777
1488677
1489577
1490473
1491373
1492273
1493171
1494070
1494967
1495867
1496767
1497666
1498566
1499464
1500364
1501264
1502164
1503064
1503964
1504863
1505763
1506662
1507562
1508460
1509359
1510259
1511157
1512057
1512956
1513855
1514755
1515654
1516554
1517453
1518352
1519250
1520147
1521047
1521947
1522847
1523746
1524646
1525544
1526442
1527341
1528240
1529140
1530040
1530939
1531838
1532735
1533635
1534533
1535431
1536331
1537230
1538129
1539027
1539927
1540824
1541723
1542620
1543519
1544418
1545318
1546218
1547118
1548017
1548916
1549816
1550714
1551612
1552512
1553408
1554307
1555207
1556107
1557007
1557906
1558806
1559706
1560604
1561501
1562401
1563301
1564200
1565100
1565999
1566898
1567797
1568697
1569597
1570497
1571395
1572294
1573194
1574094
1574993
1575892
1576792
1577692
1578591
1579491
1580391
1581291
1582191
1583089
1583988
1584888
1585788
1586688
1587588
1588488
1589387
1590287
1591187
1592086
1592986
1593885
1594785
1595684
1596583
1597480
1598380
1599279
1600179
1601077
1601975
1602873
1603773
1604672
1605570
1606467
1607367
1608266
1609164
1610064
1610962
1611862
1612761
1613660
1614560
1615460
1616360
1617258
1618156
1619053
1619953
1620852
1621752
1622652
1623551
1624450
1625349
1626248
1627146
1628046
1628944
1629841
1630739
1631638
1632537
1633437
1634337
1635237
1636137
1637037
1637936
1638833
1639733
1640632
1641532
1642432
1643332
1644229
1645128
1646027
1646925
1647824
1648724
1649624
1650524
1651424
1652324
1653224
1654123
1655021
1655920
1656819
1657717
1658616
1659515
1660415
1661314
1662214
1663114
1664014
1664912
1665812
1666711
1667610
1668509
1669409
1670309
1671209
1672108
1673007
1673905
1674804
1675703
1676602
1677500
1678399
1679299
1680199
1681098
1681997
1682894
1683794
1684694
1685593
1686491
1687391
1688290
1689190
1690089
1690986
1691886
1692783
1693683
1694581
1695481
1696379
1697278
1698178
1699078
1699974
1700874
1701773
1702673
1703572
1704471
1705369
1706269
1707169
1708069
1708968
1709868
1710766
1711666
1712566
1713466
1714366
1715266
1716165
1717065
1717965
1718864
1719763
1720663
1721563
1722462
1723361
1724260
1725157
1726057
1726957
1727857
1728754
1729653
1730551
1731451
1732349
1733248
1734147
1735046
1735945
1736845
1737744
1738643
1739543
1740443
1741342
1742241
1743140
1744039
1744937
1745837
1746734
1747632
1748528
1749428
1750327
1751226
1752125
1753022
1753921
1754821
1755721
1756621
1757520
1758420
1759320
1760219
1761119
1762019
1762918
1763816
1764716
1765615
1766512
1767410
1768309
1769208
1770108
1771008
1771907
1772806
1773706
1774606
1775506
1776406
1777305
1778205
1779104
1780003
1780902
1781802
1782702
1783601
1784498
1785397
1786296
1787196
1788096
1788995
1789893
1790792
1791692
1792592
1793492
1794390
1795288
1796187
1797085
1797983
1798883
1799781
1800681
1801580
1802479
1803378
1804276
1805175
1806073
1806973
1807872
1808770
1809669
1810568
1811468
1812368
1813268
1814168
1815067
1815967
1816867
1817767
1818666
1819562
1820461
1821361
1822261
1823161
1824061
1824961
1825860
1826760
1827660
1828559
1829459
1830357
1831257
1832157
1833057
1833956
1834855
1835755
1836654
1837553
1838453
1839351
1840251
1841150
1842050
1842950
1843848
1844747
1845647
1846546
1847445
1848345
1849244
1850143
1851039
1851938
1852837
1853737
1854635
1855535
1856434
1857332
1858231
1859131
1860031
1860931
1861830
1862729
1863629
1864529
1865428
1866327
1867227
1868126
1869022
1869921
1870820
1871720
1872620
1873520
1874419
1875319
1876219
1877119
1878018
1878917
1879816
1880715
1881615
1882515
1883415
1884315
1885214
1886112
1887012
1887912
1888810
1889710
1890608
1891507
1892405
1893305
1894205
1895105
1896005
1896905
1897804
1898704
1899602
1900502
1901402
1902302
1903200
1904099
1904998
1905898
1906797
1907696
1908594
1909494
1910393
1911292
1912191
1913091
1913991
1914890
1915790
1916688
1917587
1918487
1919386
1920286
1921186
1922086
1922986
1923885
1924785
1925684
1926584
1927484
1928383
1929283
1930182
1931082
1931982
1932882
1933781
1934680
1935580
1936480
1937380
1938279
1939179
1940079
1940978
1941877
1942777
1943675
1944575
1945472
1946372
1947272
1948171
1949071
1949970
1950870
1951770
1952670
1953569
1954468
1955367
1956265
1957165
1958063
1958961
1959860
1960760
1961659
1962559
1963459
1964358
1965256
1966153
1967053
1967953
1968853
1969751
1970649
1971548
1972446
1973342
1974242
1975139
1976037
1976934
1977833
1978732
1979632
1980530
1981430
1982329
1983229
1984128
1985028
1985928
1986825
1987723
1988623
1989522
1990421
1991321
1992219
1993115
1994013
1994912
1995812
1996710
1997609
1998508
1999408
2000307
2001206
2002104
2003003
2003903
2004801
2005701
2006600
2007500
2008400
2009300
2010199
2011098
2011997
2012897
2013794
2014694
2015594
2016494
2017390
2018288
2019187
2020086
2020986
2021884
2022784
2023684
2024584
2025482
2026381
2027279
2028177
2029077
2029977
2030877
2031777
2032677
2033577
2034477
2035375
2036274
2037174
2038074
2038973
2039872
2040772
2041672
2042572
2043472
2044370
2045269
2046169
2047067
2047966
2048866
2049764
2050663
2051563
2052462
2053361
2054259
2055159
2056059
2056958
2057858
2058758
2059657
2060556
2061455
2062355
2063255
2064155
2065054
2065953
2066852
2067750
2068650
2069549
2070449
2071347
2072246
2073145
2074045
2074945
2075843
2076742
2077642
2078540
2079437
2080337
2081235
2082134
2083034
2083934
2084833
2085731
2086630
2087529
2088427
2089327
2090227
2091126
2092026
2092926
2093825
2094724
2095623
2096522
2097421
2098320
2099219
2100119
2101019
2101918
2102818
2103717
2104616
2105515
2106414
2107314
2108214
2109114
2110014
2110914
2111811
2112710
2113609
2114506
2115404
2116302
2117200
2118100
2118998
2119897
2120797
2121697
2122597
2123495
2124392
2125292
2126190
2127090
2127988
2128887
2129786
2130686
2131586
2132484
2133384
2134284
2135183
2136081
2136981
2137881
2138781
2139681
2140579
2141479
2142377
2143276
2144176
2145076
2145975
2146875
2147774
2148673
2149572
2150472
2151372
2152271
2153171
2154071
2154970
2155870
2156770
2157670
2158568
2159468
2160367
2161267
2162167
2163067
2163967
2164866
2165765
2166665
2167564
2168464
2169362
2170262
2171162
2172061
2172961
2173861
2174761
2175661
2176560
2177460
2178360
2179260
2180159
2181057
2181957
2182856
2183756
2184655
2185555
2186453
2187352
2188251
2189150
2190047
2190945
2191845
2192743
2193643
2194543
2195442
2196342
2197242
2198141
2199040
2199940
2200839
2201738
2202638
2203536
2204435
2205335
2206235
2207134
2208033
2208930
2209828
2210727
2211626
2212526
2213425
2214324
2215224
2216121
2217021
2217920
2218819
2219718
2220618
2221518
2222416
2223316
2224216
2225115
2226014
2226914
2227812
2228711
2229610
2230508
2231408
2232308
2233208
2234107
2235007
2235905
2236805
2237705
2238604
2239504
2240402
2241302
2242202
2243100
2243999
2244897
2245797
2246696
2247596
2248495
2249395
2250295
2251194
2252093
2252993
2253893
2254789
2255689
2256589
2257489
2258389
2259288
2260188
2261088
2261988
2262887
2263785
2264685
2265582
2266482
2267380
2268279
2269178
2270078
2270977
2271877
2272776
2273676
2274575
2275473
2276373
2277271
2278170
2279070
2279969
2280868
2281768
2282667
2283567
2284465
2285364
2286263
2287162
2288061
2288959
2289857
2290757
2291656
2292556
2293453
2294352
2295250
2296150
2297047
2297946
2298845
2299745
2300642
2301542
2302442
2303340
2304240
2305140
2306039
2306936
2307836
2308735
2309635
2310533
2311431
2312330
2313229
2314129
2315029
2315927
2316825
2317725
2318624
2319522
2320421
2321320
2322220
2323120
2324020
2324919
2325818
2326716
2327615
2328514
2329413
2330312
2331212
2332111
2333009
2333909
2334808
2335708
2336607
2337506
2338404
2339304
2340202
2341100
2342000
2342900
2343799
2344699
2345599
2346497
2347396
2348293
2349192
2350090
2350988
2351888
2352787
2353686
2354584
2355483
2356380
2357279
2358179
2359078
2359976
2360876
2361775
2362675
2363575
2364475
2365375
2366274
2367173
2368072
2368971
2369871
2370770
2371670
2372568
2373467
2374367
2375266
2376165
2377064
2377962
2378861
2379759
2380658
2381557
2382456
2383356
2384255
2385152
2386051
2386951
2387851
2388750
2389650
2390549
2391449
2392349
2393245
2394144
2395044
2395942
2396842
2397740
2398640
2399539
2400439
2401339
2402238
2403138
2404038
2404938
2405837
2406736
2407634
2408534
2409434
2410333
2411232
2412128
2413027
2413926
2414826
2415726
2416624
2417524
2418424
2419324
2420224
2421124
2422024
2422924
2423823
2424723
2425623
2426523
2427422
2428321
2429220
2430119
2431017
2431917
2432817
2433717
2434616
2435515
2436414
2437314
2438214
2439113
2440011
2440910
2441807
2442707
2443606
2444506
2445403
2446300
2447200
2448100
2448999
2449898
2450798
2451697
2452596
2453496
2454396
2455296
2456196
2457091
2457990
2458890
2459787
2460687
2461587
2462486
2463385
2464283
2465183
2466083
2466982
2467879
2468779
2469678
2470577
2471477
2472372
2473272
2474171
2475071
2475971
2476870
2477770
2478669
2479566
2480464
2481363
2482260
2483160
2484060
2484960
2485860
2486760
2487659
2488557
2489456
2490355
2491255
2492153
2493050
2493948
2494846
2495743
2496641
2497541
2498440
2499338
2500238
2501138
2502038
2502937
2503837
2504736
2505635
2506535
2507434
2508333
2509232
2510131
2511031
2511931
2512831
2513729
2514629
2515529
2516426
2517326
2518225
2519125
2520023
2520923
2521822
2522721
2523619
2524519
2525417
2526316
2527215
2528112
2529012
2529911
2530811
2531710
2532610
2533509
2534406
2535306
2536205
2537104
2538003
2538903
2539801
2540700
2541599
2542499
2543396
2544295
2545193
2546093
2546993
2547892
2548792
2549692
2550592
2551492
2552392
2553292
2554191
2555091
2555990
2556889
2557789
2558689
2559589
2560489
2561386
2562286
2563185
2564084
2564984
2565884
2566782
2567679
2568579
2569479
2570379
2571279
2572178
2573078
2573977
2574875
2575773
2576672
2577571
2578470
2579368
2580266
2581166
2582066
2582965
2583865
2584765
2585665
2586564
2587464
2588364
2589263
2590163
2591062
2591962
2592858
2593757
2594657
2595556
2596454
2597354
2598253
2599153
2600051
2600950
2601849
2602745
2603645
2604544
2605444
2606344
2607243
2608140
2609040
2609940
2610840
2611739
2612636
2613535
2614434
2615334
2616233
2617131
2618031
2618931
2619830
2620729
2621629
2622528
2623428
2624326
2625225
2626125
2627025
2627924
2628824
2629723
2630623
2631522
2632421
2633320
2634220
2635118
2636018
2636918
2637816
2638716
2639616
2640513
2641411
2642310
2643209
2644109
2645008
2645906
2646805
2647703
2648602
2649501
2650400
2651299
2652198
2653096
2653994
2654892
2655790
2656690
2657590
2658490
2659389
2660289
2661188
2662088
2662987
2663886
2664786
2665686
2666585
2667485
2668385
2669285
2670185
2671083
2671981
2672881
2673781
2674680
2675579
2676479
2677377
2678277
2679175
2680072
2680968
2681867
2682766
2683666
2684565
2685465
2686364
2687263
2688163
2689062
2689962
2690862
2691761
2692661
2693560
2694459
2695359
2696258
2697157
2698057
2698956
2699854
2700754
2701653
2702552
2703452
2704351
2705251
2706151
2707051
2707949
2708848
2709747
2710647
2711547
2712447
2713347
2714246
2715146
2716046
2716945
2717842
2718741
2719640
2720539
2721438
2722337
2723237
2724137
2725037
2725935
2726835
2727735
2728634
2729533
2730432
2731328
2732225
2733124
2734022
2734921
2735820
2736719
2737617
2738517
2739417
2740316
2741213
2742113
2743012
2743911
2744811
2745710
2746609
2747509
2748409
2749309
2750207
2751105
2752004
2752900
2753797
2754697
2755597
2756497
2757397
2758297
2759197
2760096
2760996
2761895
2762794
2763694
2764593
2765493
2766390
2767290
2768190
2769090
2769988
2770886
2771785
2772683
2773582
2774482
2775381
2776281
2777181
2778080
2778979
2779878
2780777
2781676
2782573
2783473
2784373
2785272
2786169
2787068
2787967
2788867
2789767
2790666
2791565
2792464
2793363
2794263
2795163
2796062
2796962
2797862
2798761
2799661
2800559
2801458
2802358
2803257
2804154
2805054
2805951
2806849
2807749
2808649
2809549
2810449
2811348
2812247
2813146
2814046
2814945
2815845
2816745
2817644
2818542
2819441
2820340
2821239
2822138
2823037
2823937
2824835
2825734
2826632
2827531
2828431
2829330
2830227
2831127
2832026
2832926
2833825
2834724
2835622
2836521
2837420
2838318
2839217
2840117
2841017
2841917
2842817
2843717
2844616
2845516
2846415
2847314
2848214
2849113
2850013
2850912
2851812
2852712
2853609
2854509
2855409
2856308
2857207
2858106
2859004
2859904
2860803
2861701
2862600
2863500
2864400
2865300
2866200
2867100
2867999
2868899
2869799
2870697
2871596
2872495
2873395
2874294
2875194
2876093
2876992
2877890
2878790
2879690
2880590
2881489
2882387
2883287
2884187
2885085
2885985
2886884
2887784
2888683
2889583
2890483
2891383
2892283
2893182
2894082
2894982
2895879
2896779
2897677
2898576
2899475
2900375
2901274
2902173
2903071
2903969
2904869
2905767
2906665
2907565
2908464
2909364
2910263
2911163
2912063
2912959
2913858
2914757
2915656
2916555
2917455
2918353
2919251
2920150
2921050
2921950
2922848
2923748
2924648
2925546
2926446
2927345
2928242
2929142
2930041
2930941
2931841
2932740
2933640
2934539
2935436
2936335
2937233
2938131
2939030
2939930
2940830
2941729
2942629
2943529
2944428
2945327
2946227
2947127
2948026
2948924
2949823
2950723
2951623
2952521
2953419
2954318
2955218
2956116
2957014
2957913
2958813
2959713
2960612
2961511
2962411
2963310
2964210
2965109
2966008
2966907
2967807
2968707
2969607
2970507
2971406
2972306
2973205
2974102
2975000
2975898
2976797
2977695
2978595
2979495
2980393
2981292
2982191
2983089
2983989
2984887
2985785
2986685
2987585
2988484
2989384
2990283
2991182
2992080
2992978
2993878
2994777
2995677
2996577
2997475
2998373
2999272
3000171
3001071
3001970
3002868
3003766
3004666
3005565
3006465
3007365
3008264
3009161
3010061
3010960
3011860
3012759
3013658
3014557
3015457
3016357
3017255
3018152
3019051
3019951
3020850
3021748
3022647
3023545
3024445
3025344
3026244
3027144
3028039
3028939
3029839
3030737
3031637
3032537
3033435
3034335
3035233
3036133
3037033
3037933
3038833
3039732
3040632
3041532
3042431
3043330
3044230
3045130
3046028
3046926
3047826
3048725
3049625
3050522
3051421
3052321
3053221
3054121
3055020
3055919
3056818
3057718
3058618
3059517
3060416
3061316
3062216
3063114
3064012
3064910
3065809
3066709
3067608
3068508
3069407
3070305
3071205
3072104
3073004
3073904
3074804
3075704
3076604
3077504
3078404
3079304
3080203
3081100
3081999
3082898
3083796
3084695
3085592
3086492
3087392
3088292
3089192
3090091
3090990
3091889
3092787
3093685
3094585
3095484
3096381
3097280
3098180
3099080
3099980
3100879
3101778
3102677
3103577
3104477
3105376
3106276
3107174
3108074
3108974
3109873
3110770
3111668
3112568
3113467
3114367
3115267
3116166
3117065
3117964
3118864
3119763
3120663
3121561
3122459
3123356
3124254
3125153
3126052
3126952
3127852
3128752
3129652
3130549
3131447
3132346
3133245
3134145
3135045
3135945
3136845
3137745
3138644
3139544
3140444
3141340
3142240
3143140
3144040
3144940
3145840
3146740
3147637
3148537
3149437
3150336
3151236
3152136
3153036
3153935
3154833
3155730
3156629
3157526
3158426
3159324
3160222
3161121
3162021
3162921
3163819
3164719
3165619
3166518
3167418
3168317
3169215
3170115
3171015
3171915
3172815
3173715
3174614
3175514
3176413
3177312
3178210
3179110
3180009
3180905
3181803
3182703
3183602
3184502
3185400
3186300
3187199
3188097
3188997
3189896
3190795
3191694
3192593
3193490
3194389
3195288
3196187
3197086
3197986
3198884
3199783
3200681
3201580
3202479
3203379
3204279
3205178
3206078
3206978
3207876
3208776
3209676
3210574
3211474
3212373
3213271
3214168
3215066
3215966
3216865
3217765
3218663
3219559
3220458
3221358
3222254
3223154
3224051
3224949
3225846
3226743
3227640
3228540
3229440
3230339
3231238
3232136
3233036
3233934
3234832
3235732
3236631
3237528
3238428
3239326
3240226
3241126
3242024
3242922
3243821
3244719
3245619
3246519
3247416
3248315
3249214
3250111
3251009
3251908
3252807
3253706
3254606
3255506
3256404
3257303
3258202
3259101
3260000
3260899
3261798
3262697
3263597
3264496
3265396
3266296
3267196
3268096
3268995
3269895
3270793
3271693
3272592
3273490
3274390
3275290
3276188
3277086
3277983
3278882
3279782
3280681
3281580
3282478
3283378
3284278
3285178
3286078
3286975
3287875
3288772
3289672
3290569
3291468
3292366
3293265
3294164
3295064
3295963
3296863
3297759
3298658
3299557
3300457
3301356
3302255
3303155
3304054
3304954
3305852
3306750
3307649
3308549
3309447
3310346
3311246
3312145
3313044
3313943
3314842
3315742
3316641
3317541
3318440
3319338
3320237
3321137
3322034
3322933
3323833
3324730
3325629
3326529
3327428
3328326
3329224
3330124
3331023
3331921
3332821
3333720
3334619
3335519
3336418
3337318
3338217
3339117
3340015
3340915
3341815
3342713
3343613
3344512
3345411
3346311
3347211
3348111
3349011
3349911
3350810
3351710
3352610
3353510
3354410
3355310
3356207
3357107
3358007
3358907
3359807
3360705
3361604
3362501
3363401
3364301
3365201
3366100
3367000
3367900
3368800
3369699
3370598
3371498
3372396
3373295
3374194
3375092
3375992
3376892
3377792
3378690
3379587
3380485
3381385
3382282
3383181
3384081
3384979
3385877
3386777
3387677
3388576
3389475
3390374
3391274
3392174
3393074
3393974
3394873
3395773
3396671
3397568
3398467
3399366
3400266
3401165
3402063
3402961
3403861
3404760
3405659
3406559
3407458
3408358
3409256
3410155
3411055
3411954
3412853
3413752
3414652
3415551
3416450
3417347
3418245
3419145
3420043
3420938
3421838
3422735
3423635
3424533
3425430
3426328
3427228
3428125
3429024
3429924
3430824
3431724
3432622
3433521
3434419
3435318
3436217
3437117
3438016
3438916
3439815
3440715
3441615
3442512
3443410
3444310
3445207
3446107
3447006
3447906
3448806
3449704
3450604
3451504
3452404
3453304
3454204
3455103
3456003
3456903
3457803
3458702
3459602
3460500
3461399
3462298
3463196
3464094
3464992
3465891
3466790
3467690
3468590
3469488
3470387
3471286
3472185
3473085
3473984
3474883
3475783
3476682
3477581
3478480
3479379
3480278
3481177
3482077
3482976
3483875
3484773
3485673
3486572
3487472
3488371
3489271
3490171
3491071
3491969
3492868
3493767
3494663
3495562
3496462
3497361
3498259
3499156
3500056
3500954
3501854
3502753
3503653
3504552
3505451
3506350
3507249
3508146
3509044
3509942
3510841
3511740
3512640
3513539
3514438
3515336
3516233
3517132
3518032
3518930
3519828
3520727
3521625
3522521
3523420
3524320
3525218
3526118
3527017
3527915
3528813
3529713
3530613
3531510
3532410
3533310
3534210
3535110
3536007
3536905
3537802
3538700
3539600
3540500
3541399
3542298
3543198
3544097
3544996
3545895
3546793
3547693
3548591
3549491
3550390
3551289
3552189
3553088
3553987
3554886
3555786
3556683
3557582
3558482
3559382
3560281
3561179
3562076
3562975
3563875
3564774
3565674
3566573
3567472
3568372
3569271
3570171
3571070
3571968
3572868
3573767
3574664
3575564
3576463
3577362
3578258
3579157
3580057
3580956
3581854
3582753
3583652
3584548
3585447
3586346
3587246
3588144
3589044
3589944
3590844
3591741
3592640
3593539
3594436
3595336
3596235
3597134
3598034
3598933
3599833
3600732
3601631
3602530
3603429
3604326
3605226
3606126
3607023
3607923
3608821
3609718
3610618
3611516
3612416
3613316
3614216
3615114
3616013
3616909
3617806
3618706
3619605
3620504
3621404
3622301
3623199
3624099
3624997
3625897
3626796
3627695
3628594
3629494
3630394
3631293
3632193
3633091
3633990
3634889
3635788
3636687
3637587
3638485
3639384
3640282
3641182
3642080
3642978
3643877
3644776
3645675
3646574
3647473
3648371
3649271
3650171
3651070
3651970
3652866
3653765
3654663
3655562
3656462
3657360
3658260
3659160
3660059
3660957
3661857
3662757
3663657
3664557
3665453
3666353
3667252
3668152
3669051
3669950
3670849
3671747
3672646
3673546
3674445
3675345
3676245
3677145
3678042
3678942
3679841
3680739
3681639
3682538
3683437
3684336
3685236
3686136
3687035
3687933
3688833
3689731
3690631
3691531
3692429
3693327
3694226
3695126
3696026
3696924
3697824
3698724
3699624
3700521
3701418
3702318
3703217
3704116
3705015
3705914
3706814
3707712
3708612
3709510
3710410
3711310
3712209
3713108
3714005
3714905
3715800
3716699
3717599
3718499
3719399
3720299
3721198
3722098
3722996
3723896
3724796
3725696
3726595
3727495
3728393
3729293
3730191
3731091
3731990
3732886
3733786
3734686
3735584
3736483
3737383
3738282
3739180
3740080
3740979
3741879
3742777
3743677
3744576
3745476
3746376
3747276
3748176
3749076
3749976
3750875
3751775
3752674
3753574
3754473
3755372
3756272
3757172
3758072
3758972
3759870
3760769
3761668
3762566
3763465
3764364
3765263
3766161
3767060
3767960
3768860
3769759
3770658
3771556
3772456
3773355
3774254
3775153
3776051
3776949
3777849
3778749
3779648
3780548
3781447
3782347
3783246
3784145
3785042
3785942
3786841
3787740
3788639
3789536
3790436
3791334
3792233
3793132
3794032
3794932
3795832
3796730
3797628
3798528
3799428
3800327
3801226
3802124
3803022
3803920
3804819
3805719
3806619
3807517
3808416
3809315
3810212
3811112
3812012
3812912
3813810
3814709
3815608
3816508
3817408
3818307
3819203
3820103
3821002
3821901
3822801
3823700
3824600
3825499
3826398
3827298
3828197
3829095
3829995
3830894
3831794
3832693
3833590
3834490
3835390
3836288
3837187
3838087
3838987
3839886
3840785
3841683
3842583
3843482
3844381
3845280
3846180
3847080
3847980
3848880
3849779
3850679
3851578
3852478
3853377
3854277
3855177
3856076
3856975
3857874
3858773
3859673
3860573
3861473
3862372
3863269
3864167
3865066
3865963
3866863
3867762
3868660
3869560
3870460
3871359
3872259
3873158
3874055
3874955
3875855
3876755
3877653
3878553
3879452
3880351
3881250
3882146
3883045
3883945
3884844
3885743
3886640
3887538
3888438
3889338
3890236
3891135
3892035
3892932
3893832
3894731
3895631
3896529
3897429
3898329
3899229
3900127
3901027
3901926
3902825
3903725
3904625
3905525
3906423
3907321
3908220
3909120
3910020
3910919
3911819
3912718
3913617
3914517
3915416
3916315
3917213
3918110
3919010
3919910
3920810
3921710
3922610
3923510
3924410
3925309
3926206
3927106
3928006
3928906
3929804
3930703
3931603
3932501
3933400
3934299
3935197
3936097
3936996
3937896
3938796
3939694
3940593
3941492
3942392
3943292
3944191
3945089
3945988
3946887
3947785
3948685
3949584
3950484
3951384
3952284
3953182
3954081
3954980
3955880
3956779
3957676
3958574
3959472
3960371
3961269
3962168
3963068
3963965
3964864
3965762
3966662
3967562
3968461
3969359
3970259
3971159
3972059
3972959
3973859
3974757
3975657
3976556
3977456
3978356
3979256
3980154
3981053
3981952
3982852
3983752
3984649
3985547
3986446
3987345
3988245
3989144
3990044
3990944
3991842
3992741
3993638
3994538
3995437
3996334
3997234
3998133
3999033
3999932
4000831
4001729
4002629
4003527
4004423
4005322
4006220
4007120
4008019
4008919
4009818
4010718
4011617
4012516
4013415
4014315
4015215
4016115
4017013
4017913
4018810
4019708
4020607
4021504
4022404
4023304
4024203
4025103
4026002
4026902
4027801
4028700
4029599
4030499
4031399
4032299
4033199
4034097
4034996
4035895
4036794
4037694
4038594
4039491
4040390
4041288
4042186
4043086
4043984
4044884
4045784
4046684
4047583
4048482
4049380
4050278
4051176
4052076
4052976
4053875
4054775
4055675
4056574
4057474
4058374
4059273
4060171
4061069
4061967
4062865
4063765
4064665
4065565
4066464
4067364
4068263
4069163
4070060
4070960
4071860
4072759
4073659
4074558
4075457
4076356
4077256
4078155
4079054
4079954
4080854
4081754
4082651
4083550
4084448
4085347
4086246
4087146
4088046
4088945
4089843
4090743
4091641
4092540
4093439
4094337
4095237
4096134
4097034
4097934
4098834
4099732
4100630
4101527
4102426
4103323
4104223
4105123
4106021
4106920
4107819
4108717
4109614
4110513
4111409
4112309
4113208
4114107
4115006
4115905
4116805
4117705
4118605
4119505
4120402
4121298
4122198
4123097
4123996
4124896
4125795
4126694
4127594
4128494
4129391
4130291
4131191
4132091
4132990
4133889
4134788
4135687
4136586
4137486
4138382
4139281
4140180
4141078
4141976
4142875
4143775
4144673
4145571
4146471
4147369
4148268
4149168
4150068
4150968
4151868
4152765
4153665
4154565
4155463
4156362
4157261
4158159
4159059
4159958
4160858
4161757
4162654
4163554
4164454
4165349
4166248
4167148
4168048
4168948
4169847
4170746
4171646
4172545
4173443
4174341
4175241
4176139
4177039
4177939
4178839
4179738
4180636
4181536
4182436
4183334
4184234
4185134
4186031
4186930
4187828
4188725
4189624
4190523
4191423
4192321
4193221
4194118
4195018
4195918
4196818
4197716
4198616
4199516
4200412
4201310
4202210
4203110
4204010
4204910
4205809
4206707
4207605
4208503
4209403
4210303
4211202
4212100
4212998
4213898
4214796
4215696
4216594
4217494
4218394
4219292
4220191
4221091
4221991
4222890
4223790
4224689
4225588
4226488
4227386
4228285
4229185
4230083
4230982
4231881
4232781
4233681
4234580
4235479
4236377
4237277
4238177
4239077
4239975
4240875
4241773
4242671
4243570
4244469
4245368
4246266
4247166
4248065
4248964
4249863
4250763
4251662
4252555
4253452
4254349
4255248
4256146
4257046
4257946
4258846
4259745
4260644
4261543
4262442
4263340
4264237
4265136
4266036
4266936
4267835
4268733
4269633
4270532
4271431
4272329
4273227
4274127
4275024
4275924
4276823
4277721
4278620
4279519
4280417
4281315
4282215
4283112
4284011
4284910
4285810
4286710
4287610
4288509
4289409
4290309
4291209
4292109
4293008
4293907
4294807
4295707
4296606
4297506
4298405
4299302
4300200
4301099
4301998
4302897
4303796
4304695
4305594
4306492
4307392
4308292
4309190
4310088
4310984
4311882
4312780
4313680
4314580
4315479
4316379
4317279
4318179
4319078
4319977
4320876
4321776
4322675
4323574
4324472
4325372
4326272
4327170
4328070
4328970
4329870
4330769
4331666
4332564
4333463
4334360
4335259
4336158
4337058
4337958
4338857
4339756
4340655
4341555
4342454
4343353
4344251
4345148
4346046
4346946
4347844
4348741
4349641
4350537
4351435
4352333
4353233
4354133
4355033
4355933
4356832
4357730
4358626
4359526
4360426
4361324
4362224
4363124
4364024
4364923
4365821
4366721
4367619
4368519
4369417
4370315
4371214
4372112
4373010
4373909
4374809
4375708
4376608
4377508
4378406
4379306
4380202
4381101
4382000
4382899
4383799
4384698
4385598
4386497
4387397
4388295
4389194
4390090
4390989
4391887
4392786
4393684
4394583
4395482
4396379
4397279
4398179
4399077
4399977
4400877
4401775
4402675
4403574
4404473
4405373
4406273
4407171
4408069
4408967
4409865
4410765
4411664
4412563
4413463
4414360
4415258
4416158
4417057
4417957
4418857
4419752
4420652
4421550
4422446
4423345
4424242
4425142
4426041
4426941
4427840
4428738
4429638
4430538
4431437
4432335
4433234
4434133
4435029
4435928
4436828
4437727
4438626
4439524
4440423
4441323
4442220
4443120
4444019
4444917
4445816
4446716
4447616
4448515
4449414
4450312
4451211
4452111
4453010
4453908
4454806
4455706
4456606
4457506
4458406
4459305
4460202
4461099
4461998
4462895
4463795
4464695
4465594
4466493
4467392
4468290
4469190
4470089
4470989
4471889
4472789
4473688
4474588
4475486
4476385
4477283
4478183
4479081
4479980
4480879
4481776
4482676
4483576
4484475
4485375
4486275
4487174
4488073
4488971
4489869
4490766
4491665
4492564
4493463
4494363
4495261
4496160
4497060
4497959
4498859
4499759
4500659
4501558
4502455
4503354
4504253
4505152
4506051
4506951
4507850
4508749
4509648
4510548
4511445
4512345
4513244
4514143
4515043
4515943
4516841
4517741
4518641
4519540
4520440
4521339
4522239
4523138
4524038
4524937
4525836
4526736
4527636
4528535
4529435
4530333
4531233
4532132
4533031
4533929
4534829
4535729
4536628
4537528
4538426
4539323
4540223
4541121
4542020
4542916
4543815
4544715
4545613
4546510
4547410
4548310
4549206
4550101
4551001
4551899
4552798
4553697
4554597
4555493
4556393
4557293
4558192
4559092
4559992
4560890
4561789
4562688
4563587
4564485
4565382
4566280
4567178
4568078
4568976
4569875
4570775
4571673
4572570
4573470
4574367
4575266
4576164
4577064
4577964
4578864
4579764
4580664
4581564
4582463
4583362
4584261
4585158
4586056
4586955
4587855
4588752
4589652
4590551
4591450
4592347
4593244
4594144
4595044
4595943
4596842
4597739
4598638
4599537
4600437
4601335
4602233
4603133
4604032
4604932
4605830
4606727
4607626
4608526
4609425
4610324
4611224
4612124
4613023
4613923
4614822
4615721
4616621
4617518
4618416
4619315
4620212
4621109
4622008
4622908
4623807
4624706
4625603
4626502
4627401
4628301
4629199
4630096
4630995
4631894
4632793
4633693
4634589
4635487
4636386
4637286
4638186
4639086
4639985
4640885
4641785
4642684
4643581
4644480
4645380
4646277
4647176
4648074
4648971
4649870
4650770
4651669
4652567
4653466
4654366
4655266
4656165
4657063
4657961
4658860
4659759
4660658
4661558
4662457
4663356
4664256
4665155
4666054
4666953
4667852
4668751
4669649
4670549
4671448
4672347
4673246
4674141
4675040
4675939
4676839
4677739
4678638
4679538
4680438
4681336
4682236
4683136
4684033
4684932
4685832
4686732
4687632
4688531
4689431
4690331
4691229
4692129
4693027
4693923
4694822
4695722
4696620
4697520
4698417
4699316
4700214
4701113
4702013
4702913
4703811
4704711
4705611
4706510
4707410
4708310
4709209
4710109
4711008
4711907
4712807
4713704
4714604
4715502
4716402
4717302
4718202
4719102
4720001
4720900
4721800
4722699
4723599
4724499
4725399
4726298
4727198
4728097
4728997
4729897
4730794
4731694
4732593
4733492
4734391
4735290
4736186
4737085
4737985
4738883
4739782
4740681
4741579
4742479
4743378
4744277
4745175
4746075
4746973
4747873
4748772
4749672
4750572
4751469
4752369
4753269
4754165
4755064
4755964
4756864
4757764
4758664
4759563
4760461
4761361
4762260
4763160
4764060
4764960
4765860
4766759
4767657
4768556
4769454
4770350
4771248
4772147
4773044
4773943
4774843
4775742
4776639
4777538
4778438
4779337
4780234
4781134
4782032
4782932
4783832
4784730
4785627
4786527
4787427
4788327
4789227
4790127
4791027
4791927
4792825
4793725
4794623
4795523
4796423
4797323
4798222
4799121
4800020
4800920
4801818
4802717
4803616
4804515
4805415
4806315
4807215
4808114
4809013
4809912
4810812
4811709
4812607
4813506
4814406
4815303
4816202
4817102
4818001
4818901
4819799
4820698
4821598
4822497
4823395
4824294
4825193
4826093
4826993
4827893
4828793
4829693
4830593
4831492
4832391
4833290
4834189
4835089
4835987
4836885
4837785
4838685
4839585
4840484
4841382
4842280
4843180
4844080
4844979
4845877
4846776
4847676
4848574
4849473
4850371
4851270
4852170
4853070
4853969
4854869
4855767
4856663
4857562
4858462
4859361
4860259
4861158
4862058
4862958
4863857
4864754
4865653
4866550
4867450
4868350
4869250
4870150
4871047
4871946
4872846
4873745
4874644
4875543
4876440
4877338
4878238
4879137
4880037
4880935
4881834
4882734
4883634
4884534
4885434
4886332
4887232
4888130
4889029
4889926
4890822
4891720
4892617
4893516
4894415
4895315
4896215
4897114
4898013
4898911
4899811
4900711
4901611
4902511
4903410
4904310
4905209
4906106
4907005
4907905
4908803
4909702
4910602
4911500
4912399
4913298
4914196
4915095
4915995
4916894
4917794
4918694
4919592
4920492
4921392
4922289
4923187
4924085
4924984
4925881
4926780
4927679
4928578
4929477
4930377
4931277
4932177
4933075
4933975
4934874
4935773
4936673
4937572
4938470
4939370
4940269
4941169
4942068
4942967
4943867
4944766
4945665
4946564
4947462
4948361
4949260
4950160
4951058
4951957
4952856
4953756
4954655
4955554
4956452
4957351
4958251
4959151
4960051
4960950
4961850
4962750
4963650
4964550
4965450
4966348
4967245
4968144
4969043
4969942
4970841
4971739
4972639
4973539
4974438
4975335
4976235
4977134
4978033
4978932
4979832
4980732
4981632
4982531
4983431
4984331
4985230
4986129
4987029
4987928
4988828
4989727
4990625
4991524
4992423
4993321
4994221
4995120
4996019
4996919
4997818
4998718
4999617
5000517
5001415
5002315
5003215
5004114
5005013
5005912
5006811
5007709
5008608
5009508
5010407
5011305
5012204
5013103
5014001
5014901
5015801
5016700
5017599
5018498
5019398
5020297
5021195
5022094
5022994
5023893
5024793
5025692
5026591
5027491
5028391
5029290
5030189
5031089
5031988
5032887
5033786
5034686
5035585
5036482
5037380
5038279
5039179
5040078
5040977
5041876
5042775
5043675
5044575
5045474
5046373
5047273
5048173
5049073
5049973
5050872
5051771
5052671
5053571
5054471
5055371
5056270
5057167
5058067
5058967
5059866
5060765
5061663
5062562
5063462
5064360
5065260
5066160
5067059
5067959
5068858
5069754
5070650
5071547
5072446
5073345
5074244
5075143
5076043
5076943
5077842
5078742
5079641
5080540
5081440
5082340
5083239
5084137
5085035
5085934
5086834
5087733
5088633
5089532
5090431
5091331
5092229
5093128
5094027
5094923
5095820
5096718
5097617
5098516
5099414
5100313
5101213
5102113
5103012
5103912
5104811
5105711
5106611
5107508
5108407
5109306
5110206
5111106
5112006
5112906
5113806
5114706
5115606
5116505
5117404
5118302
5119201
5120099
5120999
5121899
5122799
5123698
5124598
5125498
5126396
5127295
5128194
5129091
5129991
5130890
5131790
5132690
5133590
5134486
5135386
5136286
5137185
5138082
5138980
5139880
5140780
5141680
5142580
5143480
5144379
5145279
5146179
5147077
5147977
5148876
5149775
5150674
5151574
5152473
5153372
5154272
5155170
5156068
5156967
5157866
5158766
5159664
5160564
5161463
5162361
5163258
5164156
5165056
5165956
5166855
5167754
5168653
5169552
5170451
5171351
5172251
5173150
5174050
5174950
5175849
5176747
5177645
5178545
5179443
5180343
5181241
5182140
5183040
5183939
5184838
5185738
5186637
5187535
5188433
5189333
5190232
5191131
5192031
5192931
5193831
5194730
5195630
5196529
5197429
5198328
5199227
5200126
5201026
5201925
5202825
5203723
5204622
5205521
5206420
5207318
5208216
5209116
5210016
5210916
5211816
5212714
5213613
5214510
5215408
5216307
5217206
5218104
5219003
5219903
5220802
5221702
5222600
5223498
5224397
5225295
5226193
5227091
5227991
5228889
5229787
5230687
5231587
5232487
5233387
5234286
5235186
5236083
5236983
5237880
5238779
5239676
5240573
5241472
5242371
5243269
5244167
5245067
5245966
5246865
5247764
5248664
5249564
5250462
5251361
5252259
5253159
5254058
5254957
5255857
5256757
5257656
5258556
5259456
5260356
5261256
5262155
5263054
5263953
5264852
5265752
5266650
5267550
5268449
5269349
5270246
5271145
5272045
5272944
5273840
5274737
5275635
5276535
5277435
5278333
5279233
5280132
5281031
5281929
5282828
5283727
5284626
5285524
5286424
5287321
5288218
5289117
5290014
5290913
5291813
5292711
5293611
5294510
5295410
5296307
5297207
5298104
5299003
5299902
5300801
5301701
5302601
5303500
5304399
5305297
5306197
5307096
5307996
5308894
5309794
5310693
5311593
5312492
5313391
5314290
5315190
5316090
5316988
5317887
5318785
5319684
5320583
5321482
5322382
5323281
5324181
5325078
5325978
5326877
5327776
5328675
5329574
5330472
5331371
5332271
5333171
5334069
5334969
5335869
5336768
5337668
5338567
5339467
5340367
5341265
5342162
5343061
5343960
5344859
5345756
5346656
5347554
5348453
5349353
5350253
5351153
5352051
5352951
5353850
5354750
5355650
5356550
5357448
5358346
5359243
5360143
5361041
5361940
5362840
5363738
5364638
5365537
5366436
5367333
5368233
5369132
5370028
5370925
5371825
5372723
5373622
5374518
5375418
5376317
5377216
5378115
5379014
5379914
5380812
5381712
5382610
5383508
5384406
5385302
5386202
5387100
5388000
5388900
5389799
5390698
5391596
5392495
5393395
5394295
5395193
5396093
5396991
5397890
5398790
5399689
5400588
5401487
5402386
5403286
5404184
5405083
5405981
5406879
5407778
5408678
5409578
5410477
5411376
5412273
5413173
5414073
5414972
5415871
5416769
5417669
5418569
5419468
5420368
5421265
5422164
5423064
5423964
5424863
5425759
5426658
5427558
5428456
5429355
5430253
5431151
5432051
5432949
5433849
5434749
5435649
5436546
5437445
5438345
5439245
5440145
5441044
5441943
5442843
5443743
5444641
5445541
5446440
5447340
5448239
5449139
5450039
5450939
5451838
5452736
5453633
5454532
5455431
5456331
5457231
5458130
5459028
5459928
5460826
5461722
5462621
5463519
5464418
5465315
5466215
5467114
5468012
5468910
5469809
5470709
5471609
5472506
5473406
5474306
5475205
5476104
5477003
5477901
5478800
5479700
5480599
5481497
5482395
5483295
5484195
5485093
5485992
5486891
5487790
5488690
5489588
5490488
5491387
5492287
5493186
5494084
5494984
5495881
5496779
5497679
5498577
5499476
5500372
5501272
5502172
5503071
5503971
5504870
5505770
5506669
5507567
5508466
5509366
5510264
5511164
5512062
5512960
5513858
5514758
5515656
5516556
5517455
5518353
5519253
5520152
5521050
5521950
5522849
5523748
5524647
5525546
5526446
5527345
5528244
5529144
5530042
5530942
5531841
5532741
5533639
5534536
5535435
5536334
5537232
5538132
5539029
5539929
5540829
5541727
5542626
5543525
5544423
5545322
5546221
5547120
5548019
5548919
5549818
5550717
5551616
5552514
5553412
5554312
5555210
5556110
5557009
5557908
5558805
5559702
5560601
5561501
5562398
5563296
5564194
5565093
5565992
5566891
5567789
5568686
5569584
5570480
5571380
5572277
5573177
5574077
5574976
5575875
5576771
5577669
5578566
5579466
5580366
5581265
5582165
5583064
5583963
5584862
5585760
5586658
5587558
5588458
5589356
5590255
5591155
5592053
5592952
5593849
5594747
5595644
5596543
5597441
5598341
5599241
5600141
5601039
5601938
5602838
5603738
5604637
5605536
5606436
5607336
5608235
5609133
5610033
5610933
5611833
5612730
5613629
5614527
5615425
5616324
5617223
5618123
5619020
5619920
5620818
5621717
5622617
5623516
5624415
5625315
5626215
5627114
5628013
5628910
5629809
5630708
5631608
5632507
5633407
5634304
5635204
5636104
5637003
5637900
5638798
5639697
5640594
5641493
5642393
5643292
5644191
5645091
5645990
5646890
5647790
5648689
5649588
5650488
5651386
5652286
5653185
5654085
5654984
5655883
5656783
5657682
5658581
5659481
5660380
5661278
5662178
5663078
5663976
5664875
5665774
5666672
5667569
5668466
5669366
5670264
5671163
5672061
5672958
5673857
5674757
5675656
5676556
5677456
5678356
5679254
5680154
5681054
5681953
5682853
5683752
5684650
5685549
5686447
5687347
5688245
5689144
5690043
5690943
5691841
5692741
5693640
5694539
5695439
5696339
5697238
5698138
5699037
5699935
5700835
5701732
5702629
5703527
5704426
5705325
5706224
5707122
5708021
5708919
5709819
5710718
5711614
5712512
5713412
5714312
5715212
5716112
5717012
5717912
5718811
5719711
5720610
5721510
5722410
5723308
5724208
5725108
5726008
5726906
5727806
5728704
5729600
5730500
5731399
5732298
5733197
5734095
5734994
5735892
5736791
5737689
5738587
5739486
5740385
5741284
5742183
5743082
5743982
5744881
5745780
5746679
5747578
5748478
5749378
5750278
5751178
5752076
5752975
5753875
5754773
5755672
5756569
5757467
5758363
5759262
5760161
5761061
5761960
5762860
5763760
5764660
5765558
5766458
5767358
5768258
5769157
5770057
5770956
5771849
5772748
5773646
5774545
5775442
5776339
5777237
5778137
5779036
5779935
5780835
5781734
5782633
5783530
5784429
5785327
5786225
5787123
5788023
5788922
5789821
5790719
5791619
5792515
5793415
5794313
5795212
5796111
5797009
5797909
5798809
5799709
5800606
5801504
5802403
5803301
5804201
5805100
5805999
5806898
5807798
5808698
5809598
5810496
5811396
5812294
5813192
5814089
5814989
5815887
5816787
5817686
5818584
5819484
5820382
5821281
5822181
5823081
5823981
5824878
5825776
5826673
5827573
5828472
5829372
5830272
5831172
5832072
5832970
5833870
5834768
5835667
5836567
5837467
5838367
5839266
5840163
5841061
5841960
5842859
5843759
5844658
5845558
5846458
5847356
5848256
5849155
5850054
5850953
5851853
5852753
5853651
5854550
5855449
5856347
5857246
5858146
5859046
5859945
5860844
5861743
5862643
5863543
5864442
5865342
5866242
5867139
5868037
5868937
5869836
5870735
5871635
5872533
5873432
5874331
5875230
5876126
5877026
5877926
5878824
5879722
5880621
5881521
5882420
5883320
5884219
5885117
5886017
5886916
5887814
5888713
5889611
5890510
5891410
5892308
5893208
5894106
5895004
5895900
5896797
5897696
5898595
5899493
5900391
5901291
5902190
5903090
5903990
5904890
5905790
5906689
5907588
5908486
5909383
5910281
5911180
5912080
5912979
5913878
5914776
5915675
5916574
5917473
5918373
5919272
5920169
5921068
5921968
5922867
5923766
5924666
5925564
5926461
5927361
5928260
5929159
5930054
5930953
5931853
5932752
5933652
5934550
5935450
5936350
5937244
5938143
5939041
5939940
5940840
5941739
5942639
5943538
5944436
5945336
5946234
5947133
5948031
5948931
5949829
5950729
5951628
5952527
5953427
5954326
5955225
5956125
5957025
5957925
5958823
5959722
5960622
5961521
5962420
5963319
5964217
5965115
5966015
5966914
5967813
5968713
5969613
5970513
5971412
5972312
5973212
5974111
5975011
5975910
5976810
5977709
5978608
5979508
5980407
5981307
5982207
5983107
5984007
5984907
5985806
5986705
5987601
5988500
5989398
5990297
5991194
5992092
5992992
5993890
5994790
5995690
5996589
5997489
5998389
5999288
6000188
6001088
6001988
6002888
6003787
6004687
6005587
6006485
6007384
6008283
6009181
6010079
6010977
6011877
6012775
6013674
6014571
6015470
6016369
6017268
6018167
6019066
6019966
6020865
6021765
6022662
6023562
6024461
6025359
6026256
6027155
6028055
6028955
6029855
6030755
6031652
6032551
6033449
6034347
6035246
6036145
6037045
6037945
6038843
6039741
6040640
6041539
6042439
6043337
6044236
6045136
6046035
6046934
6047833
6048733
6049631
6050531
6051431
6052331
6053228
6054128
6055027
6055927
6056824
6057720
6058616
6059513
6060411
6061311
6062211
6063109
6064008
6064908
6065807
6066707
6067607
6068506
6069406
6070306
6071204
6072103
6073002
6073901
6074800
6075699
6076599
6077499
6078399
6079299
6080198
6081098
6081998
6082896
6083795
6084693
6085593
6086493
6087392
6088292
6089191
6090091
6090990
6091890
6092789
6093687
6094587
6095487
6096386
6097285
6098185
6099083
6099983
6100882
6101782
6102680
6103579
6104478
6105378
6106278
6107175
6108073
6108973
6109871
6110769
6111666
6112566
6113464
6114364
6115264
6116163
6117062
6117962
6118862
6119762
6120660
6121560
6122460
6123359
6124259
6125156
6126056
6126954
6127854
6128754
6129653
6130552
6131452
6132351
6133250
6134150
6135050
6135948
6136845
6137743
6138642
6139542
6140441
6141341
6142240
6143140
6144036
6144935
6145834
6146733
6147632
6148531
6149428
6150327
6151225
6152124
6153023
6153923
6154822
6155722
6156620
6157520
6158420
6159319
6160219
6161116
6162016
6162915
6163811
6164711
6165609
6166508
6167407
6168306
6169204
6170103
6171002
6171901
6172801
6173701
6174599
6175499
6176399
6177295
6178195
6179094
6179994
6180894
6181793
6182693
6183591
6184491
6185389
6186289
6187189
6188086
6188986
6189885
6190785
6191684
6192584
6193484
6194384
6195284
6196181
6197078
6197976
6198875
6199774
6200674
6201572
6202472
6203371
6204267
6205166
6206064
6206963
6207861
6208760
6209658
6210556
6211456
6212356
6213254
6214153
6215052
6215950
6216850
6217748
6218648
6219548
6220448
6221344
6222244
6223144
6224038
6224938
6225835
6226733
6227633
6228531
6229426
6230325
6231224
6232124
6233024
6233924
6234822
6235722
6236622
6237521
6238421
6239320
6240220
6241120
6242018
6242918
6243817
6244716
6245616
6246515
6247414
6248313
6249213
6250111
6251009
6251909
6252808
6253707
6254607
6255507
6256407
6257307
6258207
6259106
6260004
6260903
6261801
6262699
6263599
6264497
6265397
6266296
6267196
6268093
6268993
6269891
6270791
6271691
6272589
6273489
6274387
6275286
6276185
6277085
6277983
6278882
6279780
6280679
6281578
6282477
6283376
6284275
6285172
6286071
6286971
6287871
6288771
6289671
6290570
6291466
6292364
6293262
6294162
6295061
6295960
6296854
6297753
6298652
6299550
6300449
6301347
6302246
6303146
6304046
6304945
6305845
6306742
6307639
6308539
6309438
6310337
6311236
6312134
6313033
6313932
6314831
6315731
6316628
6317527
6318425
6319324
6320224
6321122
6322022
6322920
6323820
6324720
6325619
6326519
6327415
6328314
6329212
6330112
6331011
6331910
6332807
6333706
6334605
6335504
6336402
6337298
6338196
6339096
6339995
6340895
6341795
6342693
6343593
6344493
6345393
6346293
6347192
6348091
6348991
6349890
6350790
6351689
6352589
6353489
6354386
6355286
6356185
6357085
6357983
6358882
6359778
6360677
6361576
6362476
6363376
6364276
6365176
6366074
6366974
6367872
6368772
6369671
6370569
6371468
6372367
6373264
6374164
6375062
6375960
6376860
6377759
6378658
6379558
6380457
6381355
6382255
6383154
6384053
6384953
6385853
6386750
6387650
6388549
6389447
6390347
6391247
6392145
6393043
6393942
6394841
6395738
6396637
6397537
6398436
6399336
6400235
6401133
6402031
6402930
6403826
6404724
6405623
6406522
6407420
6408318
6409218
6410117
6411017
6411916
6412816
6413715
6414613
6415511
6416410
6417309
6418209
6419109
6420008
6420906
6421805
6422705
6423604
6424503
6425402
6426300
6427198
6428096
6428995
6429894
6430793
6431691
6432591
6433491
6434385
6435284
6436184
6437082
6437982
6438881
6439780
6440676
6441574
6442474
6443373
6444272
6445172
6446070
6446970
6447869
6448769
6449666
6450564
6451463
6452362
6453261
6454160
6455060
6455958
6456851
6457750
6458649
6459548
6460445
6461342
6462241
6463138
6464037
6464937
6465837
6466737
6467637
6468536
6469436
6470336
6471236
6472136
6473035
6473934
6474833
6475731
6476629
6477529
6478428
6479325
6480225
6481124
6482024
6482922
6483822
6484721
6485620
6486518
6487416
6488316
6489216
6490115
6491012
6491910
6492809
6493709
6494606
6495505
6496404
6497304
6498199
6499098
6499996
6500896
6501793
6502693
6503592
6504489
6505388
6506286
6507185
6508085
6508985
6509884
6510783
6511683
6512582
6513480
6514380
6515280
6516179
6517076
6517975
6518874
6519774
6520674
6521574
6522474
6523374
6524272
6525172
6526072
6526970
6527867
6528767
6529667
6530565
6531465
6532364
6533262
6534162
6535061
6535960
6536860
6537758
6538657
6539556
6540455
6541354
6542254
6543154
6544052
6544952
6545851
6546750
6547649
6548549
6549449
6550348
6551247
6552146
6553045
6553945
6554843
6555741
6556640
6557539
6558438
6559337
6560232
6561130
6562027
6562927
6563827
6564726
6565626
6566525
6567424
6568324
6569223
6570123
6571020
6571917
6572817
6573715
6574610
6575508
6576406
6577304
6578203
6579101
6580001
6580900
6581799
6582699
6583597
6584496
6585395
6586294
6587194
6588093
6588992
6589891
6590789
6591688
6592587
6593485
6594385
6595282
6596180
6597079
6597979
6598878
6599778
6600676
6601576
6602473
6603373
6604271
6605169
6606069
6606968
6607868
6608767
6609666
6610565
6611464
6612363
6613263
6614163
6615062
6615961
6616861
6617759
6618659
6619557
6620456
6621355
6622254
6623153
6624053
6624952
6625849
6626749
6627649
6628549
6629447
6630346
6631243
6632142
6633042
6633942
6634842
6635741
6636638
6637536
6638436
6639336
6640236
6641133
6642033
6642932
6643830
6644729
6645628
6646526
6647423
6648320
6649220
6650120
6651020
6651920
6652820
6653720
6654619
6655518
6656416
6657316
6658215
6659114
6660014
6660912
6661810
6662709
6663608
6664508
6665405
6666305
6667203
6668103
6669002
6669901
6670800
6671697
6672596
6673495
6674394
6675291
6676189
6677086
6677984
6678884
6679780
6680679
6681578
6682477
6683376
6684276
6685176
6686075
6686975
6687874
6688774
6689674
6690573
6691470
6692369
6693268
6694167
6695066
6695965
6696863
6697762
6698662
6699560
6700458
6701356
6702255
6703152
6704051
6704951
6705849
6706746
6707645
6708545
6709444
6710344
6711244
6712143
6713043
6713943
6714843
6715739
6716639
6717538
6718436
6719335
6720234
6721133
6722033
6722931
6723831
6724730
6725630
6726529
6727428
6728326
6729226
6730124
6731023
6731923
6732820
6733716
6734615
6735515
6736412
6737311
6738210
6739110
6740009
6740909
6741808
6742707
6743605
6744503
6745402
6746301
6747200
6748098
6748997
6749897
6750796
6751694
6752593
6753492
6754391
6755289
6756188
6757085
6757984
6758883
6759782
6760682
6761581
6762479
6763378
6764277
6765176
6766076
6766975
6767873
6768771
6769669
6770569
6771469
6772369
6773269
6774168
6775065
6775965
6776862
6777762
6778661
6779561
6780461
6781361
6782259
6783159
6784059
6784958
6785857
6786757
6787651
6788548
6789447
6790346
6791245
6792144
6793043
6793942
6794841
6795740
6796640
6797539
6798437
6799334
6800233
6801131
6802029
6802929
6803827
6804726
6805625
6806523
6807423
6808322
6809222
6810122
6811020
6811920
6812820
6813718
6814617
6815517
6816417
6817317
6818217
6819115
6820014
6820913
6821810
6822709
6823609
6824507
6825406
6826306
6827206
6828106
6829005
6829903
6830801
6831699
6832599
6833498
6834396
6835295
6836193
6837092
6837991
6838890
6839789
6840688
6841588
6842487
6843386
6844284
6845183
6846083
6846982
6847881
6848780
6849680
6850580
6851478
6852378
6853276
6854176
6855075
6855975
6856873
6857772
6858671
6859571
6860469
6861367
6862267
6863167
6864067
6864965
6865865
6866765
6867665
6868565
6869465
6870365
6871265
6872164
6873064
6873963
6874863
6875762
6876661
6877559
6878458
6879357
6880256
6881154
6882053
6882951
6883849
6884748
6885646
6886546
6887446
6888344
6889243
6890142
6891041
6891940
6892837
6893734
6894634
6895534
6896433
6897332
6898230
6899130
6900029
6900929
6901828
6902728
6903624
6904523
6905423
6906323
6907222
6908121
6909019
6909919
6910817
6911715
6912615
6913513
6914413
6915311
6916210
6917110
6918010
6918910
6919809
6920707
6921605
6922504
6923403
6924297
6925196
6926096
6926991
6927891
6928790
6929690
6930588
6931488
6932386
6933285
6934185
6935085
6935984
6936884
6937782
6938682
6939581
6940477
6941377
6942277
6943174
6944073
6944973
6945872
6946771
6947671
6948571
6949471
6950371
6951271
6952170
6953070
6953970
6954870
6955768
6956668
6957568
6958467
6959366
6960263
6961163
6962062
6962962
6963861
6964760
6965660
6966559
6967458
6968358
6969257
6970157
6971053
6971951
6972849
6973748
6974647
6975546
6976446
6977343
6978243
6979141
6980041
6980938
6981838
6982737
6983635
6984535
6985435
6986333
6987232
6988130
6989029
6989929
6990828
6991727
6992624
6993523
6994423
6995323
6996223
6997122
6998022
6998921
6999821
7000719
7001618
7002514
7003414
7004313
7005211
7006108
7007006
7007905
7008801
7009701
7010599
7011499
7012399
7013297
7014197
7015095
7015994
7016892
7017792
7018691
7019590
7020489
7021387
7022285
7023183
7024082
7024982
7025882
7026781
7027681
7028581
7029480
7030380
7031279
7032179
7033079
7033978
7034877
7035777
7036677
7037577
7038474
7039374
7040273
7041173
7042072
7042970
7043867
7044767
7045667
7046566
7047465
7048364
7049263
7050162
7051061
7051961
7052859
7053759
7054656
7055554
7056452
7057352
7058251
7059150
7060050
7060950
7061849
7062748
7063646
7064544
7065444
7066344
7067243
7068141
7069039
7069937
7070837
7071737
7072637
7073537
7074436
7075336
7076233
7077131
7078029
7078928
7079828
7080728
7081628
7082526
7083425
7084324
7085223
7086123
7087022
7087921
7088818
7089718
7090617
7091515
7092414
7093312
7094209
7095107
7096004
7096903
7097801
7098701
7099600
7100499
7101398
7102297
7103196
7104095
7104994
7105892
7106791
7107690
7108587
7109486
7110386
7111285
7112184
7113084
7113984
7114884
7115783
7116680
7117577
7118477
7119377
7120276
7121175
7122074
7122972
7123870
7124768
7125667
7126567
7127464
7128364
7129264
7130164
7131063
7131958
7132857
7133756
7134656
7135554
7136452
7137351
7138251
7139147
7140040
7140940
7141840
7142739
7143639
7144539
7145438
7146336
7147236
7148135
7149032
7149929
7150827
7151726
7152626
7153525
7154420
7155319
7156219
7157119
7158019
7158917
7159816
7160716
7161616
7162516
7163416
7164314
7165210
7166108
7167007
7167906
7168806
7169706
7170604
7171503
7172402
7173302
7174201
7175099
7175999
7176898
7177798
7178697
7179597
7180497
7181395
7182291
7183191
7184090
7184989
7185889
7186789
7187689
7188588
7189488
7190387
7191286
7192186
7193086
7193986
7194885
7195785
7196684
7197583
7198482
7199382
7200282
7201181
7202079
7202979
7203879
7204779
7205677
7206577
7207474
7208372
7209270
7210170
7211069
7211969
7212868
7213766
7214666
7215564
7216464
7217362
7218260
7219160
7220059
7220959
7221858
7222755
7223652
7224551
7225448
7226346
7227246
7228145
7229045
7229943
7230842
7231742
7232640
7233539
7234439
7235338
7236236
7237134
7238034
7238933
7239832
7240731
7241630
7242530
7243429
7244328
7245227
7246127
7247027
7247926
7248826
7249726
7250624
7251520
7252420
7253319
7254216
7255115
7256012
7256910
7257810
7258708
7259607
7260506
7261405
7262304
7263199
7264098
7264998
7265898
7266794
7267694
7268593
7269489
7270388
7271287
7272186
7273086
7273985
7274885
7275785
7276684
7277581
7278478
7279374
7280271
7281170
7282070
7282969
7283869
7284767
7285665
7286565
7287465
7288365
7289262
7290162
7291062
7291962
7292861
7293760
7294658
7295556
7296453
7297352
7298249
7299145
7300045
7300944
7301842
7302741
7303640
7304539
7305439
7306339
7307238
7308137
7309037
7309936
7310836
7311736
7312634
7313533
7314433
7315333
7316231
7317129
7318028
7318927
7319827
7320720
7321620
7322520
7323420
7324319
7325218
7326115
7327013
7327913
7328813
7329711
7330611
7331511
7332409
7333307
7334203
7335103
7335999
7336895
7337794
7338693
7339590
7340488
7341388
7342288
7343184
7344083
7344982
7345880
7346779
7347679
7348577
7349477
7350374
7351272
7352171
7353069
7353967
7354866
7355766
7356665
7357565
7358463
7359362
7360261
7361159
7362055
7362954
7363854
7364748
7365647
7366547
7367446
7368345
7369245
7370143
7371042
7371942
7372842
7373740
7374640
7375538
7376436
7377336
7378235
7379132
7380031
7380931
7381830
7382729
7383627
7384527
7385425
7386324
7387224
7388123
7389022
7389921
7390821
7391720
7392617
7393517
7394415
7395314
7396211
7397108
7398008
7398907
7399807
7400707
7401606
7402503
7403399
7404299
7405199
7406099
7406998
7407896
7408794
7409693
7410590
7411488
7412388
7413288
7414188
7415088
7415988
7416887
7417785
7418683
7419583
7420483
7421383
7422280
7423177
7424077
7424976
7425875
7426775
7427675
7428573
7429472
7430372
7431272
7432172
7433072
7433971
7434869
7435769
7436669
7437569
7438469
7439368
7440268
7441166
7442065
7442965
7443862
7444760
7445660
7446560
7447459
7448359
7449259
7450157
7451057
7451957
7452856
7453755
7454655
7455555
7456452
7457352
7458252
7459151
7460048
7460948
7461846
7462744
7463643
7464542
7465442
7466339
7467238
7468137
7469036
7469933
7470833
7471733
7472631
7473529
7474428
7475328
7476226
7477125
7478024
7478922
7479822
7480721
7481621
7482518
7483417
7484317
7485216
7486115
7487014
7487913
7488812
7489712
7490611
7491508
7492406
7493306
7494206
7495106
7496005
7496904
7497804
7498701
7499601
7500498
7501396
7502293
7503191
7504090
7504989
7505889
7506784
7507683
7508583
7509480
7510379
7511279
7512178
7513078
7513977
7514876
7515775
7516675
7517574
7518474
7519374
7520274
7521171
7522071
7522968
7523867
7524766
7525666
7526566
7527465
7528365
7529264
7530161
7531061
7531959
7532856
7533755
7534655
7535553
7536451
7537350
7538246
7539146
7540046
7540945
7541845
7542745
7543644
7544543
7545442
7546340
7547240
7548138
7549035
7549934
7550832
7551731
7552629
7553529
7554429
7555327
7556227
7557127
7558025
7558923
7559822
7560722
7561622
7562520
7563418
7564317
7565215
7566114
7567012
7567912
7568811
7569711
7570611
7571510
7572409
7573309
7574208
7575108
7576005
7576905
7577804
7578702
7579600
7580499
7581398
7582296
7583195
7584095
7584991
7585891
7586790
7587689
7588588
7589488
7590387
7591287
7592187
7593086
7593985
7594884
7595784
7596684
7597584
7598484
7599384
7600282
7601181
7602081
7602981
7603881
7604781
7605680
7606580
7607479
7608377
7609275
7610174
7611073
7611973
7612873
7613773
7614672
7615572
7616472
7617372
7618271
7619171
7620070
7620966
7621862
7622761
7623660
7624560
7625459
7626357
7627257
7628155
7629054
7629951
7630851
7631751
7632648
7633547
7634447
7635346
7636245
7637144
7638044
7638944
7639844
7640744
7641643
7642541
7643441
7644339
7645238
7646138
7647037
7647933
7648833
7649733
7650631
7651530
7652429
7653328
7654225
7655125
7656022
7656922
7657821
7658719
7659617
7660513
7661410
7662309
7663209
7664109
7665007
7665906
7666804
7667703
7668602
7669501
7670400
7671299
7672199
7673098
7673998
7674898
7675798
7676695
7677595
7678494
7679394
7680293
7681192
7682091
7682989
7683888
7684787
7685686
7686583
7687483
7688382
7689281
7690181
7691081
7691980
7692878
7693778
7694677
7695577
7696475
7697375
7698274
7699171
7700071
7700970
7701864
7702763
7703662
7704560
7705459
7706356
7707254
7708153
7709052
7709951
7710850
7711749
7712648
7713548
7714445
7715343
7716242
7717140
7718039
7718938
7719837
7720737
7721637
7722533
7723433
7724332
7725231
7726131
7727028
7727928
7728827
7729726
7730626
7731525
7732422
7733319
7734218
7735117
7736015
7736911
7737811
7738710
7739610
7740506
7741402
7742300
7743200
7744099
7744999
7745897
7746796
7747695
7748594
7749492
7750391
7751291
7752185
7753084
7753984
7754883
7755783
7756681
7757581
7758480
7759380
7760280
7761179
7762079
7762979
7763879
7764779
7765677
7766575
7767474
7768374
7769272
7770170
7771070
7771969
7772868
7773767
7774667
7775565
7776465
7777365
7778265
7779164
7780063
7780961
7781860
7782759
7783658
7784555
7785454
7786353
7787251
7788150
7789050
7789948
7790847
7791746
7792645
7793542
7794442
7795340
7796238
7797135
7798033
7798930
7799826
7800724
7801623
7802523
7803423
7804323
7805222
7806119
7807017
7807915
7808815
7809713
7810613
7811513
7812412
7813312
7814212
7815111
7816011
7816910
7817810
7818708
7819604
7820503
7821401
7822299
7823197
7824095
7824995
7825892
7826792
7827689
7828587
7829487
7830383
7831281
7832179
7833078
7833978
7834878
7835777
7836675
7837574
7838474
7839373
7840272
7841172
7842071
7842969
7843867
7844764
7845663
7846561
7847460
7848359
7849259
7850157
7851057
7851956
7852855
7853752
7854652
7855551
7856451
7857349
7858249
7859147
7860046
7860946
7861844
7862742
7863642
7864540
7865440
7866340
7867238
7868137
7869036
7869936
7870836
7871736
7872635
7873534
7874433
7875333
7876232
7877132
7878032
7878931
7879831
7880730
7881629
7882529
7883428
7884328
7885227
7886127
7887024
7887924
7888823
7889723
7890621
7891519
7892417
7893315
7894214
7895114
7896013
7896913
7897812
7898710
7899609
7900508
7901407
7902306
7903204
7904102
7905000
7905898
7906798
7907697
7908596
7909495
7910393
7911292
7912191
7913089
7913989
7914889
7915789
7916688
7917585
7918485
7919381
7920279
7921179
7922079
7922976
7923876
7924774
7925673
7926573
7927472
7928372
7929271
7930169
7931069
7931967
7932867
7933764
7934664
7935564
7936463
7937362
7938261
7939159
7940058
7940958
7941857
7942754
7943652
7944552
7945452
7946351
7947250
7948150
7949050
7949949
7950849
7951749
7952647
7953545
7954445
7955345
7956244
7957143
7958041
7958937
7959835
7960733
7961633
7962533
7963432
7964331
7965230
7966127
7967027
7967927
7968826
7969726
7970625
7971524
7972423
7973321
7974218
7975117
7976017
7976915
7977814
7978713
7979612
7980511
7981411
7982309
7983206
7984104
7985003
7985903
7986801
7987699
7988598
7989498
7990398
7991297
7992195
7993095
7993995
7994894
7995792
7996691
7997589
7998488
7999386
8000286
8001186
8002085
8002984
8003883
8004783
8005680
8006579
8007477
8008377
8009276
8010172
8011071
8011970
8012868
8013768
8014667
8015567
8016466
8017365
8018265
8019164
8020064
8020964
8021860
8022760
8023659
8024554
8025453
8026352
8027251
8028149
8029048
8029947
8030844
8031744
8032641
8033541
8034440
8035338
8036238
8037136
8038036
8038935
8039832
8040732
8041631
8042531
8043431
8044330
8045227
8046125
8047023
8047922
8048820
8049719
8050618
8051517
8052416
8053313
8054213
8055112
8056010
8056909
8057807
8058706
8059606
8060505
8061401
8062300
8063199
8064099
8064999
8065899
8066799
8067698
8068598
8069498
8070397
8071297
8072197
8073096
8073992
8074890
8075789
8076688
8077587
8078484
8079381
8080281
8081181
8082079
8082978
8083876
8084775
8085674
8086570
8087469
8088368
8089268
8090167
8091065
8091964
8092863
8093761
8094659
8095557
8096455
8097354
8098252
8099151
8100049
8100947
8101845
8102745
8103645
8104545
8105444
8106341
8107240
8108138
8109038
8109935
8110835
8111735
8112633
8113532
8114431
8115328
8116227
8117124
8118022
8118920
8119819
8120716
8121616
8122516
8123412
8124311
8125210
8126110
8127010
8127910
8128809
8129704
8130597
8131496
8132396
8133296
8134196
8135096
8135993
8136892
8137789
8138688
8139588
8140486
8141383
8142283
8143182
8144081
8144979
8145878
8146778
8147678
8148577
8149476
8150376
8151274
8152173
8153072
8153970
8154866
8155766
8156663
8157560
8158459
8159358
8160256
8161153
8162051
8162951
8163850
8164750
8165649
8166549
8167446
8168345
8169245
8170145
8171045
8171942
8172840
8173740
8174639
8175539
8176439
8177336
8178234
8179134
8180033
8180930
8181828
8182728
8183626
8184526
8185425
8186323
8187220
8188120
8189020
8189918
8190816
8191714
8192613
8193511
8194409
8195308
8196208
8197105
8198005
8198905
8199803
8200701
8201601
8202500
8203398
8204297
8205195
8206094
8206994
8207894
8208794
8209694
8210592
8211487
8212385
8213285
8214184
8215082
8215982
8216880
8217779
8218679
8219579
8220479
8221378
8222276
8223175
8224073
8224971
8225871
8226771
8227669
8228569
8229469
8230369
8231269
8232168
8233067
8233965
8234865
8235764
8236662
8237562
8238460
8239359
8240258
8241157
8242057
8242956
8243856
8244754
8245654
8246551
8247450
8248349
8249247
8250147
8251046
8251944
8252841
8253740
8254640
8255538
8256437
8257335
8258235
8259135
8260033
8260930
8261829
8262729
8263627
8264527
8265426
8266325
8267222
8268121
8269021
8269920
8270819
8271718
8272617
8273514
8274413
8275312
8276210
8277109
8278006
8278903
8279803
8280702
8281602
8282502
8283401
8284301
8285195
8286093
8286993
8287890
8288788
8289687
8290586
8291485
8292382
8293282
8294181
8295081
8295979
8296877
8297777
8298677
8299576
8300475
8301374
8302273
8303170
8304070
8304970
8305868
8306767
8307664
8308563
8309459
8310358
8311258
8312158
8313055
8313953
8314847
8315746
8316643
8317543
8318443
8319342
8320242
8321141
8322040
8322939
8323837
8324736
8325636
8326536
8327433
8328333
8329232
8330132
8331029
8331927
8332826
8333725
8334623
8335522
8336422
8337322
8338221
8339119
8340016
8340914
8341812
8342712
8343611
8344511
8345410
8346310
8347209
8348108
8349008
8349907
8350806
8351706
8352606
8353504
8354400
8355298
8356197
8357095
8357991
8358890
8359789
8360689
8361588
8362486
8363384
8364282
8365180
8366079
8366978
8367878
8368777
8369676
8370576
8371475
8372374
8373271
8374170
8375070
8375970
8376869
8377769
8378668
8379567
8380466
8381366
8382266
8383165
8384065
8384964
8385862
8386760
8387659
8388557
8389457
8390356
8391255
8392154
8393054
8393952
8394851
8395751
8396649
8397548
8398447
8399347
8400247
8401145
8402042
8402940
8403839
8404738
8405638
8406537
8407436
8408334
8409234
8410134
8411032
8411930
8412830
8413728
8414624
8415523
8416423
8417320
8418219
8419118
8420018
8420916
8421816
8422710
8423610
8424509
8425409
8426308
8427205
8428104
8429003
8429902
8430802
8431702
8432600
8433495
8434395
8435295
8436194
8437093
8437992
8438890
8439789
8440689
8441589
8442487
8443384
8444284
8445183
8446083
8446981
8447881
8448780
8449678
8450575
8451475
8452373
8453273
8454172
8455069
8455969
8456867
8457766
8458666
8459563
8460463
8461359
8462256
8463155
8464055
8464952
8465852
8466751
8467649
8468547
8469446
8470345
8471245
8472144
8473044
8473943
8474841
8475740
8476638
8477538
8478438
8479338
8480238
8481137
8482037
8482935
8483835
8484735
8485633
8486532
8487432
8488332
8489229
8490126
8491023
8491922
8492821
8493720
8494620
8495519
8496418
8497317
8498217
8499116
8500014
8500913
8501810
8502710
8503609
8504509
8505408
8506307
8507207
8508107
8509005
8509905
8510803
8511702
8512602
8513502
8514398
8515296
8516194
8517094
8517993
8518892
8519791
8520691
8521590
8522490
8523388
8524285
8525179
8526078
8526975
8527873
8528770
8529669
8530569
8531469
8532366
8533264
8534163
8535063
8535962
8536861
8537759
8538657
8539553
8540448
8541348
8542246
8543142
8544040
8544935
8545835
8546733
8547632
8548532
8549431
8550328
8551225
8552121
8553019
8553917
8554817
8555717
8556617
8557516
8558416
8559316
8560215
8561115
8562012
8562911
8563810
8564710
8565610
8566507
8567407
8568306
8569205
8570103
8571003
8571902
8572799
8573698
8574598
8575497
8576397
8577296
8578195
8579095
8579994
8580894
8581793
8582692
8583590
8584490
8585388
8586284
8587182
8588082
8588982
8589880
8590775
8591674
8592573
8593470
8594368
8595268
8596166
8597066
8597966
8598866
8599766
8600666
8601563
8602461
8603357
8604257
8605156
8606056
8606956
8607856
8608756
8609652
8610552
8611449
8612348
8613247
8614146
8615045
8615944
8616843
8617741
8618641
8619539
8620436
8621334
8622232
8623130
8624030
8624930
8625829
8626728
8627627
8628527
8629424
8630324
8631223
8632122
8633022
8633921
8634820
8635720
8636620
8637519
8638414
8639314
8640214
8641113
8642009
8642907
8643804
8644701
8645598
8646498
8647397
8648296
8649193
8650092
8650992
8651890
8652790
8653690
8654588
8655486
8656385
8657284
8658184
8659082
8659982
8660881
8661779
8662675
8663573
8664472
8665371
8666270
8667169
8668068
8668968
8669868
8670767
8671666
8672565
8673465
8674365
8675264
8676163
8677061
8677959
8678859
8679758
8680656
8681556
8682455
8683355
8684253
8685153
8686051
8686949
8687849
8688749
8689647
8690547
8691446
8692345
8693243
8694142
8695041
8695933
8696833
8697730
8698627
8699525
8700422
8701319
8702217
8703114
8704014
8704912
8705812
8706712
8707611
8708507
8709407
8710306
8711205
8712104
8713003
8713903
8714803
8715703
8716601
8717500
8718398
8719298
8720197
8721095
8721994
8722893
8723793
8724692
8725592
8726492
8727391
8728289
8729189
8730089
8730988
8731885
8732785
8733685
8734583
8735483
8736381
8737281
8738180
8739077
8739977
8740876
8741776
8742676
8743574
8744474
8745373
8746273
8747173
8748071
8748971
8749869
8750768
8751667
8752565
8753464
8754363
8755263
8756161
8757061
8757960
8758860
8759760
8760659
8761558
8762458
8763358
8764258
8765157
8766056
8766955
8767855
8768754
8769651
8770550
8771450
8772350
8773247
8774147
8775046
8775946
8776845
8777741
8778641
8779539
8780439
8781335
8782235
8783134
8784034
8784932
8785832
8786731
8787631
8788531
8789430
8790330
8791230
8792130
8793027
8793927
8794824
8795724
8796624
8797524
8798422
8799321
8800221
8801121
8802020
8802918
8803816
8804715
8805611
8806509
8807409
8808309
8809209
8810105
8811005
8811902
8812802
8813702
8814599
8815498
8816397
8817296
8818192
8819090
8819988
8820886
8821783
8822680
8823580
8824479
8825377
8826276
8827175
8828074
8828974
8829873
8830772
8831668
8832565
8833464
8834363
8835260
8836160
8837058
8837957
8838856
8839754
8840653
8841553
8842452
8843346
8844246
8845143
8846042
8846941
8847840
8848740
8849640
8850540
8851435
8852333
8853231
8854129
8855027
8855926
8856823
8857723
8858623
8859519
8860418
8861315
8862214
8863114
8864014
8864913
8865811
8866710
8867610
8868510
8869407
8870307
8871205
8872103
8873002
8873901
8874801
8875696
8876595
8877492
8878392
8879291
8880187
8881084
8881983
8882883
8883778
8884678
8885577
8886477
8887376
8888276
8889174
8890074
8890973
8891872
8892770
8893669
8894568
8895465
8896365
8897264
8898160
8899060
8899958
8900858
8901755
8902652
8903551
8904450
8905349
8906246
8907145
8908045
8908944
8909844
8910743
8911640
8912540
8913440
8914340
8915240
8916140
8917040
8917939
8918838
8919737
8920634
8921531
8922430
8923328
8924225
8925124
8926024
8926922
8927822
8928722
8929620
8930516
8931416
8932316
8933215
8934115
8935015
8935912
8936812
8937710
8938606
8939506
8940405
8941304
8942203
8943103
8944003
8944901
8945800
8946700
8947597
8948497
8949396
8950292
8951191
8952091
8952990
8953890
8954788
8955687
8956587
8957486
8958384
8959283
8960181
8961080
8961980
8962878
8963774
8964674
8965574
8966469
8967369
8968267
8969165
8970064
8970963
8971863
8972763
8973661
8974560
8975457
8976355
8977254
8978154
8979053
8979952
8980850
8981750
8982649
8983549
8984448
8985348
8986246
8987143
8988043
8988942
8989840
8990740