450.9723
404.7138
357.2006
332.817
310.8817
300.2714
286.1149
280.2088
270.4986
266.7462
260.3921
256.3288
248.789
241.839
237.825
234.3981
226.0411
221.3586
216.6838
213.4933
209.2426
208.2939
205.9132
204.3398
202.3663
200.8971
199.5057
196.8043
194.4373
193.9446
192.2392
191.5216
190.7595
189.0903
187.4021
185.7365
184.9421
183.9276
183.1599
182.3851
181.041
179.4094
178.3046
177.2274
176.5701
174.1566
174.7674
173.9057
173.4781
171.6313
170.012
168.9019
169.6277
168.8493
168.2738
167.8673
166.2563
165.292
166.1328
165.3023
164.2979
163.5457
162.8472
161.7681
161.5845
160.9804
159.9879
160.5329
159.8668
159.4046
158.3644
157.9411
157.3379
156.6493
155.5906
154.6418
154.732
154.2945
153.4022
152.85
153.1024
152.2701
152.0267
151.5496
151.4848
151.1404
150.4984
149.7779
149.3391
148.9335
148.4276
147.6867
147.1272
146.866
146.5233
145.9585
145.1741
144.6476
144.4524
144.3871
143.9173
143.8457
143.8827
143.4841
143.0677
142.836
142.6867
142.0782
141.5662
141.2724
140.712
140.408
140.164
139.8717
139.468
138.1625
137.9577
137.8142
137.5393
137.5145
137.5324
137.2519
136.9317
136.6053
136.0896
135.7894
135.3583
135.2472
135.3534
134.6788
134.4104
134.0003
133.4095
133.2574
132.7501
132.8604
132.5295
132.1017
132.1003
131.9418
131.6078
131.1643
131.0255
130.5787
130.3759
130.1742
130.0087
129.7943
129.5368
129.2928
129.1044
128.7905
128.4949
128.2663
128.0171
127.8774
127.7863
127.411
127.3349
127.1986
127.0094
127.0917
126.7508
126.8279
126.7367
126.7202
126.4622
125.8757
125.6225
125.3864
125.2533
125.0465
125.0088
124.999
124.798
124.5067
124.2288
124.0237
123.9177
123.6541
123.3409
123.2167
123.0281
122.8178
122.733
122.6027
122.5353
122.2264
122.0322
121.995
121.7112
121.4382
121.5841
121.3185
121.0349
120.982
121.0873
120.9343
120.9229
120.7251
120.692
120.7186
120.5345
120.3774
120.5305
120.4141
120.177
120.1986
120.1544
119.9324
119.6933
119.6024
119.4179
119.3697
119.3922
119.4506
119.2794
119.1458
119.0543
118.9015
118.8348
118.6858
118.3986
118.2722
118.1623
118.1357
118.1498
117.9299
117.8393
117.5708
117.5639
117.3869
117.08
116.9409
116.6458
116.4417
116.2645
116.206
116.1223
115.8962
115.805
115.6534
115.613
115.5184
115.4707
115.389
115.3183
115.2275
115.1855
115.1121
115.0183
114.9353
114.7851
114.6376
114.3958
114.1904
114.0091
113.9241
113.8244
113.6056
113.504
113.4292
113.4184
113.4515
113.2874
113.2667
113.0369
112.9923
112.9948
112.8452
112.8184
112.7415
112.6662
112.4926
112.4471
112.3461
112.0169
111.9759
111.8639
111.8014
111.5407
111.5959
111.3855
111.1508
111.0916
110.8357
110.7238
110.7737
110.6631
110.6428
110.4006
110.1726
110.1707
109.823
109.6041
109.7616
109.6833
109.3811
109.2436
109.1334
108.8394
108.6929
108.596
108.5257
108.4485
108.2591
108.1466
108.084
108.0923
107.9203
108.0041
108.0774
107.9806
107.96
107.8977
107.8644
107.839
107.7817
107.6195
107.6677
107.658
107.6335
107.4136
107.248
107.1568
107.1235
106.9962
106.7924
106.5339
106.2953
106.0955
106.1116
105.8361
105.7749
105.7225
105.5432
105.2653
105.3422
105.204
105.0759
104.9819
104.8694
104.884
104.8361
104.7426
104.5062
104.4379
104.3773
104.4022
104.361
104.2208
104.1202
104.0012
103.8923
103.8373
103.7324
103.6459
103.5924
103.4923
103.3677
103.2557
103.2032
103.184
103.1115
102.8971
102.6699
102.5513
102.4728
102.4441
102.5163
102.6789
102.7381
102.6666
102.5355
102.6453
102.5979
102.6906
102.6832
102.5888
102.5586
102.4388
102.4836
102.4519
102.263
102.218
102.1476
102.126
102.0408
101.9249
101.9426
101.8268
101.7633
101.6828
101.657
101.7137
101.6843
101.661
101.5861
101.5989
101.4939
101.31
101.2977
101.2061
101.2048
101.2152
101.1812
101.15
101.1317
101.0978
100.9869
100.9032
100.8572
100.7516
100.6672
100.5517
100.4657
100.3595
100.4822
100.419
100.2854
100.2258
100.2017
100.1639
100.1372
100.1229
100.0055
99.88797
99.77856
99.81373
99.75882
99.66088
99.65272
99.5685
99.41165
99.45931
99.2885
99.12988
99.11948
99.10271
99.06292
98.90302
98.69436
98.70757
98.58605
98.54285
98.61057
98.60875
98.50927
98.45517
98.54701
98.56441
98.5123
98.36597
98.32458
98.37402
98.35655
98.22323
98.31973
98.38289
98.41788
98.42569
98.39996
98.34256
98.254
98.16515
98.11598
97.95086
97.93686
97.90777
97.95963
97.90015
97.77882
97.59825
97.54692
97.51711
97.4641
97.46603
97.41099
97.35027
97.33573
97.21822
97.13197
97.07598
97.13228
97.03313
96.9978
96.90878
96.87102
96.85338
96.75042
96.81122
96.70296
96.66332
96.70975
96.76234
96.74734
96.78766
96.75671
96.70914
96.61856
96.57214
96.43329
96.34902
96.30363
96.25064
96.15791
96.02942
95.97068
95.92743
95.91145
95.83321
95.82467
95.74021
95.6944
95.67924
95.62171
95.59702
95.52696
95.46861
95.42645
95.41277
95.33204
95.2571
95.21198
95.21095
95.13126
95.0463
95.02859
95.00529
94.87583
94.85966
94.86891
94.84789
94.78417
94.75161
94.76735
94.78685
94.77873
94.70969
94.67299
94.62663
94.61799
94.58981
94.49506
94.45229
94.42474
94.30582
94.22072
94.16626
94.17705
94.12656
94.08522
94.02169
93.90876
93.88176
93.92719
93.96062
93.97117
93.91164
93.98564
93.95782
93.98463
93.83559
93.65842
93.54987
93.52038
93.40509
93.3385
93.35827
93.29816
93.19257
93.11684
93.08639
92.98503
93.12938
93.11001
93.04957
93.02633
92.95699
92.83078
92.90287
92.90771
92.91233
92.79681
92.72254
92.86169
92.79606
92.79518
92.77486
92.76488
92.65453
92.54423
92.57437
92.50741
92.44019
92.41518
92.35884
92.40025
92.30318
92.34124
92.27851
92.31915
92.31527
92.25902
92.21926
92.21434
92.20954
92.13518
92.06458
91.9869
91.89632
91.92493
91.90004
91.87196
91.69023
91.50562
91.63873
91.7516
91.54211
91.58394
91.50082
91.56251
91.44125
91.41448
91.36731
91.28199
91.30328
91.17741
91.22479
91.13531
91.03699
91.16205
91.07688
91.05349
90.83085
90.79942
90.69684
90.54781
90.64204
90.66243
90.49371
90.53988
90.43317
90.26917
90.22517
90.10832
89.99724
89.91351
90.01877
89.85576
89.81449
89.80072
89.84171
89.80773
89.90921
89.83479
90.01941
89.83758
89.78052
89.60715
89.59293
89.56586
89.49802
89.43265
89.46072
89.50905
89.45765
89.57985
89.45962
89.41483
89.57071
89.59763
89.53958
89.56422
89.51681
89.52547
89.51033
89.38568
89.27354
89.07532
88.99353
88.90817
88.87959
88.87473
88.87962
88.7152
88.64295
88.49833
88.54584
88.58539
88.49795
88.41945
88.23282
88.12215
88.14088
88.113
88.14806
88.01801
88.07182
87.97765
87.92348
87.84834
87.79163
87.79788
87.78713
87.77435
87.74523
87.697
87.64926
87.61401
87.55738
87.51341
87.53304
87.46283
87.42555
87.38783
87.28877
87.14528
87.18315
87.10654
87.03418
86.97738
87.02876
87.03524
87.02134
87.0979
87.00803
87.01576
87.01548
86.97684
86.97188
86.95305
86.88199
86.83121
86.8386
86.86546
86.84325
86.88746
86.87963
86.80662
86.83057
86.86791
86.76933
86.66136
86.65322
86.67126
86.72505
86.68594
86.66345
86.62469
86.512
86.52157
86.36891
86.33965
86.35426
86.38531
86.32911
86.40188
86.35226
86.38519
86.32892
86.26594
86.27934
86.28656
86.22142
86.22449
86.27341
86.12707
86.02595
85.90161
85.87968
85.87434
85.82814
85.93647
85.91918
85.85159
85.88708
85.84902
85.81087
85.70454
85.64652
85.63508
85.60693
85.58519
85.56647
85.52938
85.42492
85.39097
85.27504
85.24557
85.24204
85.31994
85.35535
85.27174
85.16753
85.11995
85.08739
84.99191
85.09169
85.13765
85.06854
85.0746
84.9751
84.94237
84.88471
84.82787
84.80267
84.78645
84.80745
84.80489
84.77981
84.73175
84.70254
84.6637
84.65972
84.6206
84.58833
84.57184
84.57861
84.50591
84.42682
84.37447
84.31057
84.28584
84.21658
84.18297
84.16649
84.15253
84.12895
84.09702
84.06966
84.03427
84.02087
83.95659
83.89709
83.80773
83.81815
83.82005
83.75431
83.78204
83.74612
83.77687
83.75881
83.70975
83.67432
83.64738
83.58572
83.58759
83.53599
83.41477
83.33035
83.33523
83.25916
83.23739
83.23161
83.2896
83.26159
83.20676
83.14982
83.23787
83.23425
83.18552
83.14223
83.1202
83.0891
83.08157
83.07665
83.06979
82.90874
82.86967
82.80581
82.78856
82.81615
82.77554
82.79155
82.81298
82.7774
82.80051
82.73837
82.73309
82.72802
82.71117
82.64872
82.63929
82.60392
82.56041
82.49838
82.42787
82.38046
82.35637
82.37083
82.31605
82.29105
82.25296
82.23773
82.24115
82.17205
82.16585
82.13315
82.1357
82.08367
82.04274
81.9903
81.96547
81.98917
81.95599
81.96962
81.92694
81.99862
82.00081
81.96476
81.9091
81.89145
81.85629
81.80822
81.77753
81.78137
81.75629
81.73766
81.67531
81.6573
81.62468
81.59101
81.54813
81.51347
81.5411
81.50271
81.54515
81.51556
81.45316
81.47568
81.46934
81.43764
81.45106
81.48687
81.42226
81.44399
81.43937
81.44439
81.44538
81.38977
81.39387
81.36632
81.30688
81.3055
81.31297
81.31138
81.29317
81.27914
81.26833
81.25687
81.23685
81.26361
81.18936
81.19681
81.20644
81.22086
81.21127
81.15013
81.12399
81.048
81.1032
81.05071
81.01886
81.05611
80.99404
80.92988
80.9171
80.87557
80.83325
80.86533
80.90553
80.90724
80.81744
80.77917
80.8126
80.72778
80.7876
80.76607
80.73207
80.7373
80.74739
80.6882
80.64687
80.62846
80.57735
80.53029
80.48966
80.44592
80.56237
80.52172
80.49511
80.46993
80.52599
80.4677
80.39273
80.35239
80.33841
80.26208
80.23345
80.15586
80.1113
80.02136
79.99762
80.04682
80.02698
79.98999
79.93083
79.94978
79.95924
79.92706
79.90486
79.88892
79.90209
79.93044
79.86778
79.78741
79.82326
79.84888
79.83946
79.8223
79.87854
79.81592
79.78257
79.77647
79.77797
79.69732
79.703
79.67437
79.71391
79.6906
79.65944
79.61397
79.64414
79.64636
79.6633
79.65088
79.67485
79.63773
79.62257
79.63229
79.59004
79.56462
79.5316
79.47386
79.44009
79.4322
79.42089
79.4161
79.39238
79.37889
79.37315
79.41422
79.44733
79.45326
79.42634
79.43955
79.43912
79.45238
79.44345
79.41948
79.38164
79.29121
79.2899
79.32687
79.29686
79.24116
79.22327
79.20168
79.17289
79.18163
79.14655
79.12678
79.09589
79.06561
79.06738
79.03519
79.08113
79.08549
79.04308
78.95506
78.95848
78.87074
78.83079
78.78831
78.75224
78.7536
78.69485
78.63389
78.59287
78.60462
78.62039
78.57998
78.59605
78.57748
78.57694
78.59744
78.53118
78.47079
78.46684
78.43378
78.38333
78.34595
78.35327
78.34812
78.30854
78.29956
78.29193
78.27456
78.24155
78.18971
78.15601
78.13223
78.118
78.05586
78.11086
78.08259
78.10686
78.12237
78.07928
78.05261
78.06662
78.05412
78.06165
78.04071
78.04615
78.03332
78.02241
78.03038
78.02924
77.98637
77.97412
77.96365
77.94962
77.93629
77.89199
77.84185
77.82819
77.76447
77.68964
77.6869
77.68118
77.63284
77.60313
77.59118
77.60948
77.60882
77.61509
77.59948
77.57394
77.52697
77.47108
77.46595
77.44355
77.39939
77.36813
77.3734
77.33539
77.3313
77.3492
77.36044
77.35818
77.32912
77.31715
77.28455
77.2419
77.18737
77.17297
77.16763
77.19039
77.17995
77.13084
77.12621
77.1217
77.09727
77.09868
77.08121
77.0592
76.96045
76.98162
76.93189
76.91828
76.8914
76.94273
76.93983
76.897
76.84966
76.80579
76.80653
76.7301
76.62494
76.53659
76.43869
76.31226
76.36246
76.31816
76.42469
76.50912
76.54263
76.5355
76.41262
76.4428
76.41984
76.4045
76.36317
76.39996
76.37077
76.33765
76.3906
76.32639
76.27053
76.30021
76.30401
76.29949
76.23447
76.24314
76.02996
76.05833
75.92884
75.94852
75.99615
76.00996
75.91601
75.96388
75.88473
75.82559
75.92197
76.0175
76.01614
76.01592
75.99339
75.96352
75.97212
75.88762
75.94537
75.92537
75.7374
75.73412
75.72328
75.80484
75.9024
75.89397
75.88148
75.91534
75.85267
75.96527
75.89462
75.91594
75.97713
75.92072
75.90125
75.91319
75.88369
75.87749
75.86145
75.86342
75.90469
75.97012
76.03498
75.94447
75.99374
75.95932
75.8962
75.89246
75.77262
75.79002
75.8121
75.76965
75.71287
75.6618
75.68578
75.71072
75.59689
75.62301
75.62564
75.63404
75.71734
75.68073
75.67757
75.59863
75.49718
75.50622
75.54481
75.48221
75.55467
75.50981
75.49371
75.46795
75.49081
75.3849
75.32295
75.37688
75.26231
75.29593
75.2761
75.34933
75.32329
75.25967
75.16215
75.15173
75.13828
75.12244
75.1456
75.07442
75.11963
75.1382
75.16123
75.14333
75.16106
75.15801
75.12403
75.09145
75.06259
75.05054
75.04064
75.01761
74.97308
74.9405
74.90032
74.94541
74.87646
74.85923
74.83728
74.77707
74.75483
74.73894
74.75647
74.70422
74.76323
74.82149
74.84093
74.83972
74.82748
74.76096
74.73427
74.70626
74.68814
74.66055
74.63179
74.60017
74.58987
74.59111
74.55286
74.54753
74.53944
74.52358
74.50015
74.497
74.46783
74.45468
74.43229
74.42062
74.4391
74.43318
74.42347
74.41834
74.43313
74.42201
74.39421
74.36916
74.37523
74.37689
74.35845
74.31905
74.32175
74.32045
74.3268
74.33112
74.33657
74.34995
74.3987
74.34197
74.33546
74.30434
74.26634
74.35162
74.35259
74.34488
74.35958
74.33867
74.29352
74.29465
74.27819
74.23558
74.2119
74.20422
74.18208
74.17588
74.16506
74.12788
74.11712
74.1264
74.11038
74.10268
74.02431
74.04047
74.01508
73.96516
73.99017
73.9734
73.9417
73.93441
73.93632
73.89928
73.88799
73.90807
73.85603
73.81731
73.79822
73.81517
73.78734
73.78481
73.78701
73.78091
73.75061
73.73977
73.73929
73.72668
73.69588
73.70654
73.69548
73.69881
73.66604
73.6525
73.65142
73.64493
73.62218
73.64313
73.65067
73.65439
73.64812
73.63238
73.58823
73.61485
73.60204
73.61162
73.58056
73.55137
73.54544
73.48223
73.44234
73.4524
73.39688
73.30898
73.35698
73.32188
73.30931
73.33651
73.3013
73.35567
73.2484
73.20296
73.25358
73.19695
73.19523
73.12312
73.13911
73.08122
73.24449
73.2493
73.1989
73.16647
73.1416
73.14842
73.0965
73.04642
73.03419
72.86763
72.82774
72.65845
72.72088
72.68354
72.68817
72.62897
72.56223
72.58808
72.614
72.65216
72.59568
72.52226
72.55891
72.50757
72.4591
72.53595
72.51736
72.53077
72.62413
72.65834
72.6336
72.65777
72.65484
72.53844
72.51585
72.49573
72.50902
72.50024
72.458
72.46603
72.37734
72.40189
72.43769
72.34648
72.29487
72.24593
72.15697
72.17458
72.04401
71.99595
71.8661
71.85821
71.84831
71.77386
71.82158
71.97804
72.0318
71.91209
71.84775
71.83681
71.77308
71.81947
71.68269
71.65472
71.61973
71.5686
71.61908
71.62718
71.65753
71.59885
71.80476
71.83729
71.70836
71.71611
71.68909
71.61315
71.52238
71.45577
71.45033
71.45633
71.46689
71.46534
71.42909
71.42262
71.44734
71.44989
71.4725
71.58962
71.51792
71.59617
71.83453
71.83066
71.88094
71.91231
71.85779
71.93992
72.02273
71.9907
71.86182
71.77979
71.64761
71.68774
71.66572
71.5689
71.66602
71.6696
71.55593
71.56882
71.47343
71.46874
71.42603
71.36091
71.38669
71.3842
71.439
71.41877
71.4067
71.39848
71.46871
71.36675
71.42023
71.32156
71.33323
71.28076
71.27327
71.19918
71.18323
71.25075
71.21886
71.20465
71.18198
71.16348
71.10266
71.10617
71.08556
71.07061
71.04842
71.02428
71.01239
70.97182
70.98133
70.95799
70.94773
70.9665
70.95862
70.94804
70.92476
70.91396
70.91728
70.888
70.90504
70.91927
70.89852
70.89786
70.89849
70.8853
70.86638
70.85772
70.85622
70.84799
70.86591
70.88731
70.86205
70.8507
70.84928
70.82991
70.80805
70.79316
70.81078
70.79233
70.78453
70.74345
70.70718
70.73735
70.72125
70.72733
70.71872
70.70454
70.69127
70.68014
70.67365
70.67973
70.68055
70.65926
70.65013
70.62048
70.61642
70.5882
70.56857
70.56229
70.56842
70.54353
70.52416
70.52872
70.54937
70.53288
70.50648
70.5079
70.49719
70.47415
70.44627
70.42622
70.41128
70.41118
70.40127
70.40212
70.3935
70.38145
70.37234
70.36826
70.35284
70.34621
70.32602
70.31762
70.34552
70.30679
70.33256
70.32484
70.27781
70.28799
70.26368
70.22562
70.24008
70.20738
70.19958
70.20111
70.2283
70.20029
70.19943
70.19497
70.17913
70.19331
70.18571
70.16029
70.17616
70.16254
70.15606
70.14963
70.08971
70.05317
70.05557
70.07943
70.06444
70.03212
70.05903
70.02619
70.00089
70.00407
70.00167
69.99541
70.00038
69.98731
69.90218
69.95885
69.94505
69.901
69.89997
69.93519
69.86884
69.86613
69.86549
69.89013
69.81605
69.85207
69.84204
69.8685
69.88509
69.88893
69.8875
69.90243
69.92372
69.91666
69.90151
69.9075
69.94667
69.90746
69.88869
69.87345
69.88591
69.9017
69.91559
69.90639
69.87568
69.8336
69.82941
69.80034
69.78177
69.78663
69.78684
69.77473
69.77654
69.74886
69.72702
69.71774
69.72472
69.72852
69.68784
69.64876
69.63608
69.63873
69.62977
69.6387
69.61829
69.63014
69.62303
69.59573
69.60258
69.56583
69.53668
69.54121
69.52737
69.52834
69.5464
69.52735
69.54502
69.51389
69.47931
69.44782
69.45428
69.43261
69.39591
69.44265
69.42967
69.42257
69.41341
69.40427
69.39551
69.37198
69.39466
69.38015
69.33783
69.31166
69.29703
69.28353
69.32053
69.34894
69.33399
69.34535
69.3692
69.37241
69.39033
69.34771
69.34965
69.35121
69.32011
69.2882
69.24978
69.22362
69.21733
69.22189
69.21719
69.21272
69.20319
69.19271
69.18346
69.19211
69.1783
69.17509
69.18986
69.17989
69.18848
69.17605
69.17866
69.18031
69.16019
69.16771
69.18101
69.17137
69.16641
69.16245
69.13684
69.12032
69.1205
69.10298
69.06315
69.07883
69.07391
69.09115
69.08511
69.06758
69.03739
69.00886
69.01449
69.02398
69.04025
69.03152
68.98894
68.97869
68.94613
68.93993
68.93237
68.95235
68.93701
68.93475
68.93826
68.92076
68.90414
68.87882
68.88893
68.86691
68.87022
68.82769
68.82597
68.84629
68.84589
68.86537
68.86553
68.85764
68.84822
68.80875
68.82137
68.82203
68.81428
68.79607
68.79798
68.78289
68.77731
68.78797
68.78151
68.77706
68.78419
68.75091
68.74892
68.70834
68.69801
68.71543
68.69252
68.69151
68.70433
68.70116
68.70493
68.68912
68.69073
68.69713
68.66055
68.63803
68.64436
68.64385
68.66024
68.66602
68.64014
68.62989
68.62118
68.59884
68.58582
68.59483
68.62179
68.62132
68.58723
68.56094
68.54397
68.57076
68.53862
68.52583
68.46
68.44437
68.42654
68.40592
68.40443
68.41761
68.40719
68.44657
68.45316
68.46677
68.42677
68.43528
68.43528
68.44833
68.42558
68.42864
68.44545
68.41116
68.4361
68.48077
68.45296
68.45391
68.4381
68.42534
68.40556
68.42723
68.43312
68.41055
68.39782
68.36733
68.35589
68.33064
68.30663
68.28114
68.25951
68.27004
68.26305
68.26316
68.25358
68.23021
68.25112
68.24878
68.23903
68.23471
68.22583
68.23586
68.22489
68.22367
68.23206
68.22152
68.23111
68.22032
68.20513
68.17489
68.16592
68.129
68.11587
68.11802
68.13113
68.12381
68.11988
68.09294
68.07815
68.04817
68.0334
68.00945
68.00032
68.01641
67.98725
67.98285
67.95385
67.96563
67.95293
67.9361
67.94372
67.93399
67.9142
67.90581
67.90797
67.913
67.90479
67.86716
67.87502
67.89455
67.86046
67.83591
67.85255
67.81768
67.77531