515.955
507.0736
416.9936
381.6665
346.9731
331.063
318.2923
305.7997
297.6568
291.0253
285.6687
281.4089
278.0481
269.1993
268.7749
268.3757
261.336
253.4592
248.6449
240.234
236.9297
235.3427
231.0147
223.4462
221.1724
218.4756
216.6767
214.9361
214.9361
213.7662
213.3643
212.7732
210.5569
200.3501
200.235
200.235
199.0675
197.7648
195.8613
194.0373
192.3343
190.3472
187.6769
186.6163
186.6163
186.1058
180.1944
179.8459
178.9123
177.2604
175.6461
174.3665
173.4774
172.8414
171.72
171.5041
170.1013
169.5392
169.4654
168.8329
168.8329
168.5936
167.6879
167.6879
166.9012
166.2921
166.0012
165.4458
165.4458
165.3463
164.4455
164.3422
163.8489
163.1832
161.9687
159.777
159.1737
158.9524
158.3697
157.9035
157.3963
157.1988
156.4142
156.1396
155.7314
155.3866
154.4283
154.4283
154.2746
153.6437
152.0242
150.9025
150.4406
150.4406
149.6058
149.6058
147.3227
147.0583
147.0583
146.7618
146.7618
146.7522
146.7522
146.5857
146.3325
146.2841
145.8825
145.3084
145.2897
145.2897
145.1145
145.1145
145.0323
144.7416
144.68
140.8891
140.8069
140.5406
140.2551
139.9341
139.6548
139.5572
139.4212
139.085
138.2083
137.9704
137.9704
137.9704
137.9704
137.1929
136.7276
135.9851
135.1671
134.6872
134.6165
134.4875
134.4369
134.2511
134.2511
134.1026
133.572
132.9295
132.9214
132.3669
131.9408
131.1199
130.7632
130.7632
130.6321
130.4131
130.345
129.8033
129.6241
129.142
129.0452
128.9599
128.9599
128.5118
128.5118
128.5118
128.403
128.362
128.3479
128.0417
128.0016
127.9926
127.9926
127.4269
127.4269
127.3923
126.7998
126.729
126.6784
126.6784
126.5887
126.2532
125.2847
125.2494
125.2494
125.1693
124.655
124.655
124.4086
123.7836
123.7836
123.7836
123.747
123.6919
123.6079
123.0181
122.9641
122.9017
122.9017
122.8614
122.8614
122.5008
122.5008
121.9802
121.9802
121.6838
121.6488
121.6488
121.4632
121.4567
121.4567
121.165
121.1264
121.0681
121.0591
121.004
120.9572
120.6829
120.6829
120.6327
120.6327
120.6327
120.524
120.524
119.9361
119.8809
119.8809
119.8809
119.501
119.0558
119.036
119.036
119.036
118.8332
118.8129
118.5151
118.5151
118.3591
118.3591
118.3303
118.3106
118.3017
117.2633
117.2633
117.2633
117.2627
117.2627
116.9077
116.5804
116.0605
115.9689
115.9689
115.9689
115.9689
115.8299
115.8299
115.6081
115.5396
115.5264
115.3531
115.2628
115.2097
114.6323
114.6145
114.6145
114.4583
114.177
114.177
114.177
114.177
114.0672
114.0672
113.9565
113.9565
113.9565
113.9522
113.8126
113.7028
113.4855
113.4244
113.4244
113.1728
113.0876
113.0836
113.0836
113.0375
112.9529
112.9529
112.9399
112.8883
112.8883
112.8883
112.8883
112.8883
112.6693
112.6693
112.5626
112.5406
112.5249
112.3365
111.7889
111.7889
111.3957
111.2344
110.945
110.7038
110.5448
110.5448
110.4414
110.4414
110.3836
110.3301
109.9739
109.8656
109.7152
109.4264
109.4264
109.4264
109.4119
109.376
109.3365
109.3365
108.9053
108.9053
108.7113
108.7113
108.7113
108.6981
108.6576
108.6247
108.6247
108.2615
108.2395
108.2395
108.2395
107.7913
107.7325
107.7325
107.7325
107.3245
107.2947
107.1602
107.1602
107.0511
107.0511
107.0086
107.0086
106.5943
106.5596
106.4053
106.4053
105.0524
105.0422
105.0393
104.9635
104.9635
104.9635
104.9485
104.8984
104.5578
104.5012
104.4127
104.3655
104.3318
104.2266
104.1868
104.1868
103.981
103.981
103.981
103.8808
103.8808
103.8808
103.8808
103.8808
103.7011
103.6723
103.5922
103.5922
103.5436
103.5436
103.2907
103.2811
103.2811
103.2431
103.2108
103.0818
103.0818
103.0818
103.0774
103.056
102.9759
102.8762
102.8762
102.8762
102.8627
102.3237
102.3237
102.3237
102.2885
102.2786
102.2293
102.2293
102.1835
102.1835
102.0064
101.9747
101.9112
101.9112
101.9112
101.6035
101.5964
101.5964
101.5143
101.5143
101.4973
101.4973
101.4755
101.2639
101.2639
100.9638
100.9571
100.9258
100.9258
100.9258
100.8577
100.7628
100.7353
100.6689
100.6689
100.656
100.656
100.6066
100.6066
100.6066
100.5755
100.5755
100.5755
100.5633
100.5633
100.5633
100.1875
100.1318
100.1261
100.1261
100.1261
100.0502
99.72845
99.52744
99.45371
99.45371
99.45371
99.45371
99.28454
99.24286
99.18005
99.15639
99.15639
99.00624
99.00624
98.9983
98.95718
98.93755
98.93755
98.91293
98.91293
98.91293
98.91293
98.91293
98.88106
98.82095
98.76643
98.76643
98.7224
98.7224
98.7224
98.71843
98.71843
98.30231
98.21619
98.21619
98.14768
98.03842
98.03842
98.03842
98.03842
98.03842
98.02969
97.9793
97.9793
97.82664
97.82664
97.82664
97.82664
97.82664
97.82664
97.82652
97.80679
97.59089
97.55376
97.55376
97.46874
97.42453
97.42393
97.3581
97.3581
97.18841
97.05347
97.03862
97.03862
97.03862
96.79398
96.63087
96.53156
96.50277
96.46122
96.16693
96.08905
96.07944
96.05379
96.05379
96.0465
96.01035
96.01035
96.01035
96.01035
96.01035
96.01035
95.70116
95.70116
95.70116
95.70116
95.5437
95.5437
95.5437
95.38995
95.38995
95.38995
95.38689
95.26333
95.26333
95.26333
95.26333
95.26333
95.25639
95.12894
95.00658
94.97836
94.97408
94.97408
94.96474
94.96474
94.83562
94.83562
94.79665
94.75781
94.74716
94.74716
94.74716
94.64588
94.58911
94.58911
94.58911
94.57726
94.57726
94.57726
94.57726
94.57507
94.57507
94.53628
94.53628
94.25108
94.25108
94.25108
94.1507
94.1507
94.1507
94.11369
94.11369
94.11369
94.11369
94.11369
93.91694
93.89658
93.70415
93.70415
93.70415
93.70415
93.70415
93.7026
93.7026
93.47264
93.47264
93.47264
93.41714
93.41714
93.41714
93.11157
93.01952
93.01952
93.01952
92.92092
92.91143
92.91143
92.90569
92.90569
92.90283
92.90283
92.90283
92.86744
92.77905
92.70206
92.68372
92.68372
92.62962
92.62962
92.62962
92.62962
92.62962
92.62962
92.62962
92.62962
92.62962
92.62962
92.57957
92.45628
92.45628
92.45628
92.45628
92.36977
92.35304
92.35304
92.35304
92.35304
92.33641
92.33641
92.32359
92.32359
92.32359
92.28468
92.22631
92.00259
91.97208
91.90907
91.90907
91.81062
91.81062
91.74189
91.74189
91.7268
91.72417
91.72417
91.60854
91.60854
91.60854
91.60854
91.54328
91.54328
91.54328
91.54328
91.54328
91.53689
91.53689
91.5011
91.42837
91.33775
91.33775
91.22715
91.19028
91.16158
91.13914
91.13914
91.12845
91.12845
91.12845
91.12845
91.12845
91.12845
91.12845
91.09377
91.09377
90.7883
90.78374
90.74262
90.65927
90.65927
89.96251
89.96251
89.96251
89.96251
89.96251
89.96251
89.83498
89.83498
89.83498
89.65456
89.64546
89.64546
89.64546
89.59706
89.52724
89.01859
89.01859
89.01859
89.01859
89.01246
89.01246
89.01246
88.91932
88.22115
88.22115
88.17684
88.13332
88.08805
88.08805
88.08805
88.06576
87.92691
87.85907
87.85907
87.85907
87.85907
87.77608
87.73102
87.73102
87.66055
87.66055
87.66055
87.66055
87.66055
87.66055
87.60318
87.60318
87.55461
87.51854
87.50555
87.50555
87.50555
87.50555
87.47049
87.47049
87.44682
87.31207
87.31207
87.30516
87.30516
87.30516
87.29211
87.26779
87.25407
87.25407
87.25407
87.25407
87.25407
87.25407
87.17859
87.06441
87.03923
86.92828
86.92828
86.78361
86.78361
86.76085
86.76085
86.76085
86.76085
86.76085
86.76085
86.74413
86.7297
86.71905
86.71905
86.67595
86.6483
86.6483
86.62896
86.59896
86.59896
86.59896
86.59896
86.59896
86.59896
86.59896
86.59896
86.59896
86.47544
86.47544
86.47544
86.47544
85.91902
85.91902
85.83671
85.83671
85.83671
85.79729
85.79729
85.79729
85.79729
85.79729
85.79729
85.79729
85.77395
85.77395
85.475
85.475
85.475
85.475
85.475
85.35378
85.35378
85.23213
85.20376
85.20284
85.11329
85.10644
85.10644
85.10644
85.05501
85.00622
84.9856
84.9741
84.9741
84.9741
84.9741
84.9741
84.94184
84.84748
84.84748
84.55827
84.55827
84.55827
84.55379
84.55379
84.55379
84.4527
84.4527
84.4527
84.4527
84.4527
84.30758
84.2242
84.2242
84.2242
84.21446
84.21446
84.14247
84.10826
84.10826
84.10826
83.95782
83.93041
83.93041
83.87118
83.84907
83.84907
83.81796
83.70425
83.68955
83.68613
83.68613
83.63026
83.63026
83.55733
83.55733
83.55733
83.55733
83.55123
83.55123
83.49684
83.43996
83.42595
83.4232
83.4232
83.4232
83.41883
83.32477
83.32477
83.18649
83.18649
83.18649
83.18649
83.18649
83.18649
83.18649
83.11575
83.11575
83.05166
83.04294
83.04294
83.04294
82.97916
82.97131
82.9415
82.9415
82.68381
82.68381
82.67336
82.6469
82.55068
82.5413
82.5413
82.5413
82.5413
82.51846
82.33086
82.33086
82.326
82.326
82.326
82.297
82.297
82.28376
82.28376
82.28376
82.28376
82.28376
82.27593
82.25483
82.23025
82.22963
82.22963
82.07207
82.07207
82.07207
82.07207
82.01311
81.96864
81.74871
81.74871
81.71877
81.71877
81.71877
81.71288
81.71288
81.71288
81.71288
81.71288
81.71288
81.71288
81.71288
81.7094
81.7094
81.7094
81.7094
81.7094
81.7094
81.7094
81.7094
81.7094
81.7094
81.6688
81.6688
81.61597
81.56989
81.55923
81.55142
81.55142
81.53621
81.53621
81.53621
81.53621
81.49683
81.49683
81.49683
81.49683
81.40471
81.40471
81.3951
81.3951
81.3951
81.3951
81.3951
81.3001
81.29677
81.2488
81.24837
81.24837
81.24837
81.24837
81.20952
81.20952
81.20952
81.172
81.172
81.172
81.08174
81.08174
81.08174
80.95813
80.95813
80.9203
80.9203
80.9203
80.86297
80.86297
80.86297
80.86297
80.86297
80.86297
80.86297
80.84253
80.84253
80.74793
80.74793
80.74793
80.74793
80.74793
80.74793
80.59397
80.59397
80.59397
80.59397
80.59397
80.42829
80.23965
80.23965
80.23026
80.23026
80.23026
80.23026
80.23026
80.23026
80.23026
80.16402
80.16402
80.16402
80.16402
80.16402
80.16402
80.15592
80.14483
80.14483
80.10312
80.10312
80.10312
80.10312
80.07162
80.07162
80.07162
80.02434
80.02434
80.00085
80.00085
80.00085
80.00085
79.97433
79.97433
79.87296
79.87296
79.87296
79.86609
79.68149
79.68149
79.68149
79.68149
79.68149
79.68149
79.68149
79.68149
79.68149
79.68149
79.68149
79.68149
79.68149
79.68149
79.68149
79.68149
79.68149
79.68149
79.68149
79.68149
79.68149
79.67354
79.67354
79.67354
79.67354
79.67354
79.67354
79.54241
79.54241
79.54241
79.54241
79.54241
79.54241
79.52654
79.50136
79.47763
79.47763
79.47763
79.10234
79.0783
78.86595
78.86595
78.86595
78.86332
78.85837
78.85837
78.85837
78.85837
78.85837
78.85837
78.78673
78.78673
78.78673
78.78673
78.78673
78.69907
78.64202
78.64202
78.64202
78.6319
78.53525
78.53525
78.53525
78.53525
78.53525
78.53525
78.53525
78.53525
78.53525
78.51841
78.51841
78.51841
78.50094
78.50094
78.50094
78.32243
78.19991
78.19991
78.19534
78.16641
78.16641
78.1611
78.1611
78.1611
78.1611
78.15414
78.15414
78.15414
78.15414
78.15414
78.15414
78.15414
78.15414
78.01511
78.00643
78.00643
78.00643
78.00643
78.00643
78.00643
78.00643
78.00453
78.00453
78.00453
78.00453
78.00453
78.00453
78.00453
78.00453
77.65889
77.65083
77.64341
77.64341
77.64209
77.64209
77.64209
77.64209
77.64209
77.64209
77.64209
77.36701
77.36701
77.36701
77.36701
77.36701
77.36701
77.33405
77.30875
77.30875
77.30875
77.30875
77.30875
77.30875
77.30875
77.30875
77.30875
77.30875
77.28761
77.28761
77.28761
77.2263
77.14485
77.14485
77.14485
77.14485
77.0323
77.00552
77.00552
76.85521
76.85521
76.81074
76.81074
76.81074
76.81074
76.81074
76.81074
76.81074
76.81074
76.81074
76.81074
76.81074
76.81074
76.81074
76.81074
76.81074
76.78136
76.78136
76.64835
76.64835
76.64835
76.64835
76.64409
76.63957
76.63957
76.63362
76.63362
76.62885
76.62494
76.62494
76.62494
76.55622
76.55262
76.51044
76.50419
76.4604
76.4604
76.4604
76.4604
76.42664
76.42664
76.42664
76.42664
76.42664
76.42664
76.42664
76.42664
76.42664
76.42664
76.42664
76.42664
76.42664
76.42664
76.42664
76.42664
76.42664
76.42664
76.42664
76.32677
76.32677
76.32677
76.32677
76.32677
76.32677
76.32677
76.32677
76.32677
76.27321
76.25683
76.25683
76.25683
76.25683
76.25683
76.25683
76.25683
76.23733
76.23733
76.22919
76.2085
76.19063
76.19063
76.19063
76.19063
76.19063
76.19063
76.19063
76.19063
76.19063
76.19063
76.19063
76.19063
76.19063
76.19063
76.19063
76.09133
76.06917
76.06917
76.06917
75.90219
75.8756
75.8756
75.8756
75.8756
75.8756
75.8756
75.41953
75.41953
75.41953
75.41953
75.41953
75.40737
75.40562
75.40562
75.40562
75.40154
75.40154
75.40154
75.40154
75.40154
75.40154
75.40154
75.40154
75.40154
75.40154
75.40154
75.40154
75.40154
75.40154
75.40154
75.40154
75.03685
75.03685
75.03685
75.03685
75.03685
75.03685
75.03685
75.0181
75.0181
75.0181
75.0181
75.00711
74.83902
74.83902
74.83902
74.83157
74.82167
74.82167
74.82167
74.82167
74.82167
74.82167
74.58562
74.58562
74.58562
74.58562
74.58562
74.55109
74.55109
74.55109
74.55109
74.55109
74.55109
74.55109
74.55109
74.55109
74.53956
74.53956
74.53956
74.53956
74.53956
74.53956
74.53956
74.53115
74.52988
74.52988
74.52262
74.52171
74.5185
74.5185
74.5185
74.5185
74.5185
74.5185
74.5185
74.5185
74.5185
74.5185
74.51553
74.44537
74.40242
74.40242
74.37043
74.37043
74.37043
74.37043
74.30016
74.30016
74.28316
74.28316
74.28316
74.28316
74.28316
74.26923
74.25061
74.25061
74.20075
74.20075
74.20075
74.11691
74.11691
74.08717
74.08717
74.08717
74.08717
74.08717
74.07906
73.98792
73.98792
73.98792
73.98792
73.98792
73.92169
73.92169
73.88563
73.88563
73.88563
73.88563
73.88563
73.88563
73.86734
73.85333
73.73751
73.73751
73.73751
73.73751
73.73751
73.7346
73.7346
73.7346
73.7346
73.7346
73.71907
73.71907
73.71907
73.71907
73.68295
73.66552
73.66552
73.65807
73.65807
73.6489
73.64115
73.64115
73.64115
73.64115
73.64115
73.64115
73.64115
73.64115
73.6403
73.62103
73.62103
73.62103
73.62103
73.62103
73.57675
73.57675
73.57675
73.51195
73.51195
73.51195
73.42188
73.40485
73.40485
73.38731
73.38731
73.37376
73.37376
73.37376
73.11815
73.11815
73.04588
73.04588
72.92577
72.92577
72.90963
72.90963
72.90963
72.90963
72.90963
72.90963
72.90963
72.90963
72.90963
72.90963
72.90963
72.90963
72.90963
72.90963
72.90962
72.90962
72.90962
72.90962
72.76451
72.76451
72.76451
72.76451
72.76424
72.76424
72.75893
72.75893
72.75893
72.75893
72.73293
72.70374
72.66657
72.66657
72.66657
72.66657
72.66657
72.66657
72.66657
72.66657
72.66657
72.66657
72.66657
72.65771
72.65771
72.61825
72.61825
72.61825
72.61825
72.61825
72.61825
72.61825
72.61825
72.61825
72.61825
72.60649
72.60649
72.54852
72.54852
72.49018
72.39139
72.39139
72.39139
72.39139
72.39139
72.37949
72.37949
72.37949
72.37949
72.37949
72.37949
72.37949
72.37949
72.37949
72.37949
72.34693
72.34693
72.34693
72.34693
72.34693
72.34693
72.34168
72.34168
72.34168
72.30918
72.30918
72.30918
72.26886
72.237
72.237
72.18599
72.18599
72.18599
72.18599
72.18599
72.18599
72.18599
72.18599
72.18599
72.18599
72.18599
72.14725
72.14725
72.14725
72.14725
72.14725
72.14613
72.14613
72.14613
72.14613
72.14613
71.73338
71.72311
71.72311
71.21162
71.21162
71.20447
71.20447
71.20447
71.18774
71.18774
71.17171
71.16182
71.16182
71.16182
71.16182
71.09504
71.09504
71.09504
71.09504
71.09504
71.08743
71.08743
71.08743
71.065
71.065
71.065
71.06466
71.06466
71.06466
71.06466
71.06466
70.91781
70.91781
70.91781
70.91781
70.91781
70.91781
70.91781
70.91781
70.91781
70.91781
70.91781
70.91781
70.91781
70.91781
70.91781
70.91781
70.91781
70.89002
70.82304
70.82304
70.82304
70.82304
70.82304
70.79149
70.77026
70.77026
70.76569
70.76569
70.76569
70.74088
70.74088
70.74088
70.74088
70.74088
70.67388
70.67388
70.67388
70.67388
70.67388
70.67388
70.67388
70.67388
70.6541
70.52689
70.52689
70.52689
70.52039
70.52039
70.52039
70.52039
70.46535
70.46535
70.46535
70.45872
70.45872
70.45872
70.45872
70.45872
70.45872
70.39539
70.39539
70.39539
70.39539
70.38377
70.38377
70.37886
70.37886
70.37886
70.37886
70.37886
70.29488
70.26102
70.26102
70.26102
70.26102
70.26102
70.26102
70.26102
70.26102
70.26102
70.26102
70.25665
70.25665
70.25665
70.25665
70.25665
70.25665
70.25665
70.20568
70.18536
70.18536
70.18536
70.16846
70.16846
70.16846
70.14693
70.14693
70.14693
70.14693
70.14693
70.14693
70.14693
70.14693
70.14693
70.14693
70.14693
70.14693
70.14693
70.14693
70.14693
70.14693
70.14693
70.14693
70.14693
70.14693
70.14693
70.02777
70.02777
70.02573
70.02573
70.02573
70.02506
70.02506
70.02506
70.02506
70.02506
70.02506
70.02506
70.02506
70.02506
70.02506
70.02506
70.02506
70.02506
70.02506
69.95519
69.80487
69.76662
69.73693
69.73693
69.73693
69.73693
69.73693
69.73693
69.73693
69.71603
69.70818
69.70818
69.70818
69.70818
69.70818
69.70818
69.70818
69.70818
69.70818
69.70818
69.70818
69.70818
69.54039
69.54039
69.53721
69.52601
69.52601
69.52601
69.52601
69.52299
69.49741
69.49741
69.49448
69.49448
69.49448
69.49448
69.49448
69.49448
69.49448
69.49448
69.49448
69.49448
69.49448
69.49448
69.49448
69.49448
69.49448
69.49448
69.45702
69.45702
69.45362
69.439
69.439
69.439
69.439
69.3123
69.3123
69.3123
69.3123
69.3123
69.3123
69.3123
69.3123
69.3123
69.29321
69.29321
69.29321
69.29321
69.29321
69.29321
69.27344
69.27344
69.27344
69.27344
69.22823
69.22823
69.22823
69.22823
69.22823
69.22823
69.22823
69.20891
69.16704
69.16704
69.16016
69.16016
69.16016
69.16016
69.16016
69.16016
69.16016
69.16016
69.16016
69.16016
69.16016
69.16016
69.16016
69.16016
69.1064
69.1064
69.1064
69.1064
69.03316
69.03316
69.03316
69.03316
69.03316
69.03316
69.03316
69.03316
69.03316
69.01583
69.01583
69.01583
68.92207
68.92207
68.92207
68.92207
68.92207
68.92207
68.92207
68.92207
68.92207
68.92207
68.8541
68.8541
68.8541
68.8541
68.8541
68.8541
68.8541
68.8541
68.8541
68.8541
68.8541
68.8541
68.8541
68.8541
68.8541
68.8541
68.84719
68.84719
68.84719
68.84719
68.80684
68.80684
68.77821
68.77821
68.77194
68.77194
68.70138
68.69765
68.69765
68.68607
68.68607
68.68607
68.68607
68.67263
68.67263
68.67263
68.67263
68.67263
68.66261
68.66261
68.66261
68.66261
68.66261
68.66261
68.66261
68.66261
68.65466
68.62024
68.62024
68.62024
68.62024
68.62024
68.62024
68.62024
68.62024
68.62024
68.62024
68.62024
68.62024
68.62024
68.62024
68.62024
68.62024
68.62024
68.57195
68.57195
68.48416
68.48416
68.45737
68.45737
68.45737
68.45737
68.44023
68.43761
68.38976
68.38976
68.32955
68.32955
68.32955
68.32955
68.32955
68.32955
68.32955
68.31311
68.30731
68.30731
68.28082
68.27378
68.27358
68.27358
68.27358
68.27358
68.27358
68.27358
68.27358
68.22305
68.21997
68.21997
68.21997
68.21997
68.17645
68.17645
68.17645
68.17645
68.17645
68.06603
68.06603
68.06289
68.06289
68.06289
68.06289
68.06289
68.06289
68.06289
68.06289
68.06289
68.06289
68.06289
68.06289
68.06289
68.0458